nep4 4 Li La Zr O 
cutoff 6 4 95 30
n_max 4 4
basis_size 8 8
l_max 4 2 0
ANN 30 0
 -1.7800720e-02
 -1.3340683e-01
  2.6362482e-01
  9.1292942e-04
 -4.3124985e-03
 -4.1972438e-04
  7.9602571e-03
  4.0990338e-02
  1.9633764e-02
  5.0834613e-03
 -2.2393260e-03
 -1.5016412e-02
  1.3709153e-02
  3.8673639e-02
  7.2163075e-02
 -1.5706911e-03
 -3.0111970e-02
  5.7780456e-02
  1.0117489e-01
  5.1425505e-02
  7.8888880e-03
 -4.2025810e-03
 -5.9627453e-03
 -4.0007243e-03
  1.9345179e-02
  6.1284439e-03
 -5.0472338e-03
  1.0870631e+00
  3.2768105e-03
  3.3440101e-03
  4.5593129e-03
  6.0117465e-01
  1.3073304e-03
 -1.1440633e-02
 -1.0716254e-03
  1.0352420e-02
 -3.1663021e-03
 -5.8177421e-03
 -1.1350255e-02
 -2.2466648e-03
  2.2496446e-03
  3.0378168e-03
  1.2631919e-03
 -5.4918841e-04
 -5.4230419e-04
  1.1164299e-03
 -3.7009856e-03
 -1.6079082e-03
 -7.8372080e-03
  1.1077338e-01
 -1.0959699e-03
  6.8178796e-03
  2.6948045e-03
  1.7692631e-03
 -6.9424545e-04
 -3.1161116e-04
  4.1891048e-03
  6.0785767e-02
  2.2900435e-03
 -4.4097211e-03
  3.8717336e-03
  3.7381775e-03
  4.0907815e-01
 -2.8780354e-03
  1.3586399e-03
  2.1777228e-03
 -8.5886633e-03
  3.2405122e-04
  9.8590914e-05
 -1.5506003e+00
  1.0642590e-03
  4.6587843e-03
  3.7912752e-03
 -3.2661725e-03
  2.3221539e-03
 -2.4886199e-04
  4.7964061e-04
  3.5825700e-03
 -1.0662798e-03
  2.7640206e-03
  1.1834644e-04
 -2.8686516e-03
 -8.7275141e-04
 -2.7216339e-04
 -6.2543969e-03
  1.5287591e-02
 -3.7747601e-03
  2.7883735e-03
 -1.0570435e-02
  6.2752315e-03
  6.3509587e-04
 -2.0230960e-03
 -2.0962595e-03
 -1.1952626e-02
  1.5848220e-03
  2.4944161e-01
  2.5223077e-03
 -1.1887936e-03
 -5.5489148e-04
 -1.1545796e-02
  2.0324334e-04
  2.0069560e-01
 -2.6436495e-03
  4.9215704e-03
  2.0096523e-03
 -9.7900815e-04
  1.9887818e-03
 -1.2271573e-03
 -6.5289653e-04
  3.3088531e-03
 -1.3954636e-01
  7.3297685e-03
  1.3078703e+00
 -7.4620839e-05
 -3.1572688e-04
 -5.5036379e-04
  3.7543518e-03
  1.9745136e-02
  1.1028733e-02
  3.9891065e-03
 -9.8919627e-05
  2.1295289e-03
  2.6862957e-02
  2.1979732e-03
 -1.8829295e-03
  1.7062672e-03
  9.3860868e-03
 -3.2114908e-03
  2.6348664e-03
  1.0996106e-02
 -2.4702659e-04
 -6.6333087e-03
  8.4616273e-05
 -4.3030782e-03
  1.1186591e-02
 -2.6038261e-03
 -2.4190019e-03
  2.1440526e-03
 -7.7542732e-03
  1.3175440e-03
 -1.2961364e-03
 -3.3173875e-03
 -9.4767252e-04
  1.6090049e-03
  4.4023856e-03
 -3.7755216e-03
  3.6871082e-03
  7.5342273e-03
  1.2749381e-03
 -2.3427032e-02
  5.1660705e-01
 -6.6348410e-01
  7.2799432e-01
 -9.3786962e-02
  2.0893499e-01
  3.7351288e-02
 -6.2067728e-03
 -3.1212980e-03
 -1.4367646e-02
 -6.0897572e-03
  7.0034392e-02
  4.1188588e-03
 -5.0244480e-03
 -4.4006128e-02
 -3.0023882e-02
  4.1638827e-01
  9.5974314e-01
 -2.1599563e-02
 -1.3236577e-03
 -8.4228021e-01
  1.6696329e-01
 -9.1882134e-03
 -1.6661981e-03
 -1.9276345e+00
 -4.7319487e-01
  1.0078201e-03
  3.3245231e-03
  1.8943380e-01
 -3.3490262e-03
  2.9584086e-03
 -1.5665089e-01
 -1.9500566e-01
 -5.3674775e-01
  1.1016452e+00
  3.1861764e-01
 -1.1607330e-01
  4.1520387e-01
  2.0360245e-01
  6.7653954e-01
  3.5922182e-01
 -2.3283699e-01
 -1.3277835e-01
  2.0003805e-01
  6.1056870e-01
  5.7252020e-01
 -5.2510966e-02
 -1.0693464e-01
  2.3203972e-01
  4.9103204e-02
  2.0116688e-01
 -7.5330836e-01
 -2.3214863e-01
 -1.1747935e-01
  1.4786947e-02
  2.9841825e-01
 -2.1285845e-03
 -9.1263168e-03
 -6.0599255e-03
  1.9585460e-02
  3.7052829e-02
  8.5693485e-01
  3.5123955e-03
  3.8518365e-03
 -9.6168736e-04
 -7.5582163e-03
 -5.8964510e-03
  3.0559378e-03
  1.7557220e-03
 -6.2887231e-04
 -1.2784014e-03
 -8.3405653e-04
  2.2020706e-03
 -2.3894587e-03
  2.8468701e-03
 -7.9460191e-03
 -3.2845468e-04
 -3.6632945e-03
  2.4796503e-03
 -1.2778458e-03
  7.1133426e-03
  4.5256540e-03
 -5.7883066e-04
  3.9460766e-03
  7.7683134e-03
  5.6823401e-04
 -2.2399840e-03
 -1.1621050e-03
 -1.9411971e-03
  3.0224423e-03
 -2.4201102e-03
  1.8816161e-01
  1.6471890e-01
 -1.7692035e-01
 -2.0481260e-01
  4.0166810e-02
  1.2313418e-01
 -4.4664149e-03
 -8.7861083e-02
  3.6872306e-03
 -4.5025596e-04
 -3.7661120e-03
  6.0325200e-03
 -5.5264544e-01
 -1.7159992e-01
 -1.4379768e-02
 -1.1120825e-01
  1.5201965e-02
 -4.4739000e-02
 -3.8113900e-02
 -1.9404660e-01
 -3.6741946e-02
  1.3663603e-01
  1.3612789e-01
 -2.2843909e-03
  1.8410287e-04
 -2.2510372e-03
 -4.8484011e-03
 -9.1047455e-03
 -2.5903469e-02
 -2.9673083e-02
  2.1677213e-03
  9.0997084e-04
  9.8670495e-04
 -4.5234058e-03
 -1.7484890e-02
  5.4950584e-03
 -2.2969388e-04
  5.1339311e-03
 -1.9773343e-01
  2.3118795e-03
 -3.6989880e-04
 -9.2967448e-04
  6.1492147e-03
 -2.2538716e-03
 -2.8311348e-04
 -1.3963846e-03
  1.0548512e-02
 -9.9085197e-03
 -1.7173748e-03
 -8.2599145e-04
 -6.7600454e-03
  1.4838614e+00
  4.4502621e-03
 -9.6097036e-04
  4.7428212e-03
 -6.6202629e-04
  1.7083950e-02
  1.1922376e-03
  5.4797864e-01
 -1.5725774e-03
 -1.1183823e-02
 -1.4305580e+00
  1.0767350e+00
  2.4504453e-01
  4.6926062e-03
 -3.9250422e-03
  1.4608912e-02
  1.5161399e-03
  2.5082596e-02
  2.0020313e-03
  2.0995878e-03
  3.9868713e-03
  3.7598640e-02
 -5.1747342e-03
  2.6374795e-02
  3.6371639e-04
  1.5969239e-03
  1.5398733e-02
  7.3114419e-03
  4.9850187e-01
 -1.0004696e-03
  3.4760842e-03
 -2.1888872e-03
 -2.8200056e-03
  1.4190268e-02
  1.3134411e-03
  3.5280311e-03
 -7.5024962e-03
 -3.3250432e-03
  6.8811970e-03
 -2.2682145e-03
 -2.3682864e-02
 -5.4743126e-02
  3.0964726e-01
 -8.6326534e-03
 -2.3039905e-03
 -2.8976456e-03
 -4.4176902e-04
  6.1722854e-03
  3.3244607e-04
 -6.9090241e-04
 -6.9397488e-03
  2.1286713e-02
  8.4772436e-03
  2.3291217e-02
 -1.4456265e-02
 -2.2081263e-02
  7.5401747e-01
  1.9387417e-01
  1.6346058e-02
  2.4314476e-03
  2.0270862e-04
 -2.0273421e-03
  1.0432677e-03
  1.1735472e-01
 -3.9361110e-03
 -3.1842224e-04
 -1.0674224e-03
  6.6475067e-03
  7.8141520e-04
  1.2288684e+00
  7.1856685e-02
 -2.6426074e-01
 -6.3785287e-03
  1.4214565e-01
  1.2140764e-03
 -3.2798620e-03
 -7.5460743e-04
  8.1622293e-03
 -3.7890538e-03
  7.1692085e-03
 -9.3249907e-04
 -4.9031498e-03
  3.0646431e-03
  3.1573235e-03
 -8.7244826e-04
  4.1024026e-04
 -8.3215098e-04
 -2.9172923e-02
 -7.4682203e-03
  1.7513543e-03
  3.1938346e-03
  8.4025608e-03
 -3.3477000e-03
 -9.6668057e-02
 -6.3881599e-03
  1.7886519e-02
  1.2971649e-02
 -3.6732482e-03
 -2.4830727e-03
 -1.2229858e-02
 -3.7323046e-02
  6.7024034e-01
  6.6392191e-02
 -1.1009498e-01
 -8.9018330e-02
  7.4574254e-02
  5.8163079e-03
  8.8442126e-03
  1.0388675e-02
 -1.0154901e-02
 -6.6772681e-03
  1.9628077e-03
  5.3080805e-03
  1.0178778e-01
  1.4776001e-02
 -5.7501122e-02
  2.1698634e-01
  5.9958495e-02
 -6.1657436e-02
  2.4592686e-03
 -3.2651788e-01
 -3.5363428e-02
 -2.7772016e-03
  1.8100718e-01
  4.1068774e-03
  1.1690586e-02
 -3.7241855e-03
 -2.4915792e-03
 -5.2209263e-04
 -4.5276452e-03
 -6.2599409e-01
  1.9863923e-03
  8.3311042e-04
  2.2278340e-03
  3.6630362e-02
  1.2996059e-02
  2.3562367e-01
  4.8780772e-03
 -1.1625253e-02
  9.5245652e-03
 -1.3953990e-02
  3.1889249e-03
  4.7576319e-02
  8.2466024e-01
 -1.6077124e-02
 -6.3248143e-02
 -5.9946529e-03
  3.5870874e-03
  2.1821058e-01
  8.9887436e-03
 -1.6086078e-01
 -7.5319281e-04
  3.1720574e-03
  2.4941644e-01
 -9.6472986e-02
 -7.5403969e-03
 -4.7069020e-03
  6.6575489e-04
 -8.3717659e-02
 -7.2460070e-02
 -3.8709807e-01
 -1.8589641e-01
  2.4297094e-01
 -7.0047274e-02
 -7.8386322e-02
  1.0856900e-02
  1.5902779e-01
  1.5499174e-02
 -2.2152273e-03
 -2.7625632e-01
  1.3030277e-01
  5.1353447e-02
  6.6306990e-01
 -1.3398367e-01
 -2.6658085e-01
 -3.0231622e-01
  1.3789007e-01
  3.8818595e-01
  1.0147951e-01
  7.5529605e-02
 -2.7436709e-01
 -1.3231128e-02
  1.1188250e-01
  3.3429399e-01
  2.1834131e-02
  2.8629336e-03
 -1.8316212e-03
  1.9081919e-02
  1.6435267e-02
  2.8143787e-01
 -1.9293576e-01
  6.6221052e-01
 -4.5445435e-02
  5.7389844e-02
  9.2471413e-02
 -8.8325791e-02
 -8.7866583e-04
 -1.9282954e-03
 -2.0008960e-01
  3.0680867e-03
  3.5355493e-02
 -6.3160241e-02
 -1.3454607e-02
 -3.7117369e-02
  4.2276312e-02
  3.7763238e-02
 -9.5218681e-02
 -1.3881022e-01
 -1.1637834e-01
  2.5807813e-01
  9.7225770e-02
  3.0792203e-02
 -4.1840775e-03
 -2.3118276e-02
 -5.9971539e-04
  2.6318762e-03
 -2.9951879e-03
 -1.1216008e-02
 -3.0509374e-04
  5.1903987e-01
  1.0145907e+00
  1.2190633e-01
 -9.2911285e-01
  7.2418898e-03
  2.1848862e-01
 -2.1819932e-02
 -3.8078774e-02
 -1.2384044e-03
 -4.3058235e-02
 -6.7031039e-03
 -5.6632716e-02
 -6.9278605e-02
  7.8468049e-01
 -1.4167533e-02
  3.9954059e-02
 -3.7494907e-03
 -1.4625187e-01
 -8.2840681e-02
 -1.4987925e-02
 -1.5914937e-03
 -2.0879152e-01
  1.4599190e-02
 -9.5798016e-05
 -5.2043688e-02
 -1.1349020e-04
  5.7537057e-02
  1.0512272e-03
 -1.4863004e-02
 -1.5110372e-02
  3.8560707e-04
 -1.1962262e-03
 -1.6468379e+00
  2.3096321e-02
  9.8516350e-04
 -2.0980899e-04
  1.6650737e-03
 -1.8936386e-03
  3.5932509e-03
 -4.3356556e-02
  1.1330161e-02
 -7.7584041e-03
  8.2472607e-04
  4.8063294e-04
  2.9497286e-03
 -1.9226207e-03
 -4.4985386e-04
  2.9435991e-03
  4.1229371e-03
 -1.1347543e-02
  7.9048183e-03
  2.0799662e-03
 -4.2668846e-03
 -1.9238149e-03
  1.5945022e-03
  2.4967783e-03
 -1.6568308e-03
  1.2866973e-03
  7.7487910e-03
 -4.2889388e-03
  3.8349610e-03
 -3.4146237e-03
 -2.4276420e-03
  5.3296710e-04
  2.2169470e-03
  6.3400323e-05
 -2.2318058e-03
  2.5594225e-03
 -9.1952207e-03
 -4.3585622e-01
  4.3443399e-03
  4.2098062e-03
 -4.1457536e-03
 -5.6661684e-03
  2.4090984e-03
  5.3986274e-03
 -1.0936276e-04
  2.2603730e-03
 -5.3221923e-03
  3.3697844e-03
 -2.1544700e-03
 -4.1006040e-03
 -1.4481647e-03
 -2.4204070e-03
 -3.6871408e-03
 -2.6154555e-03
  5.1220092e-03
  1.8069400e-03
 -5.6295744e-03
 -1.5851640e-03
 -8.0344193e-03
 -1.0427341e+00
 -1.5186360e-01
  8.3935523e-04
  5.5905296e-03
 -2.7655368e-03
 -7.5636948e-03
  1.5699649e-03
  2.3871993e-03
 -2.5718243e-04
 -6.9456530e-04
  1.5816589e-04
  6.2108547e-03
  3.2831667e-04
  2.0346832e-02
  2.7752772e-03
  1.7480620e-03
  2.0697981e-03
  1.5091632e-02
 -4.7684053e-04
 -3.1338842e-04
 -4.5714099e-02
 -1.9168371e-04
 -1.5157098e-03
  1.2937906e-02
  7.7248551e-03
 -6.9894604e-03
  3.4288783e-04
  1.0604768e-02
  4.8104947e-04
 -6.5718376e-04
 -2.1325625e-03
  2.4441545e-04
  4.8941246e-04
 -5.6723185e-04
 -1.9035732e-02
  4.2061610e-03
 -1.1913977e-03
 -4.5425585e-03
 -1.2725352e-02
  1.6305352e-03
 -6.9849280e-04
  8.1262507e-02
 -3.7730027e-03
  1.5328954e-04
 -5.3219550e-04
 -4.5364089e-03
  1.3053336e-03
  4.1923434e-03
 -2.0981806e-03
  7.0969770e-03
 -1.1755429e-03
 -4.3226508e-03
 -5.8963541e-03
 -2.4110673e-03
  8.2284119e-03
 -1.1538093e-03
 -2.7483766e-04
  2.0641875e-03
  3.2044135e-04
  1.3623056e-03
 -2.2539670e-04
 -3.6160892e-03
 -8.5515021e-05
  9.9476217e-04
 -9.7990613e-03
  1.5442841e-03
  1.2166823e-03
 -5.5410955e-03
  1.1469106e-04
 -4.3408625e-04
 -1.5468600e-03
  1.3026431e-03
 -3.2767572e-03
 -1.1007353e-02
 -1.2362906e-02
 -1.1633265e-04
  2.9207945e-03
 -3.8430006e-03
 -9.6988820e-02
  1.8455774e-03
  5.8790334e-03
 -7.2596115e-01
 -6.2069349e-04
 -4.8483876e-03
  3.5598289e-04
 -6.7795441e-03
  2.5127253e-03
  1.5119002e-03
  9.3113008e-04
 -5.5428711e-03
  3.5744905e-03
  1.5792006e-04
  5.9791249e-03
 -8.3403662e-04
  1.3715136e-03
 -1.0542624e-03
 -4.3618921e-03
 -6.7805075e-03
  8.2808984e-03
  4.8444914e-03
  3.6477961e-03
  5.1370962e-04
  1.1386294e-03
  1.9335291e-01
  1.6770638e-03
 -1.8271105e-03
 -5.3746882e-03
 -8.6232141e-04
  3.8239681e-03
 -9.2054170e-04
 -2.7266247e-03
 -2.7831222e-03
 -3.4598438e-03
 -6.5330393e-04
  3.6163845e-03
 -1.2047244e-02
 -5.1621633e-04
  5.5572176e-03
  1.3764575e-04
  2.8775871e-01
  3.5999948e-01
 -1.0957835e+00
  5.3360277e-01
 -1.8002512e-03
  3.9516262e-06
  2.4824612e-01
  1.2249085e-01
  4.7525619e-03
  6.3117757e-02
 -1.4004846e-01
 -1.3855022e-01
  9.5919684e-02
  3.8931602e-01
  1.9407302e-01
 -2.3779029e-01
 -1.7693448e-01
  1.0834875e-01
  2.5256470e-01
 -5.1309783e-02
 -2.8858906e-02
 -3.2558981e-01
 -1.6528285e-01
 -8.9193450e-04
  9.2481738e-03
  1.2631671e-02
  8.8638760e-04
 -2.0679518e-05
  9.0085287e-03
 -9.3830502e-05
 -2.8401962e-03
  9.2664966e-03
  3.4662583e-04
  4.2075929e-03
  3.7422313e-03
  5.6356797e-03
  2.7827574e-03
 -6.3044531e-04
 -5.1590404e-03
 -2.7800775e-03
  4.4434923e-03
  3.4863036e-03
  6.7685028e-03
 -4.4036631e-05
  4.0962179e-03
 -7.2890553e-03
  3.0764532e-03
  3.8727839e-04
  4.8557627e-03
  1.0034562e-03
 -9.0210640e-05
 -1.1188667e-02
  8.1353908e-04
  1.6075118e-03
 -2.6932843e-03
 -7.9176091e-03
  1.2792669e-03
  6.7851297e-03
 -1.1357688e-04
  4.6405592e-03
  6.4073070e-03
  8.9743799e-03
  9.2477893e-04
  4.1166201e-04
 -4.9849898e-03
 -3.1948226e-04
  7.5623006e-02
  9.7272126e-04
  3.9423429e-03
 -4.5186933e-02
  1.0055705e-03
  1.6365986e-02
  4.1619228e-04
 -5.7493430e-03
 -2.5377993e-03
  1.3934681e-03
 -3.7000772e-02
 -3.4037847e-03
  1.5172485e-01
  1.3091068e-03
  2.3807923e-03
 -1.4323711e-03
 -4.3203640e-03
 -8.2952902e-04
 -1.5457635e-03
 -2.1021338e-02
 -2.4938220e-03
  3.2878942e-03
 -2.0975354e-03
 -4.2380574e-03
  4.4054228e-01
 -2.0007239e-01
  2.5955871e-01
 -4.1342360e-01
  1.2559807e-02
  4.1640922e-02
 -1.6540585e-02
 -8.1025764e-02
 -4.3213810e-03
 -1.5642417e-04
 -9.7812891e-02
  1.0281775e-01
 -5.3192291e-02
 -1.8663085e-01
 -1.3429160e-01
  1.5840371e-01
  1.5292799e-02
 -5.7947743e-01
 -1.7130600e-01
 -5.3930235e-01
 -1.2712157e-01
 -9.9854901e-02
  9.8759741e-02
 -2.0282125e-05
 -1.6728154e-01
 -6.3483161e-03
  5.7356089e-04
 -9.1956630e-03
 -2.3271937e-03
 -5.1351484e-02
  1.1354769e-03
 -1.8919086e-03
 -3.7311330e-03
 -4.8123621e-03
  1.3033124e-03
  1.2323917e-02
  4.0532211e-03
  6.7119731e-04
 -1.1956476e-04
 -3.9585066e-01
 -2.4682838e-03
 -3.4001542e-03
  7.3271734e-03
  2.6708290e-03
 -1.2330613e-03
 -1.4947644e-03
  1.5255257e-02
 -3.0781003e-03
  4.6098349e-03
  2.7419084e-03
 -5.0798623e-04
  1.3155245e-05
 -2.5642065e-03
  6.1899093e-03
 -3.0259036e-03
 -2.7564112e-03
 -1.6327605e-03
 -3.5790463e-03
 -8.4725888e-03
 -1.9277101e-04
 -1.1330704e-03
 -2.0818985e-03
  1.3021103e-04
 -2.1309929e+00
 -1.1710511e-02
  6.3528349e-03
 -1.0170619e-03
 -1.4382162e-03
 -1.5440847e-03
 -3.1492978e-04
  4.3278276e-03
  1.6862280e-03
 -1.3581003e-02
  8.2480384e-04
 -3.3102219e-03
 -1.6141857e-04
  9.5000099e-03
 -6.3989214e-03
  3.5899237e-03
 -9.1721276e-03
  1.9141488e-03
 -4.9466323e-03
  5.2847345e-03
 -3.6812695e-03
 -1.7903849e-03
  3.3581362e-03
  3.4223502e-03
 -9.2718303e-03
  2.2497261e-03
  2.5529633e-03
  3.8790458e-03
 -4.4975514e-03
 -5.8126420e-04
  9.6100010e-03
  3.3547787e-03
  3.0655216e-03
  5.5298859e-01
 -3.5557670e-03
  2.4517822e-01
  7.4505399e-04
 -5.7536183e-04
  1.4946878e-01
 -6.5404004e-03
  1.1235175e-01
 -2.4702588e-01
 -4.5225978e-01
 -1.1651979e-01
  3.2738116e-01
 -4.7845021e-03
 -3.8963784e-03
 -8.5902387e-01
 -1.0286690e-03
  3.5177739e-04
  1.2082539e-03
  6.3405347e-01
  2.1645720e-03
  1.2794178e-03
 -2.1413118e-01
 -1.3541963e-03
  3.7002773e-03
  4.8494926e-01
 -6.0853757e-02
  1.0496380e-02
  6.5456820e-03
  4.0540282e-02
 -2.4788511e-01
  6.1714822e-01
 -3.9035954e-02
 -5.4905200e-01
 -9.0363966e-03
  1.1927214e-01
  1.8528974e-01
 -1.5445486e-01
  4.7170186e-01
  2.3864181e-01
  5.1760936e-01
 -5.3922337e-01
 -6.3997591e-01
  9.7180068e-02
 -5.8610337e-03
  1.6040847e-01
 -5.1439885e-02
 -8.8990510e-02
 -3.7520263e-02
  8.7180805e-01
  8.1735635e-03
 -7.3766403e-02
 -4.3595096e-01
  4.1418909e-03
  1.9673873e-01
  1.8730141e-02
 -3.3257005e-03
 -2.5059003e-02
 -3.2826634e-03
  9.6975928e-03
 -1.4433928e-03
 -1.0127056e-03
 -3.4263506e-04
 -3.0769082e-04
 -2.8378980e-03
 -2.9677693e-03
 -3.2327243e-03
  4.2331602e-02
 -6.7643009e-02
  2.8229363e-03
  1.0622209e-03
 -4.2751899e-01
 -7.7637499e-03
  1.8472376e-03
  1.6276387e-03
 -6.4827702e-03
 -3.6044598e-03
  8.2358085e-03
 -1.3155096e-02
 -7.4138888e-03
  6.8400926e-03
  3.4168182e-04
 -4.9742106e-03
  2.6420197e-03
 -8.8501425e-04
 -1.3188133e-01
  6.0885251e-02
 -1.9223213e-03
  1.1053067e-02
 -2.7057998e-02
  6.9707708e-04
 -4.2549456e-03
 -2.7415226e-03
  2.5423095e-02
 -2.0149900e-03
 -6.0335761e-03
 -8.7146489e-03
 -4.9255202e-03
  8.1424005e-03
 -1.9410818e-03
 -1.3660097e-02
 -2.8131300e-05
 -2.8475893e-01
  1.7022859e-02
  6.5324823e-03
  9.8087797e-03
  2.0599576e-04
 -8.4290549e-04
 -2.7545339e-03
 -2.9960941e-03
  2.2549846e-03
  9.7206933e-03
 -4.2188936e-03
 -3.5971470e-02
 -1.0531405e-05
 -2.7054979e-03
 -2.8383082e-03
  7.4618710e-03
  3.9883759e-03
 -1.4390814e-03
  8.9658634e-04
 -4.1570724e-03
  4.4091572e-03
  3.2553263e-03
 -1.3162168e-03
 -1.1128056e-03
  9.2930067e-04
 -1.6996992e-03
  5.0588348e-04
 -7.1806228e-03
  4.5496837e-04
 -1.8007834e-03
 -4.1475846e-03
 -3.8036709e-03
  2.9686078e-01
  1.3406432e-03
 -4.4880382e-04
 -2.8746247e-03
 -2.5550693e-03
 -6.1927637e-04
  5.5304039e-03
 -7.4934145e-04
  2.3170491e-03
 -1.2038806e-03
  2.2593209e-04
  1.3755125e-01
 -4.0287417e-01
  1.8476896e-01
 -2.6026505e-01
  2.8099453e-01
 -4.5348912e-02
  1.7712009e-01
  4.1985102e-02
 -2.6320034e-01
  2.4291794e-01
  2.5195319e-02
 -1.9275463e-03
  3.8137373e-01
 -1.2745009e-01
  5.6846838e-02
 -8.4419847e-03
  4.0984107e-03
  2.0487274e-01
 -2.1169654e-01
  1.4038935e-02
 -7.6704666e-02
 -3.7449254e-03
  1.1985757e-02
 -6.4533385e-03
 -3.9943433e-03
  7.5605484e-03
 -1.6380661e-03
  2.3115817e-03
  1.3272040e-02
  1.1136850e-02
  1.7888358e-01
  1.1290044e+00
 -9.4365425e-02
  8.7606466e-01
 -2.5444373e-01
 -8.5791899e-03
 -4.8794869e-02
 -1.3858217e-01
 -2.1099873e+00
  2.6153499e-01
 -5.6944657e-03
  1.8938729e-03
 -3.0973279e-01
  8.7603676e-04
  2.7156896e-03
  1.3728285e-03
 -5.9835417e-03
 -2.8581116e-01
 -1.2600610e-01
 -8.8749543e-02
  5.2674465e-02
  1.6385055e-03
 -9.9794313e-02
  2.1304853e-02
  8.6396845e-05
 -2.9314456e-03
  1.8417868e-03
 -2.7986569e-03
 -8.0037219e-03
 -1.9199343e-03
  1.5772042e-01
  3.0833401e-03
  4.6723589e-04
 -2.1768371e-03
 -1.0928239e-01
 -4.2293514e-03
 -3.7834242e-03
  6.9745307e-05
  1.0760343e-03
 -8.5440623e-03
  8.6995232e-04
 -1.7864126e-04
 -5.4183759e-04
 -1.1178040e-04
 -2.6939245e-02
 -2.4057662e-03
  7.6431705e-04
 -1.4721799e-03
  4.0452629e-03
  1.7737580e-03
 -6.8377692e-04
 -1.5677491e-05
  1.8521117e-03
  1.5321121e-03
  1.7883306e-03
 -1.1276387e-01
 -7.2488044e-03
  3.2204582e-05
  1.7317442e-03
 -7.4075523e-04
  1.1736656e-02
 -1.0559367e-03
  3.7283185e-03
 -2.4283460e-01
  2.9143846e-01
 -7.9561146e-03
 -1.6047721e-03
  6.7724157e-03
  2.7376318e-03
  1.9711510e-03
  9.7143734e-03
 -2.1893326e-04
 -1.6087319e-03
 -5.3144817e-04
 -7.8239787e-04
 -5.1452586e-04
 -6.8316818e-04
 -2.8246446e-02
 -3.2655903e-04
  5.8732233e-03
 -8.2873431e-04
 -1.0516471e-03
  2.4303228e-03
  2.4041978e-03
  8.2278741e-04
  7.3562469e-03
  7.7636279e-05
  3.1187439e-03
 -7.0063904e-02
 -1.4723246e-02
 -5.1334961e-03
  1.5244880e-03
  2.3904922e-03
  3.2567019e-03
 -4.1842954e-03
 -1.8298252e-02
 -1.5347759e-03
  3.3230106e-03
  6.3147503e-03
 -9.2492709e-03
 -3.2078128e-03
 -1.7533862e-03
  1.4567844e-02
 -2.3482754e-03
 -2.0394775e-03
  2.4013810e-03
  7.6763341e-03
 -2.1849799e-03
  2.0178785e-03
  3.8619323e-03
  3.5069126e-03
 -5.1915217e-03
 -1.5820913e-03
  6.5303231e-03
 -2.3471082e-03
 -3.0000631e-03
  1.5937963e-03
 -6.5643685e-03
 -2.1635008e-03
  8.6295704e-04
  2.1153569e+00
  2.4658924e-02
  1.4909013e-01
 -1.9494747e-01
 -1.6843293e+00
  4.8618853e-01
 -2.9928816e-04
 -1.3289298e-03
 -4.7279205e-03
  5.0249957e-03
  1.1750881e-03
  5.9648380e-03
 -1.7592082e-02
 -6.4112241e-03
  4.2610588e-03
  9.2160664e-03
  2.4091012e-03
 -4.6955822e-03
 -2.7709350e-03
  6.2811086e-03
  7.6438463e-04
  7.0910836e-03
 -6.2629906e-03
 -3.4020308e-03
 -3.8572398e-03
 -4.3307221e-03
  1.0746148e-03
 -6.7988591e-04
  2.5045944e-03
 -3.8380208e-03
  4.6656835e-01
 -2.1884204e-03
 -5.8869517e-04
 -1.7344727e-01
  5.3186017e-01
  5.6246622e-03
 -1.8457737e-03
 -9.2202500e-03
 -4.0017292e-03
  2.3975919e-03
  4.2203194e-04
 -3.4802810e-03
 -5.1273387e-03
 -2.5187917e-03
  5.3599970e-03
  1.4627698e-01
  8.8690640e-03
 -1.9209128e-03
 -5.2927923e-03
  3.1753918e-03
  3.7624565e-04
  2.0353557e-03
  8.6905522e-05
 -2.8529642e-03
  1.1533131e-02
  2.2005188e-04
 -1.9926867e-03
 -3.6788278e-03
 -3.7551234e-03
 -1.7919104e-03
 -6.2473494e-01
  8.4295720e-02
 -1.4245170e+00
 -4.9781471e-01
  7.9212141e-01
 -1.2451364e-01
  6.5501861e-02
 -2.8128461e-03
 -6.1366158e-03
  2.4939565e-01
 -2.7702400e-01
 -5.3971901e-04
  2.2945145e-01
  3.5713005e-01
  1.3090247e-04
 -7.0032161e-01
 -1.3221344e-02
  1.8048190e-01
  3.5450077e-01
 -8.7958251e-05
 -7.0241258e-02
 -3.1770556e-03
  3.6228132e-01
  5.0248665e-01
 -1.3177554e-03
  9.6257060e-04
 -2.4638118e-03
 -1.1404139e-02
  6.1222028e-02
 -2.1215777e-03
 -4.2349705e-01
  4.2665709e-02
 -5.2113891e-01
 -5.0175416e-01
  5.2886873e-01
  1.1337699e-04
 -6.4250596e-02
 -4.1632433e-03
  2.2143182e-01
 -4.9134404e-03
 -2.6421592e-02
 -5.5777021e-03
 -1.2887749e-01
  1.9221598e-01
 -1.7208705e-02
 -9.3662348e-03
 -3.3482846e-03
 -1.0321573e-03
  3.8008097e-01
 -1.4119514e-02
  8.1069311e-03
  5.2511790e-03
 -6.8437844e-03
  3.1608960e-04
  1.4671768e-02
  5.1249471e-04
  3.4509501e-03
  4.2986267e-04
 -1.9340383e-02
 -1.0620740e-03
 -2.5041968e-01
  1.9046390e-02
 -1.6965901e+00
 -1.0951941e+00
  6.4552367e-01
 -4.7119966e-01
  2.4573451e-03
  3.9637978e-03
  4.1372715e-03
  1.4415316e-01
 -7.9818833e-01
 -1.0899756e+00
  1.5408863e-01
  1.5733085e+00
 -7.1005240e-02
 -1.3594813e+00
  4.7244501e-04
 -2.0902703e-02
  8.1386590e-01
 -2.1638334e-01
 -1.6889977e+00
  6.1080809e-04
  6.0698050e-01
 -4.6135575e-02
  3.6020786e-01
  4.1310634e-03
 -8.0983359e-03
  1.4849545e-02
  7.6617688e-02
  1.5880579e-02
 -1.5920405e+00
 -2.0621259e-02
 -7.9909377e-02
  1.8563651e+00
  9.1029674e-01
  3.1290793e-01
  4.4715106e-03
 -1.2008632e-02
  8.6794600e-02
  2.3302372e-01
 -4.9632129e-01
 -5.0618043e-03
 -2.3723897e-01
  5.5648401e-02
 -7.4288927e-02
 -4.7942137e-04
 -4.5572994e-03
 -8.4214382e-02
  7.8598455e-02
 -9.7930254e-03
  1.2872885e-01
 -1.6805883e-03
 -1.4529755e-02
 -1.2853113e-04
  3.3415057e-02
 -2.5777358e-03
  3.9717355e-03
 -8.0430210e-03
  3.0461524e-03
 -5.5585732e-03
 -1.4429871e-03
 -2.2715074e-03
  3.2215742e-03
  2.1439269e-03
  3.7878752e-03
  3.3253348e-03
  4.2593768e-03
  9.8303240e-04
  1.0339032e-02
 -3.8784297e-04
 -7.4766106e-03
 -1.4323200e-03
  1.7633041e-03
  4.7284793e-03
  1.5596137e-03
  2.1513412e-03
 -1.9839823e-03
  7.1810046e-04
  1.4205279e-03
  6.0020816e-01
  2.4768690e-04
  2.4960309e-03
 -9.9885583e-06
  1.2440088e-02
  5.8012246e-03
 -2.5733807e-03
 -9.5413635e-03
  1.9464714e-03
  4.5888517e-03
 -9.0765329e-03
  4.7129714e-03
 -5.2258759e-03
 -2.0526041e-01
 -1.4138545e+00
 -2.9407995e-04
 -1.5081412e-03
 -1.6332580e-03
 -6.6147596e-03
 -8.9619425e-04
  9.7898673e-03
 -3.3756644e-03
  1.0502307e-03
  2.6259893e-03
  7.7911369e-03
  6.7112397e-04
 -1.6195829e-03
 -2.0199530e-03
  9.5549796e-04
 -9.6474739e-04
 -6.1164019e-03
  8.8365260e-04
 -3.9939960e-03
 -1.1601638e-03
 -7.0515703e-03
  1.8785700e-02
  8.3991401e-03
  1.3714404e-02
  1.7419310e-04
  1.5969055e-03
 -2.9584698e-03
  1.6069181e-01
 -2.9266146e-03
  6.7569632e-03
 -7.7461768e-03
  1.9781652e-03
 -3.8972376e-03
 -8.9046580e-04
 -9.6708862e-03
 -2.8837000e-03
  4.7395048e-03
  4.5508924e-03
 -3.0727708e-03
  3.8891274e-03
 -1.1910030e-03
  5.0862445e-03
  2.4456286e-03
 -1.7258052e-03
 -4.5816970e-01
 -3.0457012e-03
  5.2825618e-01
  3.4566368e-03
 -1.1048903e-03
 -1.0156697e-03
  6.9203335e-03
 -5.9148762e-02
 -2.3550209e-01
  3.5632940e-03
 -5.5512227e-03
 -1.5845380e-03
 -1.8177390e-04
  9.0238959e-01
  5.8953171e-03
  1.7374679e-03
  6.4242825e-02
  6.2468790e-02
  2.2590109e-03
  1.4693341e-03
  2.9640656e-04
 -1.1079402e+00
  2.2786992e-02
  2.0968281e-03
  5.8136031e-04
  2.7385466e-03
  8.1428597e-03
  2.6471892e-03
  6.2524122e-03
 -3.4449887e-03
 -4.4225473e-03
 -2.8392067e-03
  2.1340665e-04
  1.6332020e-04
 -2.9122477e-04
 -1.0085697e-02
  9.2192478e-03
  1.5736202e-07
 -1.1150924e-02
  9.7104505e-04
  1.3332600e-03
 -1.2786430e-03
 -1.0118061e-01
  1.3800221e-03
 -2.4205693e-03
 -5.9937015e-03
  5.6156408e-02
 -1.9485026e-03
  3.8285309e-03
 -1.7491973e-03
  9.1832634e-03
  5.5674562e-04
 -6.2813046e-03
  2.1971334e-03
  2.7787259e-03
  1.0382543e-02
 -1.4406771e-03
  1.3623614e-04
 -5.9540336e-05
  2.9248846e-04
 -3.6760527e-03
 -3.2822362e-03
  1.6029245e-03
  7.0148794e-04
  4.5420472e-03
 -1.0084539e-03
 -5.1393327e-03
  3.9980463e-03
 -3.2618477e-03
 -4.6175788e-03
 -2.8337648e-03
 -3.1944210e-04
 -5.2222313e-04
  3.7434185e-01
 -1.1581514e-02
 -8.7879953e-04
 -6.8533279e-02
  6.3236998e-03
 -7.8922607e-02
  5.0948123e-03
  5.8802008e-03
 -4.9456535e-03
 -3.3596825e-02
 -2.8410030e-03
  1.1362369e-03
  6.7622304e-01
 -4.5192342e-02
  1.2229354e-03
 -4.6470813e-03
 -9.5238857e-04
  2.6522288e-03
 -1.7311413e-02
 -1.9600915e-04
  1.6265109e-03
  7.1287667e-03
  6.8118848e-04
 -3.0990796e-02
 -4.4537452e-03
 -5.5777594e-03
 -3.6852562e-03
 -3.7256055e-04
  4.4817929e-03
  5.2474870e-04
 -3.1421526e-04
 -7.1719419e-03
 -8.8329922e-04
 -6.0592643e-03
 -8.0715278e-03
 -3.4773740e-04
  2.4937422e-03
  2.8342491e-03
 -3.6979215e-03
  2.5908956e-03
  2.1210755e-04
 -1.0662688e-03
 -9.2978409e-04
 -1.4805803e-03
  3.7537280e-02
  5.4641631e-03
  7.5309283e-05
  2.7394797e-05
  7.1378918e-03
  7.1512485e-01
 -1.2295437e-03
  2.6557115e-03
  9.5837764e-05
 -5.7591440e-04
  3.8062884e-03
  9.8868228e-02
 -3.6464499e-03
 -4.0634447e-03
 -8.5604866e-04
  2.0714551e-03
  3.4569345e-02
 -2.9782918e-01
  1.2742761e-01
 -4.8293725e-01
  2.3469724e-01
 -6.4667910e-03
  2.1786833e-01
  1.0671852e-01
 -3.9430626e-02
 -1.1744003e-01
  3.5280745e-02
  7.2719264e-03
  6.9226378e-01
 -3.0537467e-02
  8.8621885e-02
  8.3061773e-03
  1.3552791e-02
  2.5374216e-01
 -5.8392934e-03
  2.2980377e-02
 -2.0364070e-02
 -7.3668887e-03
  1.8000859e-01
  2.9562649e-04
 -2.2164918e-02
  3.9162794e-03
  2.6666021e-03
 -1.0326399e-03
  4.6811854e-03
 -4.5902204e-02
 -5.3577226e-01
  1.1924612e-01
 -1.9611379e-03
 -5.5762756e-01
 -7.0683651e-02
 -5.1623529e-01
 -4.5843888e-04
  1.9109452e-03
  1.0782444e-02
 -4.6698465e-03
  2.3475355e-03
 -1.9468791e-03
 -2.4690612e-03
  9.8255789e-04
  3.2127714e-03
  2.1490357e-03
 -3.3604547e-03
  5.6850370e-03
  2.0393378e-01
 -1.8793786e-02
  1.5454323e-03
 -1.1898542e-03
  1.1579215e-02
  4.5170391e-04
 -1.0874443e-03
  1.5291354e-03
 -7.3523158e-03
  3.5499516e-03
 -5.3953956e-04
 -1.8923932e-03
 -6.5409988e-01
  1.1556225e+00
 -9.2631042e-01
  1.5422802e+00
 -5.4532039e-01
  5.3317147e-01
 -4.8685172e-01
 -9.2580777e-01
  2.8334352e-01
  6.0055792e-01
  3.1753770e-01
 -3.7593231e-01
 -3.0727016e-02
  9.5884299e-01
 -1.3542385e+00
 -8.9771241e-02
 -3.4052092e-01
 -1.0215323e+00
  8.1495717e-03
 -8.8458896e-01
 -1.8045803e+00
  5.0612312e-04
 -5.0104624e-01
 -8.8253748e-01
  1.2302726e-01
  4.5287767e-03
  2.3831658e-03
 -3.2706675e-04
 -1.6063799e-01
 -1.9716224e-02
  3.4902942e-01
  1.5170735e-01
 -2.8480905e-01
 -8.1498504e-02
 -5.3448099e-01
  2.5758343e-02
 -2.8749716e-01
 -1.0175585e-01
  7.5462967e-02
  3.6514530e-01
 -2.6908356e-01
 -7.5142767e-04
 -4.9247080e-01
  3.3146460e-02
 -8.6885817e-02
 -8.8665374e-03
 -2.5448199e-02
 -1.2230898e-01
  1.2422203e-01
 -4.6944838e-02
  1.4264573e-02
 -1.0215292e-03
 -3.2193653e-02
  2.2132157e-03
  9.5623801e-04
 -3.5083049e-03
 -8.5788692e-04
 -1.8455714e-03
 -3.4881488e-03
  4.4953927e-01
  3.4683034e-02
  7.0352443e-02
 -2.0931209e-02
 -2.0077766e-04
 -3.1720949e-04
  2.4614219e-02
 -7.2918588e-04
 -1.0503662e-02
  1.1094931e-02
 -5.0200867e-03
  2.2762131e-03
 -5.0391136e-03
 -6.9029937e-03
 -3.9550182e-03
  4.9600855e-04
 -7.5293430e-03
  7.5229902e-05
 -2.2640238e+00
  6.6685202e-03
 -2.5047022e-03
  3.3407126e-02
  3.5985834e-03
 -1.8274225e-02
  1.5964899e-03
  8.6863944e-04
  7.9652347e-04
  2.9412429e-03
  2.1534842e-03
  6.8919233e-04
  3.1040241e-03
 -2.9422757e-01
 -1.2822336e-01
 -3.2492980e-01
  3.1584701e-01
 -3.9405648e-02
  1.8011180e-01
 -6.7227468e-02
 -1.4553551e-01
  1.2424715e-01
  2.2265203e-02
 -4.2745575e-01
 -2.5047394e-03
 -4.9953365e-01
  1.4145851e-01
 -7.7897585e-03
 -4.6537173e-01
 -2.9690922e-03
 -2.3192693e-01
  1.4311470e-01
 -1.6428506e-02
 -4.5532167e-01
  1.4922448e-03
 -3.8285341e-02
  5.3843721e-03
 -1.2280130e-01
 -1.0766743e-03
  1.2784288e-03
  6.4460412e-03
 -1.1123838e-02
  1.5816090e-03
  4.4226062e-01
 -7.7501968e-03
  3.8827753e-03
 -1.4237598e-02
 -2.1006705e-03
  2.6624382e-03
  2.6526829e-04
  5.1212586e-03
 -2.3124861e-03
  1.1262824e-03
  3.7083759e-03
 -4.3791449e-03
 -1.7231480e-03
 -2.5296220e-01
  6.1229579e-03
  1.5675540e-04
  6.7360379e-04
  6.2291333e-03
  1.6682230e-04
  1.8066026e-02
  2.2580596e-03
 -7.6610325e-03
  4.5344513e-04
  6.7164102e-03
 -1.1967652e-03
 -5.2180937e-03
 -8.2556123e-04
  4.2351293e-03
  1.5221962e-03
  2.9816374e-03
  2.8941161e-03
 -1.3546827e-01
  1.6431741e-01
 -7.8973427e-02
  2.1353991e-01
 -1.3775520e-01
  1.5165895e-03
  3.3203023e-04
 -5.5394646e-02
  9.2228223e-04
  5.9059435e-03
  3.5139034e-03
  2.2098996e-02
 -5.9146225e-02
  9.8207640e-03
  2.6251683e-03
  1.3641216e-02
 -2.8867471e-01
 -9.2854679e-02
 -2.2420690e-03
  1.2958648e-02
  1.0355666e-01
  9.8079639e-03
 -2.4643776e-04
  9.4861916e-04
  2.3237380e-01
 -3.4908853e-03
  2.7599933e-03
 -1.6238057e-03
 -3.6969895e-03
  7.7035391e-01
 -2.9525040e-03
  8.3741937e-03
 -2.6598691e-03
  8.0989404e-03
  1.8096806e-03
  5.3673289e-03
  3.2660754e-03
  1.9414659e-03
 -4.6909410e-03
 -2.2697707e-03
  5.7676603e-04
 -1.0817111e-03
 -9.5346123e-02
  3.5031685e-03
 -7.7310763e-03
 -1.1070537e-02
 -1.2165716e-01
  7.3262952e-02
  2.0113150e-03
  7.4367295e-03
  1.9150792e-02
 -2.6985927e-04
 -1.7785428e-04
  1.7374551e-02
 -2.1239200e-03
  3.4411461e-03
 -8.5413635e-01
  9.1561843e-03
 -2.3563313e-03
  4.7109569e-03
 -1.0499656e-02
 -1.0218918e-03
  2.2624668e-01
  6.8028732e-03
  4.5946962e-03
  2.9906968e-03
  2.8271374e-01
 -1.3381439e-01
 -1.1845341e-02
  7.6967761e-02
 -1.0348978e+00
 -5.9055001e-01
  1.5215498e+00
 -1.4093200e-03
  3.9391927e-04
 -5.6335856e-03
 -1.7021013e-02
 -2.4241367e-03
  8.9751959e-02
 -2.0938311e-03
 -3.9626628e-02
 -8.8960755e-01
 -1.2340680e-01
 -2.6751640e-01
  1.1878767e-02
 -7.3715567e-04
  7.5604245e-03
  7.0608645e-03
 -3.7494358e-02
  9.4172366e-02
 -3.1116462e-01
 -1.2995750e-02
  5.8021456e-01
 -9.1389519e-01
 -8.1260242e-02
  1.2802760e-01
  9.5924996e-03
 -2.6445165e-01
 -1.4113840e-01
  1.5869448e+00
 -3.9538166e-01
  1.9510740e+00
 -5.0527132e-01
  1.5434968e-02
  1.0107856e-02
  8.9500047e-02
 -3.5564378e-01
  7.0490870e-03
  2.7844179e-01
  5.3945943e-03
  9.0679437e-01
  2.6359713e-01
 -1.3885523e+00
 -6.2702906e-01
 -2.1211892e-01
 -6.3902128e-01
  1.6882265e-01
  3.9809883e-01
 -1.0874414e-01
  1.1399869e-01
  1.5818010e-01
 -9.6635042e-05
  4.7010467e-03
 -2.0099806e-03
  1.1886008e-02
 -3.6370198e-03
 -1.1174717e-01
 -2.5826234e-03
 -2.3315398e-03
 -4.2606797e-03
  1.3118862e-03
  5.1074550e-03
  1.1888107e-01
 -1.2035735e-03
  3.6526224e-01
 -1.2726267e-03
  3.9754501e-03
 -1.0886292e-03
 -1.3355463e-04
 -3.6267878e-03
  2.0555321e-03
 -2.7273682e-01
 -4.0205279e-03
 -3.8048138e-03
 -6.2430226e-03
  1.2853911e-02
  4.3660882e-03
 -2.7815567e-03
  1.5174630e-04
  8.7272418e-01
  4.4865403e-01
  9.7841936e-01
  1.8997835e-01
 -9.4539744e-01
  1.3881285e-01
 -1.2540822e-02
 -3.1140536e-01
 -8.8597789e-02
 -1.1266166e-01
  1.6800927e-01
  3.9102715e-02
 -2.2266942e-01
  6.1126560e-01
 -4.0764841e-01
  3.9288368e-02
 -4.2642862e-01
 -2.6390192e-01
 -5.4325882e-02
 -3.3562416e-01
 -2.3268788e-01
  1.9840493e-03
 -9.2672080e-02
  2.0414263e-01
 -5.6216252e-01
  1.5903778e-03
  8.6932518e-03
  8.6236196e-03
  2.3756947e-01
 -8.1425225e-03
  6.1655007e-02
  7.7154553e-01
 -6.2628943e-01
 -1.9840537e-01
 -1.0090063e+00
  8.4176105e-01
 -2.2664473e-03
 -2.3227359e-01
 -7.6780496e-03
 -1.2377582e-03
  7.6021761e-02
 -4.9708639e-03
 -1.9924037e-01
  7.2492659e-02
  1.0626525e-02
 -1.2435975e+00
  3.0007403e-04
 -2.4397945e-01
 -4.2534766e-01
  3.9399993e-03
 -2.9505193e+00
 -2.1035965e-03
 -1.3866011e-03
 -5.8726931e-01
 -9.6570265e-01
  1.3198404e+00
 -5.3123091e-03
 -3.6590751e-02
  5.1435597e-02
  9.4183278e-04
 -7.9492515e-01
  8.4207731e-01
  6.7492746e-02
  1.8692638e-01
 -2.8082438e+00
  2.6915854e-02
 -1.4659000e-03
  3.9164178e-02
  4.4908229e-02
  1.7620730e-03
  3.4208116e-01
 -1.2204780e-04
  4.9274587e-03
  3.8969785e-01
 -3.7375116e-03
  6.0851598e-01
 -3.8955435e-03
  1.0107312e-01
 -1.1217217e-03
 -4.6215297e-04
 -1.3865215e-01
 -1.5619925e-01
  1.6562136e-02
 -3.5517526e-01
  1.2560155e-02
 -2.4049471e-03
 -6.3747348e-04
  4.5745540e-03
  3.2931242e-02
  5.3216964e-03
  1.6596765e-03
  7.6619041e-04
 -5.8700051e-03
 -1.1027931e-03
  2.0765657e-02
 -2.5907757e-02
  1.1085324e-03
 -4.9464302e-03
 -1.8094720e-03
  6.5421164e-03
  2.0058788e-03
 -2.0230929e-03
 -6.3907495e-04
  3.5866296e-03
 -2.4571798e-03
  2.0769278e-04
  1.1130312e-02
  7.5465796e-04
  1.4817287e-04
  4.6650912e-03
 -5.2122711e-03
 -1.6464006e-02
 -1.8846327e-02
 -2.1337722e-03
  3.0815345e-03
 -1.5877470e-03
 -1.8293775e-03
  2.7320709e-03
 -8.3015382e-01
  8.7242402e-02
  7.9214470e-03
  1.8722561e-01
 -4.3249452e-03
 -1.0630824e-01
  1.8625120e-03
  1.1356520e-02
 -1.1148033e-02
 -2.1722331e-03
 -2.7530368e-03
 -1.1963623e-03
 -7.8204177e-02
  6.7102595e-04
  2.8648549e-03
  1.3970929e-02
 -2.7461199e-02
  5.0532436e-03
 -1.0594375e-02
  5.8512972e-03
  8.4690498e-03
  1.1156267e-03
 -2.0365717e-03
 -2.6016352e-01
 -1.6291598e-02
  4.9622706e-04
 -1.2127409e-02
  1.1275526e-03
 -4.4376720e-03
 -1.0154316e-03
 -2.6005642e-03
 -7.1750119e-02
 -9.4596583e-01
  7.3745012e-02
  7.2727823e-01
  4.4337812e-01
 -6.8533242e-02
  4.3725801e-01
 -2.5367937e-03
  1.6125111e-02
 -3.9296886e-01
 -6.9498573e-03
  5.4985684e-01
 -1.1903222e-02
  1.4186184e+00
  3.5085544e-01
 -5.6765538e-02
 -1.2846519e+00
 -4.3752548e-04
  3.1469184e-01
 -4.1746657e-02
  3.5662160e-03
 -5.1106405e-01
  2.4366239e-04
  3.8701112e-03
 -9.1807503e-01
  9.5053687e-04
  2.6516936e-04
  7.9773236e-03
 -1.3538514e-03
 -1.5315622e-03
 -5.1590771e-04
 -7.1823114e-01
  1.7439459e-01
  3.6305758e-01
  2.1670244e-03
  4.8022452e-04
 -1.0570317e-02
  4.3818002e-04
 -9.1123715e-02
  3.4801397e-01
 -1.1988583e-03
 -3.6982978e-03
 -2.5104964e-03
 -4.2416663e-03
  4.5594973e-03
  3.9412621e-03
  1.3992406e-01
  1.6261318e-03
  2.1723357e-03
 -2.0479603e-02
  1.8360842e-03
  1.0519712e-02
 -3.8066870e-03
  1.4401906e-03
  7.8552915e-03
  1.1110558e-02
  2.2467119e-03
 -1.8754902e-03
  7.1976287e-03
  7.2584103e-04
 -3.1859325e-03
 -3.4776796e-02
 -1.6124201e-01
 -1.3708153e-02
  2.7140990e-01
 -3.0610627e-03
 -5.1153293e-03
 -3.5104800e-03
  6.3629600e-04
  1.8956227e-02
 -1.2267139e-02
 -3.5061808e-03
  5.2094151e-04
 -1.5203510e-03
  1.5691663e-03
  5.4826392e-03
  1.4365314e-01
  4.6809725e-03
  3.9105224e-03
 -1.3271024e-02
  1.7975046e-05
  5.8487773e-02
  1.3778582e-01
  4.8565902e-03
 -8.7154262e-02
  8.1266573e-04
 -7.6710093e-03
 -3.2622505e-03
  3.3446483e-03
  1.4355455e-03
 -2.0842007e-03
 -1.5681402e-01
 -5.4281224e-02
 -8.2901800e-03
  2.3420167e-01
  2.4154969e-03
  1.6042113e-03
  3.8679219e-03
 -1.1758919e-02
  1.0228930e-01
  8.2071223e-05
 -4.4262141e-04
 -1.7128538e-03
 -1.3354761e-03
 -1.2466626e-02
  5.1204264e-03
  1.2601373e-01
 -2.9501109e-03
 -1.7457087e-02
  4.6861247e-04
 -3.4543783e-03
 -3.0979745e-03
 -1.2789605e-03
 -7.3888968e-04
  8.6618483e-04
  1.9845513e-03
 -4.3295685e-04
  1.7784578e-03
  5.6241206e-05
  2.5521559e-03
  7.2195674e-03
 -2.3382078e-01
 -3.8882130e-01
 -7.3213732e-01
  1.9612802e-02
 -2.0109126e-03
  1.0906977e-01
  1.9002585e-02
  1.2852673e-01
  4.2526600e-01
  8.5989330e-03
  1.3014366e-01
 -5.0682710e-03
 -1.0616517e-01
 -2.5248817e-01
  1.4035454e-01
  5.0206393e-02
  8.6737469e-02
 -1.6819599e-01
  5.0205167e-02
  9.3387373e-02
 -5.6303296e-02
  3.9409960e-04
  4.1678014e-01
  5.7126647e-01
  1.1595201e-01
  2.2719125e-03
  1.0275541e-01
  4.9707815e-03
  3.2810287e-03
 -3.0166837e-05
 -3.8617998e-03
 -2.2982599e-03
 -1.0132704e-02
 -6.3295602e-03
 -7.8429347e-03
  4.6282932e-03
 -3.4789718e-03
  3.5173795e-03
  7.1566418e-04
 -1.3597120e-03
  2.5847906e-03
 -2.8783467e-03
 -9.2160399e-04
 -2.7060730e-04
 -6.6862558e-03
  6.6583012e-03
 -2.5027199e-04
  1.2165626e-03
 -1.0130487e-02
 -1.0276270e-03
  3.3890647e-03
 -6.1362510e-04
 -6.1208666e-03
  1.2044804e-03
  3.2744680e-03
 -7.5145694e-04
 -1.7776488e-01
  1.3519988e-03
 -7.4912990e-03
  1.2359393e-03
  3.3687532e-01
  4.3791783e-01
 -8.9742064e-01
 -2.4556274e+00
  1.9244708e+00
  2.8404325e-01
  4.7420530e-04
  2.8102130e-01
  3.8228719e-03
 -1.0476227e+00
 -4.7942454e-01
  2.1925631e-03
  1.8727250e+00
 -1.2393728e+00
 -5.8516902e-01
  2.3473394e-01
 -5.1453626e-03
  1.4628032e+00
  3.3583441e-01
 -2.5700703e-01
  1.1419002e+00
 -1.4980229e+00
  2.6276046e-01
  3.9985257e-01
 -2.5968078e-01
  4.2399940e-01
  4.5740171e-03
 -6.6406885e-03
 -2.6188806e-01
  7.0074946e-04
 -4.3203270e-01
  2.1164895e-03
  3.7950353e-04
 -2.6207799e-03
 -3.9690016e-03
 -1.8871654e-03
  1.0421243e-02
  1.0233810e-02
 -4.0835360e-04
 -2.9332826e-01
  2.8174885e-03
 -7.3533366e-03
 -1.3676707e-03
 -7.0786307e-04
  4.7191512e-03
 -2.0783755e-03
 -1.2150634e-03
  4.3999066e-04
 -4.5394204e-03
  4.3172236e-03
 -2.2523596e-03
  2.3466591e-03
 -1.0461690e-02
  4.4915029e-03
 -9.6102961e-04
 -5.8380435e-03
  6.4938847e-04
 -6.7842887e-03
  8.9539861e-04
 -3.2255824e-03
 -3.3868215e-04
  1.2510576e-02
 -3.2754703e-03
 -2.1352649e-02
 -3.7131665e-04
 -4.5441050e-02
 -1.2068674e-02
 -8.8132536e-03
  7.3719737e-03
  6.3112797e-04
 -1.1628689e-02
  4.2062905e-03
 -2.5932160e-03
 -5.8426568e-03
 -2.0838222e-04
  7.4736780e-04
  1.0354854e-03
  4.0925350e-03
 -4.2382749e-03
  6.1086370e-03
 -7.8684068e-04
 -7.8933882e-03
  1.3740208e-03
 -2.4596634e-03
 -4.1762213e-03
 -1.4846966e-03
  3.5926986e-03
  3.4112327e-03
 -7.5225596e-04
  1.5477195e-03
  4.2499374e-03
 -9.9247638e-03
 -2.9574215e-01
 -4.9070599e-03
 -4.2396584e-03
 -3.5606290e-04
  3.6994787e-04
 -1.9389219e-05
  1.0104927e-02
  1.2702936e-01
 -1.6600252e-03
 -1.4321470e-03
 -1.6878489e-03
 -1.6375345e-03
  2.4498054e-03
  1.2283783e-03
  5.8763954e-03
  1.7307381e-03
  6.9186776e-03
  5.4255696e-03
 -1.0385663e-02
  8.5970861e-01
  7.1328455e-03
 -5.8490625e-03
  4.2119030e-02
  1.2237143e-03
 -1.6286983e-03
  3.1365052e-01
  9.1454556e-04
  1.0625420e-02
 -2.4681860e-03
 -2.7127634e-03
  3.3809387e-03
  2.6364918e-04
 -7.1896310e-04
  5.9975934e-04
 -4.3407809e-03
  5.6031398e-03
 -8.5897986e-03
  2.3433651e-01
  2.0107040e-03
 -1.0538453e-02
 -8.5441623e-04
 -3.1858324e-03
 -1.3854691e-03
  6.8458873e-03
  1.6286117e-03
 -5.7837147e-01
  1.9882731e-03
  5.2401777e-03
  6.8527949e-03
 -4.8370520e-03
 -3.7782493e-03
 -5.9902212e-03
 -1.4521226e-01
 -2.0499488e-03
  7.1120276e-03
 -3.2140126e-03
  4.2988556e-03
  2.5485521e-03
 -3.6329317e-01
 -4.1067246e-01
 -3.0293149e-01
 -1.2783895e-01
 -2.0338205e-01
  4.1446410e-04
 -9.1544507e-08
 -3.1431921e-02
  8.3505753e-03
  2.2815377e-02
  4.5073878e-02
 -1.0720029e-03
 -1.1952323e-02
 -1.0621076e-03
  1.3131341e-02
 -3.2571143e-01
  4.8391819e-03
 -2.4161345e-01
  1.1656082e-03
  1.4516020e-01
 -1.3366574e-01
 -1.3963801e-03
 -4.4100996e-02
  6.5117650e-02
 -5.7631679e-04
  9.6895045e-04
 -2.0080819e-03
  3.9491961e-03
 -4.6715078e-01
 -2.7319841e-04
  4.2548946e-01
 -8.8467687e-01
 -4.5834941e-01
 -4.8299477e-01
  2.3408785e-02
 -1.2225919e-02
  5.3879349e-03
  1.4897894e-02
 -5.0814250e-03
  2.2860581e-01
  1.9056914e+00
  1.0640421e+00
  4.8027509e-03
 -3.0265015e-02
 -1.5700165e-02
  1.3661817e+00
 -1.9092648e-01
  4.8577857e-01
  1.4269847e-01
 -2.1644113e-04
  7.7949333e-01
 -3.9472198e-03
  2.6729956e-01
 -5.1156187e-01
 -4.7196631e-04
  2.0128844e-02
  1.5704765e-03
  1.0213991e-02
 -6.3478924e-02
 -2.3389456e-03
  6.4532226e-03
  1.6761202e-04
 -2.1808252e-03
  4.3192520e-03
  2.1187614e-03
 -5.0376039e-03
 -5.7982065e-04
  1.5972744e-03
  7.2838343e-03
 -1.8638062e-03
 -1.0905588e-03
  1.9745727e-03
 -5.8253226e-04
 -4.4304882e-03
  6.9053038e-03
 -3.5439225e-04
  1.5519975e-03
 -3.4166581e-03
 -1.5385385e-03
  3.6197380e-04
 -1.4025538e-03
  2.8370174e-03
  1.6051531e-03
  4.7129155e-03
  1.9434165e-03
 -4.4647767e-03
  7.1992711e-03
 -4.8916223e-03
  6.1925282e-03
 -4.7901331e-04
  6.5244138e-01
  9.9698400e-01
  9.1861528e-01
 -2.2528585e-02
  7.3692816e-01
  2.3306360e-02
  2.4100358e-03
  1.2008681e-02
 -1.3272520e-04
  4.3684938e-03
 -1.3281643e-01
  3.8209646e-03
  1.5410432e-03
 -6.6689826e-03
 -2.5278104e-02
  3.5314206e-02
  1.2639405e-03
  5.9978384e-01
  1.2168594e-04
 -5.4830196e-03
  3.6186853e-01
  7.6168100e-04
  4.4480333e-01
 -1.9141647e-01
 -2.6890752e-03
 -1.9699928e-01
 -1.9809832e-03
 -4.1706623e-03
 -1.5224106e-02
 -4.5920331e-03
  1.0892379e+00
  2.6629120e-01
 -3.2243568e-01
 -1.4329149e+00
  2.9403922e-01
  4.3541256e-01
 -1.0743850e+00
  7.8618085e-01
 -4.2111552e-01
 -8.8775551e-01
 -2.7959657e-01
  1.5678892e-01
 -6.7873567e-01
 -9.1654760e-01
 -5.1959002e-01
  1.2053567e+00
 -6.2069178e-01
 -1.1326542e+00
 -1.1335173e+00
 -7.9554445e-01
  6.1538553e-01
  1.0054908e+00
 -1.1690180e+00
 -6.1555523e-01
 -4.3102625e-01
  2.5254720e-01
  1.4985460e-01
 -2.7262375e-01
 -2.1931097e-02
 -7.1743585e-02
 -8.0668624e-04
  2.6408746e-03
  1.3138629e-03
 -8.5893581e-03
  1.5996817e-03
  8.4119273e-04
  1.1635682e-03
 -1.7110808e-03
  4.0872223e-03
 -1.2866792e-04
  5.1718513e-03
 -7.2582336e-03
 -1.3607570e-02
  4.1929339e-03
 -4.8429337e-03
 -2.3146176e-03
 -2.6081193e-03
 -4.0937867e-03
 -4.5148041e-03
 -4.1375095e-03
  5.9185764e-03
 -1.0837682e-03
  1.3732244e-03
 -2.3198505e-03
  1.0104236e-03
 -7.2654977e-04
 -1.8542822e-04
 -9.1781653e-04
 -7.1491749e-04
 -4.2427965e-03
  5.6745764e-04
 -2.4986878e-04
  8.4036082e-02
 -3.8208866e-01
 -1.5494041e-03
  2.9400986e-02
  4.1008461e-03
 -3.5185760e-03
  7.8536659e-01
 -3.0920718e-02
 -1.6913622e-03
  6.4184936e-03
  4.4370471e-03
 -1.5094922e-03
 -2.7953332e-02
 -1.8622108e-03
 -2.0371533e-03
  5.4832436e-02
 -1.2148211e-02
  5.2710567e-03
  4.1914466e-03
  3.7246153e-03
 -4.8365030e-03
 -1.0010650e-02
  1.5111289e-03
  1.1428437e-02
  1.1470657e-03
 -1.6040789e-02
  7.1450449e-03
 -7.4178665e-03
 -9.3629658e-03
 -4.1967020e-03
  1.5504792e-01
  9.2428057e-03
  2.8193353e-03
 -2.4117203e-03
  1.6436599e-02
 -2.0500009e-04
  3.0247061e-04
 -1.2908505e-02
 -2.8068133e-04
 -6.0801050e-03
 -1.3474786e-03
 -8.3045535e-02
  1.8678574e-02
 -2.7453261e-03
 -1.2353044e-03
  7.4992399e-03
  1.5175987e-02
 -1.3024031e-04
 -5.3125368e-03
  4.5868205e-03
  7.6256110e-03
 -2.9434434e-03
 -3.5994921e-03
  3.4142330e-03
 -1.1120053e-03
 -5.4388761e-04
  2.0519646e-03
  3.7972257e-03
  2.5602619e-03
 -5.1872954e-03
 -1.0518264e-03
 -8.1233197e-04
 -3.9515798e-03
 -6.4375211e-04
 -3.1104018e-03
 -4.4892207e-03
 -1.4706231e-03
  6.5342826e-04
  2.6651523e-03
 -3.3269038e-03
  6.7729889e-05
 -3.4636641e-03
 -3.4241998e-03
  2.5287771e-03
 -1.0158143e-03
  4.7224597e-03
  4.6477500e-01
  1.7934253e-02
 -2.4971617e-03
  1.9175443e-03
 -1.5521015e-03
 -1.0763176e-03
  1.0306117e-04
  1.3992073e-03
  2.7290329e-03
 -2.5735302e-03
 -3.1833439e-03
  2.7835548e-03
  1.1670021e-02
 -5.5281323e-01
 -6.1659890e-01
 -4.9182621e-01
  1.0680125e+00
  7.2480124e-01
 -4.2573609e-03
  3.4194898e-03
  7.2523442e-05
  3.2203995e-02
 -2.1281463e-04
 -2.6005052e-03
  1.5509847e-03
 -4.9000066e-02
 -9.5434702e-04
  8.2928437e-01
 -8.9347525e-04
  2.4507712e-01
  5.5533572e-04
 -1.2420209e-01
  1.9471474e-01
  2.1972056e-03
  6.3043512e-02
  1.9187034e-03
 -3.9371820e-03
  3.1275272e-03
  3.2943755e-04
 -2.7602080e-01
  3.0972485e-03
 -7.5723045e-03
  7.9807781e-02
  6.3156135e-02
 -1.2862995e-01
 -1.6714852e-01
 -1.6152748e-03
 -1.2017729e-03
  9.4788097e-04
 -1.7535130e-03
 -5.0205052e-02
  2.5168199e-03
 -8.4380275e-03
 -4.0005066e-04
  6.7391520e-04
  1.8640386e-03
 -1.0859900e-04
 -1.7026303e-02
 -1.0410416e-02
  1.8904628e-03
 -6.1208447e-03
 -4.4348024e-02
 -9.2550933e-02
  2.2384729e-03
  2.5066629e-03
  1.1920318e-03
  1.5230609e+00
  1.8272481e-03
  7.9051498e-03
  1.7930816e-03
  1.5713408e-03
 -7.3626586e-03
  3.5213605e-01
 -3.4186909e-01
  1.2233488e-01
  9.1307718e-01
  3.3461940e-01
  5.5636382e-01
 -3.0458036e-03
 -1.3869098e-01
 -1.7170700e-01
  1.0312953e-02
  1.6756060e+00
 -4.1313316e-03
  1.5398519e+00
 -3.0892220e-01
  3.9809227e-05
  3.3615819e-01
 -8.9278823e-04
 -9.0416492e-04
  7.8726755e-03
  5.8380016e-03
  1.4136721e+00
 -2.0942956e-03
 -2.1612223e-03
  2.2595324e-01
 -1.8999052e-03
 -6.1290464e-03
 -8.7402255e-04
  1.0013862e-02
 -6.7665125e-04
  2.4573772e-01
  1.3281125e-01
  2.4336360e-01
 -3.3599993e-03
 -3.5998598e-01
  1.0645518e-02
  4.3003587e-03
 -2.0819353e-03
  2.4614513e-02
 -7.6771043e-02
  4.7247669e-01
 -1.4462034e-01
  7.9338090e-04
 -2.6268115e-02
  1.2681858e-03
 -7.7634091e-03
 -1.4824548e-03
 -1.7872141e-03
  2.4661985e-01
  2.0918222e-03
 -3.5194855e-02
 -4.6144880e-05
  4.7908477e-03
 -1.0208481e-01
 -4.1151699e-02
 -1.0926656e-03
  3.7262668e-03
  2.2154137e-04
 -1.9013655e-03
 -4.5715442e-01
 -2.6614926e-04
  2.0304720e-03
  1.3787588e-01
 -8.3346343e-01
  9.8172657e-02
 -5.0624309e-04
  7.8038918e-03
  1.0433076e-01
  1.0489852e+00
  2.2499042e-03
  1.2544388e-03
  1.2084722e-02
 -2.7056711e-03
 -2.2827812e-01
 -7.5065671e-04
  6.7555107e-02
 -2.7957247e-03
 -1.7681925e-01
  2.1147590e-02
  8.6964703e-01
 -5.8524340e-04
 -1.5240671e-01
 -1.2461934e-03
  5.0155828e-03
 -7.3459474e-03
 -3.6977248e-03
  2.5583338e-03
 -3.7891823e-01
  5.8366585e-04
  5.1715821e-01
  2.0199621e-03
 -1.6882609e-01
 -1.5981858e+00
  2.1552382e+00
  4.6974236e-01
 -7.1527205e-02
 -2.1573612e-01
 -4.6795180e-01
  3.1723312e-01
  2.7145979e-01
  3.3901349e-01
  1.0723984e+00
  4.1484120e-03
 -1.2186650e+00
  6.9777481e-02
 -3.9074337e-04
  1.0066807e-01
  1.9558948e-02
  7.6868397e-01
 -5.2779675e-01
 -3.5935373e-03
 -4.3965909e-01
 -2.2843564e+00
 -1.8280036e-03
 -4.5215526e-01
 -3.7214106e-03
  7.6913596e-03
 -5.1859140e-01
 -1.5972087e-01
  4.5109248e-01
 -4.5421588e-01
  3.2629859e-01
  2.7153885e-01
  6.3195622e-01
  1.7358301e+00
  8.2723647e-02
  1.8082111e-01
  2.1457596e-01
  2.8932991e-02
  1.1015718e+00
 -8.2676446e-01
  1.8832327e-01
 -2.9682699e-01
  1.0140095e-01
  2.2786648e+00
  3.9290646e-03
  4.9601737e-01
  5.7496699e-03
 -7.6286920e-04
 -7.7753849e-02
  5.4086882e-01
 -1.2550463e-03
  1.1304932e+00
 -4.4009257e-03
  3.5924380e-04
 -1.0170710e+00
  3.6346395e-02
  2.4508463e-02
  3.3722545e-03
 -1.9020818e-03
 -2.8833911e-02
 -2.6317450e-01
 -8.5748142e-01
  1.4429984e+00
  8.4904379e-01
 -4.9353379e-01
 -3.1035265e-01
 -1.8114741e-01
  8.0715656e-01
  1.6274723e+00
 -4.2883953e-01
  1.9063239e-01
 -2.2017688e-01
 -1.9664797e-03
  2.2769902e-02
 -4.7103158e-01
  1.4631442e+00
 -5.6956444e-02
 -7.7367157e-02
  1.0377938e+00
  1.5005130e-01
  2.7367976e-03
 -1.8528069e-04
 -8.0974489e-02
  2.5088623e-01
 -1.2228071e-02
  1.3834938e+00
  1.3168034e-02
  1.2203782e-02
 -3.3019849e-03
 -2.0755874e-01
  7.8000292e-02
  3.7222162e-01
 -5.3776532e-01
 -1.9215592e+00
 -2.9832521e-01
 -1.2281927e+00
  1.3863928e+00
  1.4565088e-02
 -3.0289417e-02
  1.4451347e-01
  6.0319686e-03
 -1.5485677e-03
 -1.4002456e-03
 -6.6412254e-03
  9.2280447e-01
 -2.5085956e-01
  8.7847221e-01
  7.8136101e-03
 -4.7398973e-01
 -2.5380375e-03
 -2.5586330e-03
  9.3536597e-04
  2.9567415e-02
  3.8352093e-01
  5.6787282e-01
  1.5411214e-02
  9.9051878e-02
  4.0235361e-03
  3.6301943e-03
  9.5885843e-03
  1.8757803e-02
 -1.6337658e-01
  8.6405545e-01
 -4.9311470e-02
  1.8921386e+00
  1.2591027e+00
 -4.5579174e-04
  2.5752862e-03
  1.7402486e-03
  2.2247069e-01
  4.2574881e-03
  3.2055355e-03
 -2.0521410e-02
  2.0006742e-02
 -1.5575016e-01
  4.7312975e-02
 -3.3162408e-02
 -7.1574990e-03
 -1.1657386e-01
 -1.9780979e-01
 -4.5174807e-03
 -1.7053066e-03
  8.2914100e-04
 -6.2283292e-02
 -4.9906336e-03
 -1.1486115e-02
 -3.4896799e-03
  4.7255061e-03
 -2.7637430e-03
  2.2332415e-03
 -6.4962220e-01
  1.1831868e-02
 -4.2163420e-02
 -2.3302829e-03
 -1.3488582e-01
  6.6259496e-02
 -3.5664491e-02
 -3.1265914e-01
  7.2630040e-02
  1.8637365e-03
 -6.0242262e-02
  5.7111466e-03
 -1.7949070e-01
 -3.8626660e-02
 -2.9320797e-01
 -1.5174572e-01
 -1.3817573e-01
 -1.5036722e-01
  1.3147385e-01
 -3.9084516e-03
 -8.9583592e-03
 -2.1231774e-04
 -2.5820825e-04
 -3.4424998e-02
 -5.5886235e-02
 -5.8291415e-03
  4.8119253e-03
  4.8471438e-03
 -1.5447289e-02
  1.0086389e+00
  1.2734838e+00
  2.7151730e+00
  1.1037898e+00
 -1.0383838e-01
  1.4506830e-01
 -2.4571707e-02
  4.9843207e-01
 -1.1812797e-03
  6.3323814e-01
 -2.5197145e-01
  1.9897543e-02
  1.9985466e-01
  4.3050968e-03
  2.0453722e-04
  9.5072049e-01
 -1.3178361e-02
  3.5847962e-02
  2.1859447e-03
  5.7083887e-01
  1.4236175e-01
 -1.8373248e-01
  1.5354855e-02
  4.0011224e-03
  1.5382403e-02
 -6.5126159e-04
 -5.7262168e-03
 -6.9114222e-04
 -1.1070400e-03
  7.3984978e-03
 -5.5202357e-03
 -2.4615566e-03
  1.9029668e-03
 -5.3714454e-01
  6.9191665e-03
 -1.4969608e-01
  5.4950742e-05
 -3.6182178e-03
 -5.4322523e-03
 -4.9788640e-03
  1.3400028e-02
 -7.3590633e-03
 -5.4373587e-03
 -3.0657973e-03
 -9.2506818e-03
 -1.5294820e-01
  1.2776838e-01
 -1.0257100e-02
 -1.5233119e-03
 -2.0423653e-03
 -2.5185637e-04
 -7.9671312e-03
 -5.1366645e-03
 -3.5661343e-04
 -3.8646702e-03
 -3.4459746e-03
 -4.4647790e-03
  3.3652354e-03
  3.9966237e-03
  2.9092751e-04
  3.2615359e-03
  1.0865727e-02
  3.9533821e-01
  1.1828368e+00
 -2.3688345e+00
  6.5327215e-01
 -3.0476684e-02
 -1.4432089e-01
 -1.0324991e+00
  1.0586383e+00
  2.3906661e-02
  1.0037047e+00
  1.5306376e+00
  1.4609644e-01
  5.5197835e-01
 -2.1601431e-01
  2.6367843e+00
  9.8614806e-01
  1.3106322e-01
  1.1311823e-02
  3.4312373e-01
  7.0984410e-03
 -3.2456073e-01
  7.8006309e-01
 -1.6036521e+00
  6.7733431e-01
  1.3111013e-01
  1.5074903e-01
 -4.9868268e-03
  2.6450122e-02
  2.9271366e-03
 -1.2195283e+00
 -7.0267743e-01
  1.0787148e+00
  1.1642839e+00
 -5.8152521e-01
  3.4757953e-02
 -1.4902292e-02
  1.4842967e+00
 -3.8602154e-03
  1.1017519e+00
 -3.1779322e-03
  4.5952913e-01
 -6.1423246e-02
  9.6327633e-02
  3.7811539e-01
 -1.0261071e-02
 -8.7002665e-04
 -2.3377617e-03
  4.6181283e-03
  2.8597119e-01
 -4.4374927e-03
 -6.7878389e-03
 -9.1949170e-03
 -5.2857585e-03
  2.7062835e-03
 -1.5140247e-02
 -7.7651595e-03
  1.6251510e-03
  1.1566459e+00
  2.0866962e-04
 -9.3537971e-02
  1.9149590e+00
  4.0805298e-01
 -2.5690597e-02
  2.1558756e-03
 -2.5038543e-04
  2.7330986e-03
  2.9826075e-02
 -2.8016722e-01
 -7.8745903e-03
 -3.6814439e-03
 -6.0371277e-03
  7.4447263e-03
  9.4802286e-03
  5.1375078e-03
  4.8305470e-01
  8.7983958e-02
 -6.2337951e-03
 -2.4549814e-03
 -1.1153303e-03
  1.1451363e-03
  4.6700644e-03
  3.0672164e-03
  4.2568804e-03
  6.3286708e-03
  9.4466098e-03
  2.4790739e-05
  6.0897390e-04
  2.3236522e-04
 -3.4811322e-03
  4.0434347e-03
  6.6616327e-02
 -4.2309463e-01
 -1.5998869e-04
 -1.2246155e-02
  5.8547347e-03
  1.7519363e-03
 -1.1972716e-03
 -2.6253434e-03
 -1.4601753e-03
  6.8900903e-04
  3.2351615e-03
  1.9628266e-02
 -7.2416035e-03
  1.8690104e-03
 -4.9901344e-03
  1.7563723e-02
 -3.2899817e-03
 -3.9030286e-03
  2.4909439e-04
  5.2565755e-04
  5.7877734e-04
  2.4646387e-04
 -4.3370310e-04
  1.1637562e-04
 -8.0239903e-03
 -3.8466584e-03
 -1.0226628e-04
 -6.8784697e-04
 -7.9128956e-03
 -2.4267386e-03
 -3.2945538e-03
 -4.2330655e-01
  2.9386627e-03
  1.0695693e+00
  6.6696890e-03
  2.0801201e-02
  3.6989669e-03
  7.8542471e-01
 -1.0607401e-02
  6.4731417e-03
 -1.1854342e-02
  1.6664091e-02
 -3.0139377e-04
  2.2212092e-03
 -2.7940467e-01
  1.1491079e-03
 -2.7397424e-03
 -2.8841714e-03
  2.7345195e-03
 -5.1785256e-03
  3.0276899e-03
 -4.2635379e-03
  9.8697972e-03
  7.3456815e-03
 -2.2491028e-03
  1.2169931e-02
  5.3787441e-04
 -2.7999463e-03
 -4.5834724e-03
 -7.0264690e-02
  4.5068525e-03
 -2.3712592e-02
 -1.1678640e-02
 -3.1885819e-03
  7.2935913e-03
  3.4845935e-04
 -1.1876993e-01
  3.7600608e-03
 -2.1501103e-02
  9.8686687e-05
 -3.1924485e-03
 -7.4782278e-03
 -7.4824691e-03
 -1.6614739e-02
 -1.1971391e-01
 -2.6921250e-03
  2.3000715e-03
 -1.2747340e-02
  8.4816548e-04
  3.8095715e-03
 -1.7917167e+00
  8.1402759e-05
 -6.1534154e-03
 -5.0087832e-03
 -6.3113258e-03
 -5.0695948e-03
 -2.1465989e-03
 -1.6797975e-03
 -9.4653936e-03
  8.3807206e-01
 -6.9394425e-02
 -4.5180786e-02
 -1.5640756e-01
  2.7440086e-01
 -2.9770672e-02
  6.6238473e-04
  1.8591161e-01
  3.4558928e-01
 -1.0449452e+00
  7.9360873e-02
 -2.2018456e-01
  8.1775390e-02
 -9.0631488e-04
 -1.9212362e+00
  1.0915476e-02
  2.0021092e-02
  6.2337246e-02
 -2.1657759e-01
 -2.1684285e-01
 -7.0711965e-04
  4.7165938e-03
  6.6606780e-03
  5.1515102e-02
  6.8346513e-03
  2.3230964e-02
  2.5484633e-02
  4.8070089e-03
  4.5358093e-04
  2.3105245e-03
 -8.3821434e-01
  5.3879291e-01
 -1.1709148e+00
 -4.2816368e-01
 -1.8319794e+00
 -1.6494532e+00
  6.8589842e-01
 -2.5689275e+00
 -6.2641746e-01
 -8.8149792e-01
 -4.9064767e-01
  9.2121410e-01
 -7.4862581e-01
 -9.8500419e-01
 -7.8220832e-01
 -4.2218563e-01
  8.1186801e-01
  2.1407222e-03
 -8.4707719e-01
 -9.2183566e-01
 -1.1924298e-02
 -7.1575426e-02
  3.2681096e-02
 -1.1726519e+00
 -8.2945621e-01
 -3.4426995e-02
 -3.4823976e-03
 -2.4832624e-03
 -2.6524505e-01
  9.1650244e-03
 -1.3042161e+00
  6.7307043e-01
 -1.6608206e+00
 -9.0156662e-01
 -2.2691648e-01
 -8.5231781e-01
  1.7566050e-03
 -9.5332593e-01
 -6.1331296e-01
  5.2430826e-01
 -6.3865179e-01
  3.4896782e-01
  4.5374504e-01
 -1.4469136e-01
  1.2658435e-01
 -2.3898420e-01
  3.4097368e-01
  1.1229226e-01
  1.8978275e-01
  5.0395788e-03
  1.8667001e-01
  2.7512336e-01
  1.0008162e+00
  3.2830113e-01
  3.6387548e-01
  5.2214828e-03
  3.7796274e-02
 -1.1766367e-02
  9.3635572e-03
  4.8264399e-01
  7.3379939e-03
 -3.3618280e-01
  1.4454349e+00
  4.5582965e-01
  1.1012528e+00
  6.4991969e-01
  3.3738222e-03
 -3.1344357e-03
  1.4189225e-01
 -1.1310469e-01
  1.7676220e-03
  1.7086288e-03
 -3.0276624e-03
  3.6579835e-01
 -2.4832444e-01
  4.0374286e-02
 -4.5625973e-04
  1.4379924e-03
  1.5474807e-02
  1.3972638e-03
 -1.7957155e-03
  3.6666596e-03
 -1.1743755e-02
  5.8869552e-03
 -3.3806765e-03
  3.5458789e-04
 -1.7720519e-04
 -5.9804334e-03
 -2.7759555e-03
 -8.0200322e-03
 -3.2841158e-03
 -1.4418506e-03
 -7.7578323e-03
 -2.8568776e-03
 -1.1607639e-02
 -1.8879371e-03
  9.2508411e-04
  3.6220686e-03
  9.0527395e-04
  3.4169818e-03
  2.2383581e-03
  6.4175588e-04
  1.4133564e-03
 -9.4806440e-03
 -6.6200541e-03
 -4.4659772e-03
 -2.3002205e-03
  8.3300739e-04
  5.3537777e-03
 -1.6809837e-03
 -1.8822138e-01
  3.3342442e-03
  1.5261172e-03
 -8.8883071e-06
  1.8893802e-03
  8.7616348e-04
  4.4075064e-03
 -1.5548402e-02
  4.6202484e-05
  1.2460308e-02
  4.1843764e-03
 -1.6010787e-03
  4.3623857e-03
 -7.5951386e-03
 -5.7333363e-03
 -1.8310125e-03
 -6.2504937e-03
 -3.2683737e-03
  2.5550490e-03
 -1.4905744e-03
  4.6320772e-03
 -2.9100084e-03
 -3.5123457e-03
 -1.3717538e-03
  5.6690181e-04
 -2.2475356e-01
  1.2419808e-04
  1.7907363e-03
  5.3657531e-03
 -1.2894979e-03
  1.5208025e-02
  2.8376381e-03
  7.5964119e-05
 -2.0798289e-03
  1.7100266e-03
  1.5308984e-03
 -3.3798143e-03
  8.1590498e-03
 -2.9255543e-03
 -8.4404834e-03
  3.2772166e-01
  9.0548623e-01
  8.6264318e-01
  4.5090047e-01
 -6.3070840e-01
 -2.5014433e-01
  3.5797458e-03
  1.4647108e-01
  1.9804998e-03
  9.9765033e-02
  7.2410274e-03
  7.1597408e-04
 -4.3902583e-03
  1.9675255e-04
 -8.5495663e-04
  1.5717617e-01
  2.0980285e-03
 -1.7472637e-03
  3.5197849e-03
  1.1459349e-02
  7.9487674e-03
 -9.4983145e-04
 -2.6154652e-04
 -7.6831602e-03
  1.1332757e-02
  1.2867585e-02
  1.6627723e-03
 -4.9492503e-03
 -1.0881114e-02
 -7.3982024e-04
  5.4427393e-04
 -4.5393002e-03
  3.8871023e-01
  2.4635710e-03
  2.4217305e-01
  5.9666045e-02
 -7.5977407e-03
 -5.6311651e-04
  3.3058640e-01
 -8.4720522e-01
 -8.0891354e-03
 -1.8201394e-04
  5.5314824e-03
  4.3618429e-02
 -1.4238117e-03
  7.8390632e-03
 -1.5077910e-03
 -3.1159432e-03
 -2.3948051e-04
 -5.0210179e-05
 -8.4518120e-03
 -2.5804273e-03
  8.0502843e-03
 -1.4450981e-03
 -3.6724389e-03
 -2.7585132e-03
 -3.1644832e-03
  4.4477028e-01
 -5.1059513e-03
  2.0983825e+00
  1.1753151e-02
 -5.3166472e-03
 -5.1069492e-03
 -5.0850562e-03
  4.6542678e-03
 -1.5381554e-03
  1.1047211e-02
  6.3896757e-03
 -1.7079868e-03
 -7.6113837e-03
 -5.9903236e-03
 -2.2823317e-03
  1.4234032e-03
  1.2292602e+00
 -1.0795816e-03
  6.1867624e-03
  6.9593667e-04
 -1.0577029e-03
 -6.5874942e-03
 -5.9330198e-03
 -1.8578720e-03
  1.0949447e+00
  5.7110507e-03
 -2.4706684e-03
  3.9707189e-03
 -2.4439237e-04
 -5.6572095e-03
  5.4640889e-02
  1.7383110e-03
  1.1586213e-03
  2.0696197e-03
  1.5484750e+00
  1.5783716e-03
 -3.4544817e-01
 -2.2977585e-01
 -1.3161520e-02
 -5.2344864e-03
  1.1199721e-01
 -2.6287522e-02
 -1.8763135e-01
  8.0088943e-02
 -1.3057449e-01
  3.9465100e-02
  5.8223352e-02
 -9.8239090e-03
  4.3760103e-01
  8.0522131e-03
 -4.3462217e-03
 -6.7928173e-02
  1.3137987e-01
 -2.7401054e-03
 -1.4282337e-03
  3.4028946e-03
 -2.0840500e-02
  3.8142165e-03
 -1.3392392e-03
  1.3590413e-03
 -2.3860217e-03
 -2.1398624e-03
  1.9714213e-03
  1.5406468e-03
 -2.1388214e-03
  4.2775273e-03
  3.5712880e-04
  1.8565901e-01
  1.6594236e-03
  5.5095991e-03
 -3.9669238e-03
  1.3645381e-03
  1.5517962e-02
 -7.3962408e-01
  2.4991990e-03
 -6.3422192e-03
 -3.1956823e-03
 -5.0544066e-05
 -1.5388286e-03
  1.4769144e-03
 -1.9628445e-03
 -7.0171111e-04
 -9.9205505e-04
 -3.3107500e-03
 -4.2080178e-04
  3.8809955e-04
 -7.0061954e-03
  1.8540808e-03
  2.2094185e-03
  1.0862310e-03
 -2.2063369e-03
 -5.2759293e-03
 -4.0098405e-04
  1.9686447e+00
 -1.0941675e-03
 -4.0817824e-03
  3.7140888e-03
 -3.7034326e-03
 -2.8336495e-03
 -1.2140961e-03
 -3.2485730e-03
  9.5488876e-04
 -1.2256821e-03
 -2.1520015e-03
 -8.9758020e-03
  4.5101410e-03
 -1.7659692e-04
  7.5433087e-03
  6.2692305e-03
  1.5453832e-03
  2.1140140e-03
 -7.2501050e-03
 -6.7971218e-03
  4.5952359e-03
 -1.4303704e-02
 -9.4557526e-03
 -5.8819512e-03
  3.5379955e-03
 -1.8644888e-03
  3.4628108e-03
  4.1697928e-04
  3.0152649e-03
  7.1907700e-03
 -3.4563937e-03
 -6.7702518e-04
 -9.8346884e-04
  2.9975020e-03
  3.1442307e-03
 -8.6566135e-03
 -3.7936748e-03
 -3.3785538e-03
  8.9786626e-02
 -2.3364220e-03
  2.2003581e-03
  7.4752769e-04
 -4.2621428e-03
  6.8925214e-03
 -1.9043765e-03
  2.2078049e-03
  8.9318026e-04
  1.1760385e-03
  3.6686391e-03
  3.7945079e-04
 -3.6936798e-04
  9.0980268e-04
  1.6407873e-03
 -2.8194427e-02
  1.0571917e-02
  4.7959955e-03
 -7.6676589e-03
 -4.9438728e-03
  1.7216253e-03
  8.8794781e-03
 -1.6989861e+00
 -5.2862835e-01
  2.3759481e-01
 -1.7648436e+00
  1.3056886e+00
  1.3386787e+00
 -4.0301010e-01
 -1.6365011e+00
 -1.1464428e+00
 -3.5837924e-01
  1.3558873e-02
 -1.4683286e-03
 -1.3846577e+00
  6.1063105e-01
 -1.0632373e-02
  1.8788614e+00
 -7.4881852e-02
 -7.1838915e-01
 -2.1246812e+00
  2.8537815e-02
 -5.0073755e-01
 -3.1320807e-03
 -1.0281294e-02
 -8.5832775e-03
 -4.7922117e-01
 -1.0139473e-01
  1.1089741e-03
 -5.8219308e-04
 -2.9426998e-02
 -2.1608819e-03
  1.5995507e-03
  8.8070001e-04
  4.4709481e-03
 -2.9408927e-03
 -3.4546186e-03
 -1.0140906e-02
 -1.2150093e-02
  7.9051048e-01
  2.8123369e-04
  8.8523868e-03
  2.7926920e-03
  1.8567318e-03
  7.9788407e-03
  2.2136342e-02
  8.3822869e-03
  1.9161057e-02
  6.1519290e-03
  2.0497555e-03
 -5.5095349e-03
 -8.7401096e-04
  4.1869627e-03
 -1.7122313e-01
 -1.0012066e-03
 -8.0161970e-03
  7.1815411e-03
  4.0558232e-03
  3.5652258e-03
 -4.9114707e-03
 -5.5128606e-03
 -3.6862071e-03
  8.8631040e-01
 -1.1756097e-02
  2.6608880e+00
  5.7056630e-01
  8.8909405e-01
  1.0166870e+00
 -6.8753541e-01
 -2.0212486e-01
  8.8522673e-01
  6.1450583e-01
  9.6498489e-01
 -1.5899254e-02
 -5.3718019e-02
  4.7491107e-02
  2.5966298e-02
 -5.1463211e-01
 -8.6065874e-02
 -2.3035038e-01
  1.1535968e+00
  6.8757463e-01
 -1.0520830e+00
 -5.9393001e-01
 -1.7775555e-01
  5.1688556e-02
  7.4675806e-02
  1.4021966e-03
  1.0585603e+00
  5.4956313e-02
  2.5545392e-04
 -4.9296734e-03
 -5.2850117e-04
 -1.8105534e-03
 -3.4820309e-01
  6.8198140e-03
  3.1371564e-01
  8.4716943e-04
  6.4790333e-03
  3.3130050e-03
 -1.2103614e-03
 -7.5046328e-04
 -1.3267324e-02
  8.4495684e-03
 -1.2361516e-03
 -1.0039849e-02
 -1.5552012e-02
 -5.0989930e-03
  1.8889079e-03
  1.8162245e-03
 -1.3366984e+00
  6.7228139e-03
  5.2268235e-03
  8.1483433e-03
  1.0065005e-02
 -2.4896315e-03
 -1.4599098e-03
 -6.3833869e-03
  3.5376716e-03
 -1.2939974e-02
  6.3986876e-03
 -6.9389218e-03
  5.3591305e-01
  2.8290054e-01
  4.0584710e-01
 -5.0680858e-01
  6.3473438e-03
  7.1382785e-01
  4.7141062e-03
  7.9059070e-01
 -1.0510927e-01
 -1.0004535e+00
  1.6276930e-01
 -4.7056499e-01
  1.9428313e-03
  2.7126208e-01
 -1.3792502e+00
  4.2429850e-01
 -1.9368555e-01
  3.8684751e-03
 -9.4376141e-01
 -1.6258225e-01
 -8.7050736e-01
  7.3932153e-03
 -2.0571907e+00
 -1.5670970e-02
 -1.5094908e+00
 -2.9763673e-03
  3.4881648e-01
  3.6647399e-03
  1.2263969e-01
 -1.4984403e+00
  3.8463151e-01
 -8.2723129e-01
  3.4727478e-01
 -3.9036137e-01
 -6.3490790e-01
  5.3788787e-01
 -9.9436693e-02
  8.5168815e-01
 -6.0179549e-01
  1.4910932e-01
  1.1314961e-01
  1.1924639e-01
 -1.9420795e-01
  3.8633865e-01
 -1.1584026e+00
  1.6069938e+00
 -3.1388330e-01
 -7.6912209e-02
  3.5403215e-03
  1.9268675e-01
 -2.1096919e-01
  7.4480459e-02
  1.1391435e+00
 -7.2872438e-02
 -1.7215851e-03
  5.3789850e-02
 -5.9930801e-01
  5.5098221e-02
 -9.4384521e-01
 -1.5336157e-01
  3.8468351e+00
  2.4337743e-01
  1.7837966e-03
  1.5526609e-02
 -1.0632125e-01
 -5.9353787e-01
  8.0056587e-04
 -8.7419622e-02
  1.0165316e+00
 -6.8383133e-01
 -1.0172188e-01
  8.1167324e-03
 -6.7877933e-02
  8.8432914e-01
 -4.6438313e-01
  2.5310868e-01
  6.8366006e-02
  8.3301389e-01
 -3.5041613e-03
  2.0465993e-03
  7.2601035e-02
  2.4024895e-03
 -2.9310777e-03
  2.8215351e-03
  8.1218906e-02
 -2.7258195e-02
 -1.3374595e-02
  4.1767815e-04
  2.2484513e-02
  7.9259437e-01
  1.3083277e-02
  1.7747971e+00
  4.8491585e-01
  2.4105767e-02
 -2.7244757e-03
  3.3104673e-02
 -9.6220478e-02
 -3.8760242e-01
 -1.1412734e-02
 -2.9377716e-03
  2.7773353e-01
  1.6925994e+00
  3.2028815e-01
  4.1581593e-02
 -6.0595858e-01
 -2.8434289e-01
  2.8101647e-01
  9.7518981e-01
 -5.5191833e-01
  1.0223289e-01
 -7.3050626e-04
  3.1491818e-03
  6.5363693e-01
 -1.3488643e-01
 -2.8243390e-01
 -1.6210371e-01
  1.5858669e+00
 -7.0694906e-01
 -4.1868103e-01
 -3.0531697e-03
  9.1087389e-01
  3.6482182e-01
  8.6023307e-01
  9.2219663e-01
 -3.7863654e-01
  9.6890979e-02
 -7.0359563e-03
 -2.9489200e-03
  2.5406891e-01
  2.2789814e-02
 -7.7906433e-03
  9.1534592e-03
  9.9949318e-01
 -1.6301011e+00
  1.7346846e-01
  6.1867423e-03
  1.5937033e+00
 -1.9127444e-03
  1.2530237e+00
  7.0995295e-01
 -4.8820111e-01
 -8.0915585e-02
  2.9642222e-02
 -5.3365650e-03
 -1.1158161e-01
 -5.0709456e-01
 -8.7741977e-01
 -2.0253953e-01
 -1.0456136e-01
  2.4852346e-01
 -1.1725286e-01
 -3.8382869e-02
 -1.2711738e+00
  1.9190167e-01
 -2.0403515e-01
  1.4757485e+00
 -5.2487582e-01
  2.3023427e-01
  1.9636311e-04
  2.5911935e-02
  1.6303772e-02
 -4.2812087e-02
 -1.7634013e-01
 -4.8035568e-01
 -8.1690556e-01
 -7.9584664e-01
  6.0889829e-04
  2.8293875e-01
 -1.2634466e+00
  3.1689221e-01
 -6.0333563e-03
  1.9598149e-01
 -8.3856231e-01
 -4.2050906e-02
  3.6031071e-02
  5.5615360e-01
 -7.4423678e-02
  2.9025316e-01
  5.1969063e-02
  7.2380975e-02
  2.6834776e+00
 -4.8609591e-01
 -7.5438261e-02
 -8.2827043e-03
 -2.2287381e-01
 -5.6958634e-01
  1.7311130e-01
 -7.7357823e-01
 -5.6129599e-01
  3.6330113e-01
  1.7719941e-01
 -2.5545236e-02
 -2.9932009e-03
 -3.9484784e-01
 -9.5090044e-01
 -1.5243571e-01
  5.2270651e-01
 -8.3106858e-01
  2.3845306e-01
  1.5410160e-01
  8.0031347e-01
 -4.7774631e-01
  1.9836868e+00
 -7.8592226e-02
 -3.2590863e-01
  5.0467998e-02
  6.4362343e-03
  5.5789626e-03
  2.5012972e+00
  2.0158274e-01
  8.9172870e-02
  2.6602829e-01
 -1.1631162e+00
 -3.3109137e-01
 -1.7575836e-01
  2.8698197e-02
 -8.6515439e-01
 -1.9865339e+00
  2.3893015e-01
  1.6186482e-01
 -5.0053841e-01
 -6.7039239e-03
 -1.5594645e-03
  4.4084745e-03
 -5.1269017e-04
 -1.9206127e-02
  8.8344421e-03
  6.4440921e-04
  2.4832476e-02
 -5.9619043e-03
  1.4784331e-03
  4.7356309e-03
 -3.0151458e-02
 -2.1337578e-01
 -6.8004958e-02
 -9.7855741e-01
  4.0524939e-01
 -5.5914791e-04
 -2.6717477e-03
  2.0930644e-02
  4.0751398e-03
  7.4722505e-01
  1.2297384e-01
  7.9063065e-02
 -1.2751251e+00
  3.4023440e-01
  6.6021662e-03
  1.6581915e-02
 -3.4800574e-01
  1.8889607e+00
  1.5061163e+00
  1.7962195e+00
 -3.0057948e+00
  6.1214585e-03
 -1.3586973e-04
  9.6558873e-03
  8.6703503e-01
 -8.1541014e-01
 -3.3435421e-03
 -2.2249067e-01
 -1.2895410e+00
  7.2236222e-01
  9.5305843e-03
  3.1281768e-03
 -9.3622941e-01
  8.6496341e-01
  4.7112137e-01
  7.0305061e-01
  5.8200085e-01
  3.6136445e-02
 -7.1061979e-04
 -3.4846892e-03
  1.4061169e-03
 -1.5925224e-01
  1.8763702e-01
  4.1382248e-03
 -2.9160076e-01
 -4.3779793e-01
  1.3465449e-02
 -1.3718460e-03
  7.6438886e-01
 -2.0614007e+00
  5.1822275e-01
 -6.9203621e-01
  2.1575696e+00
 -4.9306061e-02
  7.6174159e-03
 -4.5825989e-04
  1.3469712e-01
  6.1340934e-01
  2.9621040e-02
  1.3055637e-03
 -1.0535277e-01
  2.5292084e-01
 -2.8444597e-01
 -6.6491350e-04
 -2.0764611e+00
 -8.1502736e-02
  8.3746374e-01
  1.3220834e+00
 -1.1466718e+00
  7.4743211e-01
  2.1650888e-02
  1.4832318e-03
  7.5604968e-02
 -7.9903740e-01
 -4.8376688e-01
  3.3968356e-01
  1.6112379e+00
  2.0681854e-02
  5.9077591e-01
  8.6716907e-03
 -1.4430608e+00
  7.6260632e-01
 -7.1935195e-01
 -8.6705482e-01
  7.6394901e-02
  1.1450341e+00
 -4.5726192e-03
  3.5518429e-03
 -8.4886479e-01
 -2.2230659e-01
 -1.1957191e-02
 -7.7919415e-03
  6.1106420e-01
  1.2226650e-02
 -6.7387176e-01
 -7.0893080e-03
 -2.7685590e+00
  9.1236466e-01
 -1.5077542e+00
 -2.0806813e+00
  7.6393664e-01
  4.8064273e-02
  4.5241959e-02
 -3.9375685e-02
 -3.2846180e-01
  7.6872391e-01
  9.7735143e-01
  1.2090122e-03
  9.6312739e-02
 -2.6092142e-01
 -3.0439293e-01
  1.2926924e-03
 -4.6739113e-01
  2.9284289e-01
 -1.8074455e+00
  3.2845005e-01
  1.2474954e+00
  2.1403578e-01
 -6.4105958e-02
 -2.9769323e-03
  1.4382530e+00
 -1.8864460e-02
  2.2487342e-01
 -2.4936871e-01
  5.9788609e-01
  1.1840701e-01
  2.0226426e+00
  1.0419732e-02
  3.1010606e+00
  1.7699236e+00
  7.3600984e-01
  3.1677525e+00
 -8.6456873e-02
 -7.8488179e-03
 -4.7735195e-03
 -8.0244843e-04
  4.6140291e-03
  1.4407648e-02
  1.5729043e-03
  4.4420334e-03
 -5.3527570e-01
  3.8140954e-03
  7.4907034e-03
  2.5098645e-03
 -2.3790282e-01
  1.4920907e+00
  5.1235271e-01
  1.3101264e+00
 -7.7860430e-02
  5.4905392e-02
  7.1792360e-03
 -7.9308469e-03
  4.8529944e-01
  2.3951592e-01
  1.4280347e-02
 -2.1704298e-01
 -2.2206418e-01
  1.0625371e-01
  2.9858488e-03
 -1.7744188e-01
 -6.8044953e-02
 -2.0246506e+00
 -5.5685967e-01
 -1.0882833e+00
 -7.3560351e-01
 -3.2953940e-02
 -8.0967076e-02
  2.2588745e-03
 -2.6228520e-01
 -7.5143480e-01
 -1.2049105e+00
 -1.5436064e+00
 -7.2871989e-01
  1.5465170e+00
  1.9322606e+00
  1.6065083e-02
 -2.7964258e-01
 -6.6808276e-02
  2.4979742e+00
 -9.2024833e-02
 -4.7612801e-01
 -6.3321508e-02
 -6.7178763e-02
 -1.8611135e-02
  1.4221598e+00
 -6.5215009e-01
  6.2547266e-02
 -1.0942810e+00
  9.6478504e-01
 -3.4400675e-01
 -2.1414596e-03
  2.7643370e-03
  4.6413785e-01
  2.3523208e-01
  2.1431332e+00
  2.3252938e+00
 -4.4097587e-02
 -7.2306372e-02
  2.4574547e-01
  7.4812151e-02
 -3.3626440e-01
 -3.4206769e-01
 -1.2678816e+00
 -1.0316557e-01
  5.2837741e-01
 -1.2679559e-01
  1.1427969e+00
  2.6031522e-04
 -1.1351330e+00
  1.2105935e-01
 -3.4280726e-01
  9.1778678e-01
  2.8673103e-01
 -3.8824248e-01
 -4.4160713e-02
  1.9874461e-03
 -7.4536449e-01
 -6.2868470e-01
 -2.0064159e-01
 -1.5953876e+00
  1.4342210e+00
  1.0587932e+00
  1.1647711e+00
  1.1113915e-02
 -3.1074807e-01
 -2.0423850e-01
  7.7940226e-01
 -1.9265296e+00
 -1.6872232e+00
 -2.3666716e-01
 -1.4590211e-01
 -6.8710763e-03
  3.5543105e-01
 -3.3135518e-01
  3.5893899e-01
  1.3382225e-01
  4.8869488e-01
 -2.6969245e-01
 -5.4530501e-03
  5.7622367e-03
 -4.3051764e-01
  5.5117601e-01
 -2.0905802e-01
 -4.2266756e-01
 -6.8271104e-03
 -1.4077561e+00
  5.6713998e-01
  1.2280223e-03
  7.0786685e-01
  1.9097844e-01
 -8.4275144e-01
 -1.0064656e+00
  1.4901794e+00
  5.1675493e-01
  8.8730621e-01
 -2.4863416e-03
 -1.7432522e+00
 -1.7610143e-01
  1.5304862e-01
  1.3363175e+00
  5.6782465e-02
  3.4671515e-02
  5.4025805e-01
 -2.8098345e-01
  2.1618869e+00
  1.2063476e+00
  2.4861641e-02
 -1.1549889e+00
  9.7488660e-01
 -4.4832621e-02
  3.4263499e-02
 -5.0127720e-03
 -2.1048196e-01
 -1.5085660e+00
 -6.4552820e-01
  7.6379910e-02
  3.1428340e-01
  7.6686119e-04
 -1.6280555e-03
  9.8898010e-03
 -2.1215241e-02
 -1.9845748e-01
 -4.7133123e-03
 -8.8857338e-02
  7.5333834e-01
 -3.7057650e-01
  4.1771731e-01
 -5.1945746e-03
 -6.0784954e-01
 -1.5702845e-01
  8.8713248e-05
  9.3355030e-01
 -6.3698119e-01
 -2.1677962e-01
 -1.1670616e-01
 -3.5941052e-01
  3.9253876e-02
  3.6614197e-01
  7.8477323e-01
  6.4176434e-01
 -8.5015297e-01
 -1.9062746e-01
 -7.7474499e-01
  2.2211398e-03
  1.2362405e+00
 -9.8489219e-01
 -1.1042880e+00
 -1.4899448e+00
  1.7399271e-01
  1.6050325e-01
  8.1194043e-03
 -6.4357445e-02
 -2.8174898e-01
 -1.5702055e+00
 -2.2205808e+00
 -1.4931160e+00
  1.3393105e+00
 -1.1552509e+00
  2.2845805e+00
  7.3236842e-03
 -1.7445242e+00
  8.1579173e-01
 -3.2474216e-02
 -1.3402069e+00
 -5.6590438e-03
  4.3214178e-01
  1.6816787e-01
  4.5108560e-02
 -8.3198130e-01
 -2.7715669e+00
  2.9136229e-01
  4.8807600e-01
  2.6581790e+00
 -1.6454963e-02
 -6.1970299e-01
 -5.1569834e-02
 -4.8039198e-01
  1.2959226e+00
  1.3587196e+00
  2.2920544e+00
 -2.6456717e-01
 -2.8972274e-01
 -5.2613086e-01
 -3.9860153e-01
  1.3706421e-02
  1.1512463e+00
  5.7916334e-03
  6.7110020e-01
 -7.5342369e-01
  1.5198836e-01
 -7.3478633e-01
  1.5309243e-01
 -6.3963220e-02
  6.7464453e-01
  1.2226974e-03
 -9.4677770e-01
 -6.7249233e-01
  1.8030095e-01
  1.9353390e-02
 -2.2244813e-01
  3.4325802e-01
  1.7041737e+00
 -1.5532064e+00
 -5.3115910e-01
 -2.2622675e-01
 -4.9830121e-01
  5.7631135e-01
 -3.4443846e-01
  1.5827717e-01
 -2.4791157e-01
  1.8153013e-01
 -4.3322579e-03
  5.5597895e-01
  8.0119956e-01
  2.9031989e-01
 -1.9101675e-01
  1.0436125e-01
 -3.2428250e-01
 -1.2178572e-01
 -4.1113705e-03
  1.4881209e+00
  8.2043394e-02
  4.5173672e-01
 -2.2733024e-01
 -1.0239103e+00
 -5.2552074e-01
  1.5172821e+00
  8.0210656e-01
 -1.6134797e+00
 -2.1922368e-01
 -2.4333645e-01
  1.3029345e-02
 -3.7756104e-02
 -1.0914837e+00
  1.0513161e+00
  6.7022294e-01
  2.8180099e-01
 -9.5543939e-01
 -8.0243790e-01
 -3.5760710e-01
 -4.7033727e-01
  1.9183421e-01
  9.0559286e-01
  2.0805371e+00
 -3.8771695e-01
 -7.0507757e-02
 -1.3532835e-03
  1.6090010e-03
  8.6472201e-01
  1.7600877e+00
 -3.1283295e-01
  2.0384777e-01
  1.1620553e+00
 -1.8888715e-01
 -2.8032935e+00
 -2.1786790e-02
 -7.5016886e-01
  9.1910714e-01
  9.9544573e-01
  9.9337047e-01
 -1.2952195e+00
  7.8906407e-05
  2.0709718e-03
  7.5699449e-01
 -8.2356697e-03
  6.9718779e-04
  5.1673818e-03
  1.5586376e-02
 -5.0297165e-01
  5.3295445e-01
 -2.3158103e-01
  6.4062933e-04
  1.5062869e+00
  1.1565351e+00
  3.4282010e-02
  3.8068089e-01
  2.0567939e-01
  5.8196115e-01
  2.6663879e-04
 -2.3437513e-03
 -3.5843092e-03
 -1.4187297e+00
 -6.2976673e-02
 -4.4461023e-02
  3.6414311e+00
  1.0879568e+00
  1.5363848e-01
  6.2526376e-03
 -4.9421293e-01
  9.6982759e-01
  2.2267917e-01
  7.7742101e-05
  9.7124374e-01
 -1.5048111e-03
 -4.6402949e-04
 -1.9807744e-04
 -4.9401429e-03
 -1.1981007e-01
  9.7684741e-01
  1.8305618e+00
  3.0293292e-01
 -3.5640037e-01
 -2.4155987e-02
  1.6456389e-01
  4.2249316e-01
 -1.0042068e+00
  1.1477686e+00
  2.1005820e-01
 -1.6086626e+00
 -5.0924225e-03
  1.5990973e-03
  2.0090090e-03
  2.5408262e-02
 -8.0479294e-01
 -1.0380237e-01
 -4.4833445e-03
 -4.3244097e-02
  3.6967435e-01
  1.5031599e-01
 -4.3533361e-04
  1.5573307e+00
  7.7187020e-01
  1.4659070e+00
  2.9505219e+00
 -1.3454137e+00
  2.4074116e-03
 -4.5270298e-04
  4.9102036e-03
  6.8793567e-03
  4.7331017e-01
  1.3362965e-02
  7.4903017e-01
 -3.5355501e-02
  2.6139462e-01
  2.6328969e+00
 -1.5663439e-02
  9.8238987e-01
 -5.3397501e-01
 -1.3505073e-01
 -5.8904910e-01
 -1.0786198e-02
 -1.5184934e-03
  3.2102964e-03
  4.8789405e-03
 -1.4391004e-03
 -1.8909214e-01
  5.5484593e-01
  1.6775689e+00
  3.1861430e-01
 -1.7605760e+00
 -3.2757607e-01
  1.6576041e-01
 -6.1007899e-01
 -1.0272860e-01
 -4.7374964e-01
  1.1151058e-01
  2.6023299e-01
 -4.5268163e-03
  4.1199997e-03
 -5.2848803e-03
 -6.8900792e-04
 -6.5826362e-01
 -1.4482392e-01
  1.7423834e-01
 -3.4911782e-01
 -2.0991564e+00
  1.0082698e+00
  1.1263466e+00
 -1.4165016e-01
 -1.5553588e-01
  1.9368304e+00
  9.7194009e-02
 -1.2388757e+00
  2.8044442e-03
  9.0948744e-03
  2.0097487e-03
  1.1456512e-02
  2.3333566e-01
  2.0061272e-01
 -1.1217873e+00
 -1.5968181e+00
 -2.4095140e+00
 -1.0685263e+00
 -3.1839882e-03
  5.4951066e-01
  7.4111992e-01
  2.8271312e-03
  1.8176503e+00
 -7.8965861e-01
 -2.7418316e-03
  2.9932202e-03
 -2.3279492e-02
 -2.6543215e-01
  1.6875473e+00
  7.8792632e-01
  7.5184005e-01
 -1.2139150e+00
  3.8882196e-01
 -9.9697721e-01
  4.6839253e-03
 -1.5051396e-01
 -3.3351723e-02
  3.1908223e-01
 -2.0385640e+00
 -2.8139722e-01
 -1.8726530e-03
  1.3391065e-03
 -1.5995969e-03
 -3.1987840e-01
 -1.6706198e-01
  2.1087509e-03
 -2.7484251e-03
 -7.5098282e-01
  2.6066878e-03
 -3.7033330e-03
 -8.0581317e-03
 -5.1288718e-01
 -3.8641813e-01
 -1.7815615e-01
 -6.5807176e-01
  2.3953555e-02
  2.1431919e-03
  2.3030214e-02
  5.2912724e-03
  2.0413618e-01
 -9.7322398e-01
  4.7437024e-01
  1.3573742e-01
 -3.2902798e-01
  3.4445986e-01
  1.1156954e+00
  1.8183426e-03
  6.5596133e-01
  1.3946799e-02
 -6.7210115e-02
 -1.5287502e-01
  1.3950350e+00
  7.9049796e-02
  1.9987048e-05
 -2.3192673e-03
  3.3285227e-01
 -1.0602467e-01
  7.6465571e-04
  7.7512853e-02
 -1.2180667e+00
  3.1550056e-03
  5.8136845e-04
  5.0551784e-03
 -1.0698973e+00
 -2.7226195e-02
 -5.2911572e-02
  1.1985974e+00
  7.5106615e-01
 -7.7695688e-03
 -1.7908614e-03
  9.5801568e-03
  4.3597016e-01
 -8.7560620e-03
  1.3758019e-02
  5.1988702e-02
 -8.0290037e-01
 -3.2776865e-01
  9.9209732e-01
  3.0656210e-03
  8.7604624e-01
 -6.4516407e-01
  5.7232734e-02
 -2.7688643e-01
 -2.5841455e+00
  4.0027674e-02
 -1.3107433e-03
 -1.1126876e-01
 -1.3518560e-03
 -1.2004691e-01
  9.7459657e-03
  5.6840587e-01
  8.5686773e-01
 -1.0700399e+00
 -1.3887881e-02
  8.7711923e-03
 -5.0362289e-02
  5.3971089e-02
 -1.1492213e+00
  5.7338005e-01
 -1.7435311e-01
 -1.7867690e-01
 -2.8654118e-03
  5.6121163e-02
 -1.7708800e+00
 -1.3395278e-01
  5.0299247e-03
 -2.9921092e-02
 -3.4683043e-01
  3.9189664e-01
  7.1613878e-01
  1.9546708e-03
 -1.0455757e+00
 -4.8698511e-02
 -1.8313525e+00
 -1.0839224e+00
  1.1586570e+00
  4.2753029e-03
  1.4548223e-01
 -3.2599729e-02
 -1.2829319e+00
 -5.4753214e-01
  2.6423800e-01
 -5.5463141e-01
  4.7391382e-01
  7.3699349e-01
  3.4815282e-01
  1.7798236e-03
 -1.2718602e+00
  2.0900616e-01
 -8.0581445e-01
  1.2851973e-01
  8.7841928e-01
  7.4697309e-03
 -1.7158811e-03
  2.9001888e-03
 -2.5291562e-01
  1.3559298e-01
  1.3592632e-03
 -1.8133329e-01
  3.2651019e-01
  5.0187296e-01
  3.7386036e-01
  3.9409968e-04
  4.6175522e-01
 -1.6163811e-01
  2.8442562e-01
  8.3353293e-01
  2.5432828e-01
 -3.7249157e-01
 -2.5686869e-02
 -1.6805649e-01
  8.3050662e-01
  9.1255078e-04
 -1.7395449e-03
  1.9010488e-03
 -4.8782520e-02
 -1.7019750e+00
 -6.1270207e-01
 -9.9584053e-04
  1.1171340e+00
 -1.9964594e-01
  8.9787865e-01
  5.9141390e-02
 -1.2496512e+00
 -3.3311397e-03
  1.4208587e-03
 -1.9033212e-03
 -1.3101056e-05
 -5.1115449e-03
  9.7980315e-04
 -3.2923321e-04
  4.6302620e-03
 -5.7698064e-03
 -1.1063361e-06
 -3.0028933e-01
 -5.7569139e-02
  4.8871613e-01
  9.9608954e-03
 -2.6505196e-01
  4.9945295e-01
 -1.9427876e-01
 -2.0870242e-01
 -2.7144277e-01
 -2.2377619e-01
  4.2795390e-01
 -7.4498272e-03
  1.6744701e-03
 -4.0294044e-04
  1.0562031e+00
 -3.9463657e-01
  6.9293310e-04
 -6.4585363e-03
  6.0008317e-01
 -2.5941914e-01
  1.5633451e+00
 -2.9147176e-02
 -1.2252160e+00
  1.8893866e-02
  1.7128583e-02
  1.1933939e+00
  5.5207465e-02
  6.9705783e-03
  3.2748908e-03
  1.8926777e-01
 -2.8880551e-02
 -1.8181952e-03
  1.0764620e-03
  8.5991986e-02
 -3.2562748e-02
 -2.6660311e-01
 -4.0338252e-02
  1.3087335e+00
  2.2555372e-02
 -4.9053211e-02
 -6.0404476e-02
  3.9713643e-02
 -1.4684984e-02
 -7.2437851e-03
  3.5088549e-03
 -8.5215455e-01
  5.0406963e-01
 -9.7716048e-02
 -1.2046280e-03
 -5.2789026e-01
 -3.0716643e-01
  9.7009800e-03
 -2.4893448e-01
 -3.9771071e-01
  5.6843925e-01
 -4.4660643e-03
 -4.3376423e-02
 -1.7968608e-01
  1.5685658e-01
 -3.6746691e-04
  1.6978574e-03
  6.4560157e-01
  2.4710634e-01
 -2.5509283e-01
  1.6664383e-03
 -2.3272406e-01
  7.3002499e-01
 -1.0791808e+00
  1.3242397e+00
  8.1616193e-01
  5.9194368e-01
 -8.8413386e-04
  5.9378683e-03
  2.5138628e-01
  1.2913027e-03
 -1.4032208e-03
  1.9719342e-03
 -1.4519372e+00
 -1.9400115e-01
  9.9718850e-04
  1.2338610e-03
  1.5396333e-01
  2.3599243e-01
 -3.7250587e-01
  4.2990685e-02
  1.6634011e+00
 -6.8126090e-02
 -1.9927156e-01
 -4.6298519e-01
 -4.9295500e-02
 -2.0603982e-01
 -8.5187871e-03
  1.7435060e-04
 -3.3037990e-02
  6.2715256e-01
 -4.1785517e-01
  4.4872402e-04
 -1.4332274e+00
  2.7638546e-01
 -5.5658057e-02
  3.2837540e-01
  2.2929753e-01
  1.2520118e-01
  3.8798500e-02
 -1.4629329e-04
  1.2971425e-01
  1.4563653e-01
  1.0532422e-03
 -8.1452671e-03
  1.9630872e-01
  4.8388731e-01
 -1.6075565e-03
  3.0362324e-03
 -2.2930358e-01
 -3.1221360e-02
  6.6322541e-01
  3.1549907e-01
  6.2923014e-01
 -1.4809203e-01
  5.8726217e-03
 -8.5064545e-03
  1.5432356e-02
 -7.8016615e-01
  2.2986631e-03
 -1.9637723e+00
  9.1450268e-01
 -5.8110994e-03
  1.5801494e-01
  1.4221260e-03
 -6.6876942e-01
  4.8681565e-02
  3.5827583e-01
 -2.8036565e-01
 -1.0323626e+00
 -4.8329253e-03
  2.3680653e-03
 -6.5124370e-03
 -1.9147232e+00
 -1.3787054e-02
  1.3173344e+00
  4.3670181e-03
  7.8892866e-03
 -2.0725362e-03
  2.0376816e-03
  1.6395908e-03
 -6.1936110e-01
 -4.0592921e-01
 -2.0304219e-04
  9.1484982e-01
 -9.4789964e-01
  4.1408054e-04
 -2.1913744e-04
  7.7506164e-03
  7.1175754e-01
  9.1467246e-02
 -3.3823639e-04
 -1.5893353e+00
  3.2515162e-01
 -7.7537872e-02
  1.4511834e-01
  2.6028105e-03
  1.3801388e-01
  1.3463453e+00
  7.8707129e-01
  9.0856683e-01
 -1.7498816e+00
  4.8062619e-02
 -2.3952455e-03
 -1.4362728e-02
  3.3401132e-01
 -3.5380381e-01
 -1.2023247e-02
 -5.0005078e-01
  5.9592534e-02
 -1.3401949e-01
  2.2989044e-01
  6.9998606e-04
 -4.0856820e-01
  7.0726275e-01
 -1.9471425e+00
 -5.7165098e-01
 -9.7114027e-01
 -3.9318707e-02
  7.2944434e-03
 -8.9874668e-03
 -9.4701624e-01
  2.3181519e-01
 -1.0341394e-03
 -1.7048597e-01
 -4.8236299e-01
 -2.7814645e-01
 -4.8037490e-04
 -8.9642726e-06
 -9.0456092e-01
 -3.4052107e-01
 -2.8568828e-01
 -1.0633370e+00
 -1.7919034e-01
 -3.5715580e-02
  4.1234165e-01
 -9.5901516e-04
  1.1783876e-01
 -4.6490827e-03
  6.7700986e-03
 -1.4428114e+00
  3.5627761e-01
 -2.6474120e-02
  2.4357419e-01
  9.8475702e-03
  8.4919147e-02
 -7.2782844e-01
 -4.9575201e-01
  1.0987025e+00
  1.8635480e+00
 -1.6083120e-04
 -7.4367602e-03
  2.1984190e-02
  6.0254395e-01
 -5.5401838e-01
  8.8066058e-03
 -6.4523384e-04
 -3.8621765e-01
  1.8965303e-03
 -4.9119219e-03
  2.8021328e-02
 -1.2787738e-02
 -2.5684011e-01
  5.5105621e-01
  2.2943956e-01
 -4.5856405e-02
  9.6560093e-03
 -3.3330217e-01
 -4.0193651e-02
  9.5066667e-02
  8.4279561e-01
 -4.9152415e-05
 -8.8438034e-01
 -1.5906176e-03
 -2.7506566e-02
  5.5935210e-01
 -1.4288669e-03
 -1.5032244e+00
  8.5308142e-02
  7.7453494e-01
 -3.3936110e-01
 -3.2608914e-01
 -6.9303207e-02
 -8.2468585e-04
  2.7669090e-01
  5.1391996e-02
 -1.5848285e-01
  2.1074429e-04
 -6.2681362e-02
  3.6793757e-02
 -1.5868032e-01
 -2.2556270e-03
  2.9659753e-03
 -1.4274733e-01
 -5.3494051e-03
  7.9775441e-01
  1.1499258e+00
 -1.7398110e-01
  2.6697525e-01
 -2.6177850e-01
  2.4587171e-02
 -1.1736461e-01
 -1.0665640e+00
  7.2943658e-04
 -6.5186997e-03
  1.1555574e+00
  3.5441622e-01
 -3.7579504e-01
 -1.1843647e-02
 -1.0889270e-01
  2.2276008e-01
  1.4143764e+00
  1.5572019e-01
 -9.7760987e-01
  4.8437912e-02
 -7.1472507e-03
  3.7656419e-03
  8.7381586e-02
 -6.3290223e-03
  6.3412898e-04
  7.0142868e-04
 -5.3361515e-03
  1.1982192e-01
  1.6024454e-03
 -3.1292478e-03
 -6.1505459e-02
  2.9628173e-01
 -1.0805184e+00
 -2.9590932e-01
 -1.1429148e-02
 -5.3944031e-04
 -1.2693675e+00
  5.4516155e-02
 -1.3614933e-02
 -1.6056423e+00
  9.6196476e-03
  1.1071046e-01
  1.1976855e-02
  1.5260115e+00
  4.9809158e-01
  3.1032660e-03
 -2.4434184e-01
  5.2198881e-01
  9.0838009e-01
  1.1462697e+00
  1.8419071e-01
  5.5715990e-01
 -5.1183230e-01
 -8.1411023e-03
 -1.6625941e-01
 -1.2254845e-01
  6.3336181e-04
  1.6753717e-03
  5.5916589e-01
  2.6013861e+00
  1.7921621e-04
  3.1027693e-04
 -6.4048052e-01
  1.2818108e-01
  1.0971775e+00
 -2.6392508e-01
 -5.9649069e-02
  8.7545700e-02
 -7.8418264e-03
  7.1478449e-02
  7.5592631e-01
 -2.1441480e-02
  4.8866244e-03
  1.6053624e-02
 -3.2900940e-03
 -3.9561772e-01
 -1.1193949e-03
 -2.3914839e-03
 -5.5360217e-02
 -7.0379041e-02
  1.2175765e+00
 -6.0648602e-01
  5.5503744e-01
 -1.5877718e-01
 -3.4388608e-01
  2.6706415e-03
  5.0373048e-01
  8.9418113e-01
 -1.0355670e-03
  1.2669913e-01
  8.9615494e-01
 -1.5998609e+00
  3.9214507e-02
 -5.9637317e-04
 -2.0575204e+00
 -6.7208827e-02
  6.5034890e-01
  2.3763379e-01
  5.3798789e-01
  6.6135876e-04
 -4.5524138e-01
  3.9249640e-03
 -9.2298828e-02
  6.7311607e-02
  2.8867074e-03
 -4.6279798e-03
 -1.1621957e-01
  3.6578995e-01
 -4.8946822e-04
 -4.4063069e-03
 -7.7871037e-01
 -7.3088594e-02
  4.7768435e-01
  1.4087627e+00
 -3.4294906e-01
  8.6420916e-02
  3.1871829e-02
  2.4768192e-01
  7.3697388e-01
 -1.0815130e+00
 -2.1058985e-03
  2.2742967e-01
  8.1431401e-01
  1.0815354e-01
  4.5027616e-03
  3.0946496e-03
 -6.5436825e-02
 -2.3920426e-01
  1.3787693e-01
 -1.7044429e+00
 -4.7069017e-02
  2.1546537e-01
 -1.0124029e+00
 -1.1409843e-01
  1.0170977e+00
 -2.4280396e-01
  1.6855827e-03
 -8.9019565e-03
  2.4326682e-01
 -2.3230216e-01
 -1.9236077e-03
 -7.4022137e-02
 -5.5093620e-02
 -1.8727235e-01
 -4.7840568e-01
  1.8836113e-03
  1.7381614e-01
  2.3946851e-01
  2.0643802e-02
  1.2833652e+00
 -1.5201623e+00
  5.0511025e-03
 -1.9015701e-02
  3.3281380e-01
 -7.2838479e-01
  2.1715750e-01
 -5.5455303e-01
 -1.5539533e-03
 -4.1828075e-01
 -1.1101878e+00
 -2.1532087e-01
  1.7394923e-01
  8.5902822e-01
  1.1626227e-01
 -2.1712191e-03
  2.6997272e-02
  2.8903362e-01
  4.0408163e-03
  5.0985604e-03
 -4.5969733e-04
 -4.5426461e-01
 -4.0241290e-04
 -1.9526795e-03
 -2.8346460e-03
 -3.4580436e-01
 -1.1781036e+00
  8.9812372e-03
  3.8024798e-01
 -4.6700598e-03
  7.7359239e-03
  3.8693801e-02
  1.0845188e-01
 -5.6563469e-04
 -1.3736166e-03
 -2.0817677e-02
  5.7263339e-01
  5.1513636e-01
  3.8858873e-01
 -1.8857685e+00
  2.5944796e-03
 -1.4775160e-01
  6.9625354e-01
  1.0241960e-01
 -2.9062610e-03
  3.8628288e-02
  1.9634750e+00
  5.4367995e-01
  7.5731987e-01
  3.5490307e-01
 -4.9311960e-01
 -8.4471947e-04
  1.6905332e-03
 -5.8716553e-01
 -1.0231133e-03
 -1.9185193e-01
  6.1613121e-03
  1.2909368e-01
  8.9511967e-01
  9.7867769e-01
 -6.2723273e-01
  2.3910089e-03
  1.9087924e+00
 -3.5556367e-01
 -2.4138643e-01
 -1.0482788e+00
  6.5979338e-03
 -2.0777555e-03
  2.1556120e-01
  5.2988175e-03
  3.3583537e-01
  5.5699933e-01
 -6.8346038e-04
  1.7307057e+00
 -5.8497983e-01
  2.4463935e-01
  1.5314188e+00
 -5.1997341e-03
 -2.9639837e-01
  7.8877574e-01
  7.1967328e-01
  4.9103308e-01
  4.4403142e-01
  2.3040255e-03
  1.5523837e-02
  1.5776141e-01
 -1.6175462e-01
 -3.8741899e-01
 -7.7215343e-04
  7.1777833e-01
  6.5199399e-01
  2.7163598e-01
 -1.1098821e-01
 -5.7555139e-01
  9.9269882e-02
 -1.5370827e-03
  2.1577500e-01
 -3.3689889e-01
  1.6125171e-03
 -1.3000009e-02
  1.3460941e-02
 -8.0682021e-01
 -2.9748416e-01
 -2.8209430e-03
 -1.4305346e-03
  4.0748861e-01
  3.3557901e-01
  1.6295934e+00
  1.6503063e-01
 -2.3604896e+00
  3.9559729e-02
 -9.0398520e-02
 -2.5117371e-02
  2.1445331e-04
  4.5986500e-02
 -2.5601326e-03
  1.8243448e-01
  2.3334374e-01
 -2.4286006e-01
 -1.4103101e+00
 -1.3868687e-02
  1.2111491e+00
 -1.3925643e-01
  1.9482617e+00
  1.0678241e+00
  1.1038665e-02
 -1.5508590e-03
  6.4540303e-01
  6.3837224e-01
 -9.0371788e-01
  2.2930449e-03
 -1.2182164e-02
  5.9945248e-03
  1.2473209e-03
 -8.6793929e-02
 -1.8052796e-01
 -3.8230132e-02
  1.5118340e+00
 -1.3051105e+00
 -1.1324524e+00
  1.3707557e+00
  3.3936146e-01
  4.6828941e-02
  4.6828941e-02
  4.6828941e-02
  4.6828941e-02
  4.6828941e-02
  2.6407483e-01
  2.6407483e-01
  2.6407483e-01
  2.6407483e-01
  2.6407483e-01
  1.2862734e-01
  1.2862734e-01
  1.2862734e-01
  1.2862734e-01
  1.2862734e-01
  5.3965513e-02
  5.3965513e-02
  5.3965513e-02
  5.3965513e-02
  5.3965513e-02
  1.6471438e-02
  1.6471438e-02
  1.6471438e-02
  1.6471438e-02
  1.6471438e-02
  1.6159198e-01
  1.6159198e-01
  1.6159198e-01
  1.6159198e-01
  1.6159198e-01
