nep4 4 Li La Zr O 
cutoff 6 4 95 30
n_max 4 4
basis_size 8 8
l_max 4 2 0
ANN 30 0
 -3.9762910e-03
 -2.0199777e-01
  3.0540422e-01
 -1.2470779e-03
 -1.4622762e-02
  9.9198357e-04
  2.0369592e-03
  6.4682304e-03
 -4.7562248e-03
 -2.9447258e-03
 -4.9908888e-03
  1.1124360e-02
 -5.8123763e-03
 -6.6703209e-04
 -1.3047911e-03
 -3.3264938e-03
 -2.4025797e-04
 -1.4769507e-03
 -1.0743598e-02
  3.1417415e-03
 -3.4151822e-03
 -3.9228209e-05
 -3.8677088e-03
 -7.3611469e-04
 -2.4353506e-04
 -3.3375776e-01
  9.6335858e-03
  1.2750413e-02
  8.0248425e-03
  2.6382484e-02
  7.5152954e-03
  3.8083466e-03
  5.4289472e-01
 -6.4533991e-03
  9.1999397e-03
  1.1074007e-02
 -2.3587749e-03
  3.1670935e-03
 -5.2183315e-02
  3.4009388e-03
 -4.6707857e-03
  2.6368576e-03
  1.9054507e-03
 -8.7518683e-03
  1.0563349e-04
 -7.6268171e-03
  1.2456599e-02
  8.4001534e-03
  2.5122376e-02
  3.5723390e-03
 -2.7485159e-03
 -4.5616600e-01
 -5.0531556e-03
  2.3204212e-03
  1.7475031e-02
 -3.3408839e-03
 -3.0774769e-04
  3.7601285e-04
  2.8549396e-03
  3.4951535e-03
 -1.4462876e-01
 -1.7172146e+00
 -6.0048401e-01
  2.9632804e-01
 -1.2791714e-01
  5.1777269e-04
  2.3557083e-01
  3.7713982e-03
  1.7438433e-01
  8.8043387e-05
  2.5546175e-01
  4.8452973e-01
 -1.0511869e-02
  1.4290668e-02
 -5.7820366e-03
  7.2775997e-02
  1.1588085e-01
  6.1523435e-03
  1.9188434e-02
  3.6201927e-01
  9.6651278e-02
 -1.9916059e-01
 -5.7358244e-03
 -7.5788051e-03
  8.1557280e-01
  4.2280168e-03
 -1.2717877e-02
  5.0238138e-03
  4.0682852e-03
 -5.5983560e-03
 -5.5742788e-01
  3.5082653e-01
 -6.1902899e-01
 -1.1960289e+00
 -5.3089183e-02
 -1.3533174e-02
 -2.7583938e-03
 -5.3519951e-03
 -8.5395016e-04
 -8.2510851e-02
  3.4504183e-04
  1.4993291e-01
  1.4173587e-02
  1.6098257e-02
 -1.3433017e+00
  3.5952586e-03
  4.1501617e-01
  1.4593928e-03
 -4.1516456e-03
  7.0491189e-04
 -2.4876402e-01
  1.5882567e-01
 -1.0936172e-02
  6.0935984e-03
 -1.7065526e-03
 -5.7784340e-04
  2.8712228e-03
 -5.2634260e-04
  4.3812087e-03
  9.6200616e-05
 -4.1611522e-01
  5.6903154e-01
  2.9421651e-01
 -5.1385450e-01
  2.2605817e-01
 -3.6186242e-01
 -2.4118806e-01
 -2.6233804e-01
  3.0163583e-01
  3.4680948e-01
 -6.0256493e-01
 -1.3442627e-01
  4.2708966e-01
  4.5683980e-02
  9.1157377e-02
 -4.9859741e-01
 -4.1445047e-02
 -1.0486732e-02
 -1.8821868e-01
  4.6342573e-01
 -2.5841168e-01
  1.1988989e-01
 -8.2647242e-03
  2.1645293e-02
  5.2359011e-02
  2.4114044e-02
 -7.8598417e-02
 -3.1665945e-03
  8.6157098e-02
  1.8360226e-01
 -5.2187111e-02
 -9.7333919e-03
 -5.0749350e-04
  7.6366761e-03
  6.0695526e-03
 -1.1779501e+00
  4.5217914e-03
  1.1154984e-02
 -5.7662243e-04
 -1.3113134e-03
  3.4823401e-03
  5.4855421e-03
 -7.4383230e-03
 -2.8644851e-04
 -3.8730565e-03
  2.7197927e-01
  9.5482599e-03
  1.3868783e-03
 -8.4133248e-04
 -1.0619192e+00
  2.6566687e-01
 -6.9824704e-03
 -1.1907576e-02
  5.5234344e-04
 -1.0368111e-02
  1.3265747e-02
  7.9474827e-05
 -1.5522932e-02
 -7.0007127e-03
  2.8679751e-02
  5.0240161e-04
  3.9474275e-03
  3.4144560e-03
 -7.0823519e-03
  7.5176239e-01
  1.6722897e-03
  3.2034845e-03
 -6.5310816e-03
 -9.9067595e-03
 -2.3678809e-03
 -8.2462747e-03
  4.5533525e-03
  2.3489462e-03
  2.6030696e-03
  6.7438842e-03
  1.5318811e-04
 -6.3595967e-04
 -5.3109354e-03
  1.7664614e-01
 -4.1548865e-05
 -4.5524817e-02
  4.8716196e-01
  7.3433213e-04
 -2.1883557e-03
 -3.9073587e-03
  1.2194740e-01
  1.7604581e-03
 -3.4836307e-03
  7.6884724e-04
  1.4479025e-02
 -3.9485902e-01
 -3.6153543e-01
  5.3530115e-01
 -2.3631667e-01
  1.2273794e-02
  6.5993652e-02
 -1.0770062e-01
  1.5987206e-02
 -1.3572084e-02
 -9.9315010e-03
  4.3615255e-01
  3.8048312e-01
 -2.5457865e-02
  1.1386081e-02
  2.1666998e-01
  4.0716566e-02
 -4.8685420e-02
  1.1471617e-03
 -3.0861190e-03
 -1.2199560e-01
  2.1416579e-01
 -9.2396446e-02
  7.3919161e-03
 -1.0350979e-02
 -1.1740909e-01
 -6.8526296e-03
  1.0910067e-03
  6.3632568e-03
 -3.8783618e-03
 -3.8092621e-04
  7.4528271e-01
  1.1845430e+00
  1.9847704e-01
 -1.0015229e+00
  7.4478436e-01
 -1.2076860e-01
 -3.6424223e-01
  4.3369821e-04
  5.5024404e-02
  6.2339054e-03
 -1.8206235e-02
  2.5457337e-01
  3.2416396e-02
 -1.4282178e-02
  1.6412377e-01
 -1.0986465e-02
  6.3878280e-01
 -2.3754526e-02
 -2.5853230e-02
  1.1152601e-01
 -6.0402201e-03
  5.1365089e-01
 -3.3536577e-03
  9.2455167e-03
  2.9823923e-01
 -1.4860484e-02
  1.8615624e-02
  5.3017121e-03
  7.7606817e-03
 -4.2359056e-03
 -1.4359287e-03
 -4.9823811e-03
  1.1615846e+00
  1.4731456e-01
 -1.5296969e+00
 -5.1688303e-06
 -1.9033109e-03
 -7.7354978e-03
  1.1420111e-02
 -4.0805629e-03
 -3.8245027e-03
  5.2308608e-03
  2.6340515e-03
 -4.1524689e-03
  3.2214532e-03
 -7.8989109e-03
  7.3531605e-03
 -4.8981071e-03
 -1.3189895e-02
  1.1551367e-03
  1.0010159e-02
  1.3908833e-02
  4.9066945e-04
 -1.5127787e-03
 -4.8926927e-04
 -4.2566415e-03
 -1.1343708e-03
 -3.3850873e-01
 -2.2013711e-03
  2.3058462e-03
  1.4486238e-01
  1.0543052e-03
  6.3180006e-03
  8.8982508e-03
  7.3288684e-04
  1.6862903e-02
 -5.9377874e-04
 -1.4481449e-02
  9.9443570e-03
 -2.4215996e-03
  1.3715980e-02
  3.3667922e-04
 -2.3083659e-03
  7.9038233e-04
 -7.5105118e-04
  6.3338624e-03
  4.1670757e-03
 -3.5551243e-04
  1.4950489e-02
 -8.4673716e-03
  3.7880035e-03
 -7.9655132e-05
  5.6411456e-03
 -3.9943173e-03
 -6.7134807e-03
  3.1201658e-03
 -5.2622533e-03
  5.7959380e-03
 -1.7124063e-03
 -6.8589132e-03
  1.4948808e+00
  1.3719927e-01
  1.3880118e+00
  2.1973774e-01
 -4.6106543e-02
 -8.8439155e-03
  3.1318830e-03
 -2.8396382e-03
 -2.5990207e-03
  4.0767728e-03
 -7.7413436e-04
 -3.5948341e-03
  3.1133303e-03
  9.5572332e-03
 -1.2765645e-02
 -1.4468395e-03
 -1.1597528e-01
  1.8582063e-02
 -7.0948591e-03
 -2.4147269e-01
 -2.4795998e-02
 -3.2359045e-03
 -5.3012935e-03
 -7.8610675e-03
  2.9260926e-03
 -7.6685483e-03
 -4.4694101e-03
 -9.6045714e-03
  1.0957837e-03
 -4.7564870e-03
 -8.5000769e-04
  1.5906194e-03
 -8.0187768e-03
  1.0715437e-02
  1.2876514e-04
  2.1133337e-03
 -4.2087715e-03
 -1.1328894e-03
  8.2308790e-03
  1.0505504e-02
  1.3423526e-02
 -2.0048475e-02
  1.4222771e-03
 -1.8504510e-02
  2.9109516e-03
 -1.0690542e-02
  5.2114883e-03
  4.1208705e-03
 -9.4725043e-03
  4.1790814e-03
 -9.5815836e-03
 -2.3135761e-04
  5.3313142e-03
  1.8435615e-03
  6.8039438e-03
  3.5239775e-02
 -9.8564802e-03
  4.9890310e-02
  2.8302759e-04
 -1.3658004e-02
  1.6725110e-04
 -1.1458019e-02
  6.5485020e-03
 -8.0451379e-03
 -1.2643014e-03
  1.4092764e-02
 -7.3721400e-04
  5.6329286e-03
 -7.4209962e-03
  1.8171838e-03
 -1.0831141e-03
  3.2259300e-03
 -1.8740097e-03
 -2.6531233e-03
  3.0252484e-03
  6.3578789e-03
 -1.2335913e-03
 -3.2361649e-04
 -1.7680329e-03
  1.4192872e-03
  7.8946790e-03
  8.7451637e-03
 -2.2421612e-03
 -4.3806112e-03
  6.1210985e-03
 -6.6395558e-05
  1.4649215e-02
  1.8035099e-02
  1.3038458e-02
  1.7906963e-03
  4.1595669e-03
 -7.1174228e-03
  2.9676108e-02
 -5.1136338e-03
 -3.6472422e-03
 -7.9068672e-03
  1.7622638e-02
  4.3229219e-03
  4.1818828e-03
 -1.7281279e-02
  7.9646625e-02
 -3.6690137e-03
 -1.0232372e-02
  1.5346984e-03
 -1.8657854e-02
  1.8379538e-04
 -1.2918385e-02
  3.6445833e-03
  3.9826822e-03
  1.2364954e-02
 -1.4274740e-03
 -5.8671231e-03
  1.1506036e-03
 -6.9320446e-04
 -4.9512298e-04
 -8.3181271e-03
  7.7905995e-03
  2.1225594e-03
  2.0428108e-02
 -2.4093105e-04
  2.2283619e-02
  7.8292303e-03
  6.3669540e-02
 -7.3773850e-04
  4.4969977e-03
  8.1795990e-04
 -6.8542683e-03
 -4.4321371e-03
 -1.5629441e-02
 -3.2522224e-04
  4.5141308e-03
 -8.6556012e-03
 -5.2824605e-04
 -6.0720989e-03
  2.0097606e+00
 -2.2501253e-02
 -2.3552490e-04
 -4.0728217e-05
 -7.0808195e-03
  4.6615233e-03
  6.5151849e-03
  1.8327925e-02
 -5.2952050e-04
  9.5939497e-03
 -2.3054682e-02
  1.2669009e-03
  6.1464863e-04
 -1.0477730e-02
 -8.4277429e-03
 -9.2896778e-04
 -1.7479761e-01
  1.3057431e+00
  1.9571449e-01
  2.4329850e-01
  8.3417344e-01
 -1.4278907e-01
 -2.1466067e-01
 -9.0310089e-03
  1.2318980e-01
 -8.0913430e-01
 -4.2583582e-01
  9.5689043e-02
  3.9202422e-02
  2.3977379e-03
 -3.9511144e-01
 -1.2817056e-01
  6.2826610e-01
 -6.3391849e-03
 -1.3161793e-01
 -5.7671255e-01
 -3.2262021e-01
  5.6518978e-01
 -8.7955007e-03
  1.5508582e-02
 -1.2986781e-01
 -9.0197222e-03
  4.9068827e-02
 -2.7430265e-03
  6.2131812e-03
 -1.4408343e-01
 -1.7294352e-01
 -4.5489866e-01
 -6.8144232e-01
 -3.7660363e-01
 -1.2060348e+00
  1.9954514e-02
  8.8695355e-04
 -7.1949069e-04
 -4.0744927e-02
 -1.1367450e-02
  1.3879252e-02
  2.3943268e-01
 -2.4464631e-02
 -3.2332338e-02
  2.4027236e-01
  2.2198250e+00
 -4.6613985e-01
 -2.2712260e-02
  2.2217577e-02
  4.0100731e-02
  5.9513006e-02
 -1.3663946e-01
 -9.0309586e-03
 -2.1731250e+00
  2.8714213e-01
 -9.1782957e-03
 -1.7212020e-01
  1.9488372e-02
 -4.8995721e-03
 -1.9782996e-03
  3.7600499e-02
  1.5383073e-05
  8.1384340e-03
  1.6120380e-02
  4.1244235e-03
 -7.6748729e-03
  5.6618592e-03
 -2.3037756e-03
  1.9180976e-03
 -9.2213118e-04
  6.3999253e-03
 -2.4289268e-03
  1.3012926e-03
  1.9948410e-03
 -2.7312580e-04
  1.0267648e-02
  2.9578956e-03
  4.5615649e-03
  4.8473561e-03
  8.2975589e-03
 -1.1169384e-03
 -1.1628398e-03
  2.0596968e-02
  1.0768777e-02
  6.2043443e-03
 -1.3130638e-01
 -1.1751095e-02
 -5.5709588e-03
 -1.0382456e-02
 -1.6297825e-02
 -1.3541528e-02
 -1.4802949e-03
 -9.3378481e-03
 -6.1050220e-03
  4.6972409e-03
 -1.3037044e-02
 -8.4605254e-03
  2.5712799e-02
 -3.1824273e-03
  1.2975040e-02
  3.6424347e-03
  2.4280285e-02
 -5.4940265e-03
 -9.1318140e-04
  3.4566864e-03
 -5.7810000e-03
  2.8074212e-02
  1.1866947e-03
  6.0854116e-03
  1.6298898e-03
  2.8965352e-03
  1.1267436e-03
 -4.7166441e-03
 -2.0627998e-04
  3.3988971e-03
 -7.8815259e-02
  8.9525552e-03
  8.8899713e-03
  4.5779236e-03
  4.5994185e-03
  3.8808497e-04
 -8.7688733e-03
 -4.9584494e-03
 -5.2306596e-03
 -1.8666791e-03
 -1.3364259e-03
  3.7655640e-01
 -2.8320621e-03
 -2.8255403e-03
  1.1044946e-03
  3.6781763e-03
 -2.5129011e-06
  1.1364701e-02
  1.3730999e-02
  2.4858129e-03
 -1.5613115e-03
  4.6450064e-02
 -1.7944794e-03
 -8.5273146e-04
  4.7409744e-03
  8.6449878e-03
 -2.9607937e-01
  5.5409679e-03
  9.5464177e-03
  3.7272305e-03
  5.1623997e-03
  1.0017482e-02
 -4.7012521e-03
  2.5823242e-03
  2.3079761e-03
  5.1091307e-01
  2.5413749e-01
 -2.5063401e-01
  1.2758623e-01
  6.5688114e-03
  2.2217467e-01
 -1.6990786e-02
  3.6447346e-02
 -8.3530135e-03
  7.8950679e-01
  4.8622757e-01
 -8.7678134e-01
 -1.5666406e-01
  8.6589815e-04
  2.7588516e-01
 -5.4117112e-04
 -3.0268511e-01
  2.8032843e-02
  7.1138337e-02
  5.6339937e-01
  2.4084145e-01
 -1.2718724e-02
  3.6755141e-03
 -2.4678240e-02
  5.8678025e-01
  5.0178855e-03
 -5.6734346e-03
  5.8478983e-03
  2.0504843e-03
  2.8884533e-01
  5.5459635e-03
 -5.5580772e-03
 -7.3290395e-04
  7.4115852e-03
  2.5412026e-03
 -2.9614214e-03
 -3.7538751e-03
  2.7450027e-02
 -9.6254545e-05
  1.0441225e-02
 -3.7908815e-03
  1.0578890e-02
 -5.4653827e-04
  2.8042903e-03
 -1.6109651e-04
  4.4168360e-03
  8.7127882e-01
 -1.0519553e-02
  1.3651652e-03
 -2.9152328e-01
  7.4348627e-03
  9.3873516e-03
  1.3179089e-03
  1.1081096e-02
 -1.6364262e-02
  4.8359209e-03
 -2.0954439e-03
  4.3493696e-02
  3.3203939e-03
 -8.1297965e-04
 -6.3676357e-02
 -2.0992708e-01
 -5.8585185e-01
 -5.2950025e-01
  6.4430139e-03
  2.9674970e-02
 -1.5287106e-01
  4.3868143e-03
  1.3049446e-02
 -9.3113756e-01
 -3.5067385e-03
 -1.2202019e-01
 -8.1891548e-03
  4.5056366e-03
 -1.9299328e-02
  3.9340034e-03
  1.9019708e-01
 -2.0110672e-03
  1.0251163e-03
  4.5403387e-02
  1.9081998e-01
  3.0358674e-03
  1.9274382e-02
  5.3970534e-03
  2.7109617e-01
  1.9014014e-02
 -1.3263104e-02
 -3.3644582e-03
 -2.1298358e-03
 -7.5302413e-04
 -3.5566839e-03
  1.6444917e-03
  2.3103409e-02
 -7.5499755e-03
  2.7704793e-03
  9.7184042e-03
 -1.8290824e-03
 -1.1942572e-02
  1.4849009e-02
  3.3970710e-03
 -4.9051060e-03
 -3.6134243e-03
 -6.5428759e-03
  4.0522600e-03
  1.2443009e-04
 -1.5100279e-03
  1.2164752e-02
  1.0120597e-03
  1.9449865e-03
  1.9297692e-03
 -4.7210585e-03
 -8.3788671e-03
 -9.7872829e-03
  4.5163031e-03
 -4.0178926e-04
 -9.7561739e-03
  9.5295031e-03
  1.5141235e-03
  7.1574142e-03
 -9.1565959e-02
  5.4477908e-02
  7.4938606e-03
 -6.0215844e-03
  7.9473324e-02
 -4.8068974e-02
 -7.5456203e-04
  3.9445134e-04
 -3.3499862e-03
  1.9622799e-03
 -2.2894726e-03
 -7.7630817e-03
  3.0421331e-03
  3.4808919e-03
 -2.3197406e-03
  3.4719333e-03
 -4.7460129e-03
  2.6525784e-01
  7.6457253e-03
  5.4881454e-04
  4.8074885e-03
 -9.5905969e-05
 -6.5092561e-03
 -3.2942896e-03
 -5.6338618e-03
  1.9037020e-01
  1.3394733e-01
  3.0254505e-03
  1.0554631e-03
  8.6683454e-04
 -2.2841434e-03
 -1.4866358e+00
 -4.2892392e-03
 -9.1526759e-01
  8.7239064e-02
  8.7474048e-02
  2.6004726e-02
 -1.4341681e-04
  1.8090270e-02
 -5.0867018e-03
  3.4453295e-02
  2.0875750e-01
  7.3434554e-02
 -2.8052840e-02
  7.1189823e-03
 -1.2710255e-02
  3.5022240e-02
  1.9106726e-01
  3.5987331e-03
 -6.4866338e-03
 -1.7322598e-01
  2.7609742e-01
 -1.4660068e-01
 -2.7400281e-04
 -2.0270140e-03
  1.3128825e-01
 -2.5541764e-03
 -1.4631797e-02
  8.3958460e-03
  8.6160647e-03
  4.7275568e-03
  1.1248016e-01
 -4.5256624e-03
  3.2923415e-02
 -5.4915644e-02
 -1.8667483e-01
 -6.8365468e-04
 -5.3180619e-03
  9.4312979e-03
 -1.3496365e-03
 -1.9216372e-02
  4.3552020e-03
 -2.8127434e-02
 -1.0410377e-04
 -1.1629454e-03
 -5.3510265e-03
  4.6790427e-01
 -5.3216034e-05
 -2.1963784e-02
 -2.5127274e-03
  1.0645422e+00
  2.1034017e-02
  2.7450252e-02
  2.2988191e-03
  3.4598766e-03
 -2.6155217e-03
 -3.0997741e-01
 -6.7255943e-04
  6.8384912e-03
 -5.2666212e-03
  1.2257028e-02
 -2.9666328e-01
 -5.6890607e-02
  3.6018077e-02
 -1.5004219e-03
 -2.6901402e-03
  1.6456606e-03
 -1.0642791e-03
  1.0086977e-03
  1.0627639e-02
  8.2266228e-03
  1.0393674e-02
 -1.7004834e-02
  2.8124426e-02
  1.2368469e-03
  5.7400990e-02
 -3.2706879e-02
 -2.8634226e-01
  2.6924110e-03
  1.0795727e-02
  2.0557590e-04
 -1.1614627e-02
 -1.3079818e-01
  2.9067099e-03
  5.8143781e-03
  8.2389166e-04
  1.2351228e-03
  1.9472452e-02
 -5.9942510e-02
 -2.2419634e-01
  9.4184214e-03
  2.8256851e-01
  9.4867486e-01
  3.7687734e-01
  3.6182422e-03
  8.8803482e-01
 -1.3247044e-01
  9.2707248e-03
  4.4860239e-03
  2.0148121e-03
  1.4694188e-04
  4.9668914e-03
  3.3819760e-04
  1.0735362e-03
  7.3964102e-03
  6.4151790e-03
 -7.3276116e-03
  4.8391804e-01
 -1.1533058e-02
  2.8181607e-03
 -1.5438172e+00
 -9.3982890e-03
 -1.5918553e-02
 -7.4311872e-03
 -5.9262286e-03
 -2.2625919e-03
 -4.4231568e-03
  4.9900510e-03
  6.8683159e-03
  2.5405551e-04
  3.6585564e-03
  1.1351743e-02
  2.3909447e-01
 -4.8250061e-01
 -4.1720554e-01
  4.5041617e-02
 -7.2847097e-03
 -7.9482853e-02
  3.5068566e-01
 -7.8929132e-01
 -1.1227182e-01
 -2.7527001e-03
 -5.6087977e-01
  4.8756707e-03
 -1.9936778e-03
 -8.0041289e-01
  1.0068989e-03
 -1.1856706e+00
 -8.7868907e-03
 -1.8295171e-02
  1.2842383e-03
  1.3757268e-02
  6.3261718e-02
  1.0750891e-02
  3.3660676e-02
 -6.8273619e-03
 -1.4011121e-01
 -1.7153776e+00
  1.3303135e-03
 -1.0790227e-03
  2.2625622e-01
  8.8670790e-02
 -5.8863577e-02
  2.3557715e-01
 -2.3936374e-01
 -1.6881652e+00
 -2.9302681e-02
 -2.3572280e-05
  6.9508016e-01
 -1.0027765e+00
 -1.6063485e-02
  1.3626644e-02
 -5.4685169e-01
  2.4041107e-02
  1.7300788e-02
 -3.5568204e-02
 -4.1630864e-02
 -1.3251640e+00
  3.3054370e-01
 -3.0161059e-03
 -1.6295775e-03
  1.9258540e-02
  9.7383904e-01
 -6.5685347e-02
  3.2801309e-01
 -2.6759334e-02
 -3.1574625e-03
  1.3205298e+00
  2.0139889e-01
 -1.3381658e-01
 -1.5605211e-01
  6.1611580e-03
  4.2666054e-01
 -1.3463321e-01
  2.4979390e-01
 -1.2153642e-02
  9.7916737e-02
  6.9111109e-01
  5.4784864e-03
 -1.5560173e-02
 -1.7912507e-02
 -6.9239450e-04
  1.2555024e-02
 -1.3941515e-02
 -2.3157580e-03
 -4.0937136e-03
  2.6911893e-03
 -3.2052636e-02
 -3.9542634e-03
  8.2519458e-04
  6.8350026e-04
  5.3885113e-02
  4.3067583e-04
 -1.0852171e-03
  8.6486138e-02
 -7.3865377e-03
  3.6467399e-02
 -2.7291302e-04
 -3.4325740e-03
 -9.0999802e-04
 -9.9538891e-03
  4.0075183e-01
 -4.1433531e-01
 -6.3677239e-01
  6.5620877e-02
 -6.2804115e-01
 -2.1434675e-03
  1.4625199e-02
  2.6348835e-01
 -1.4690277e-02
 -2.1078372e-02
 -3.7995249e-03
  2.2712988e-05
 -1.7030911e-03
 -1.5376506e-02
 -4.2630890e-03
  1.5815415e-03
 -2.7238750e-03
 -3.0920053e+00
  4.2756158e-03
 -9.1120908e-03
  3.9307568e-02
 -2.0891730e-02
  4.3840022e-03
 -1.5160330e-03
  4.0150486e-04
  2.9205524e-03
 -8.5401749e-03
 -3.8007270e-03
  3.1700192e-04
  7.3539376e-01
  1.4517141e-02
  6.3308002e-03
  4.3661797e-01
 -3.5711869e-03
  1.4955665e-03
 -3.5275964e-03
  3.1572713e-03
 -5.0704605e-03
  2.5221612e-03
  2.1749693e-03
 -5.8930316e-03
  1.2676125e-02
  1.8144754e-03
 -3.5148864e-03
 -1.7885237e-05
  1.1030724e+00
 -8.9851022e-04
  2.6998620e-03
  2.9451915e-03
 -5.8323606e-03
  1.5956628e-03
 -1.4505918e-02
 -2.1142073e-03
  2.0714453e-04
 -4.3858341e-03
  9.5900791e-03
  4.1106315e-03
  3.0873330e-02
  4.0889713e-03
 -8.0752058e-04
 -4.3354207e-03
 -7.6673520e-03
  7.7454955e-04
 -1.5801933e-02
 -3.7045300e-03
 -2.0517935e-03
  3.7754510e-02
 -1.7079525e-03
  3.7143201e-02
  6.3172383e-03
  1.0248454e-02
 -5.5250246e-02
  1.5316402e-02
  2.8053892e-03
  2.3588217e-03
 -5.6549869e-03
  7.9420544e-03
  8.9319982e-03
 -7.4780821e-03
 -6.6202772e-03
 -2.7562797e-01
 -2.6654133e-01
 -1.8572994e-03
 -8.0943282e-04
 -2.2951374e-03
  6.4685853e-05
  2.1904651e-03
 -3.9132759e-03
  5.4034977e-03
  1.9239667e-03
  4.5024771e-02
  4.1646964e-04
 -1.5475150e-06
  3.7034494e-01
  3.0156454e-02
 -6.4821895e-03
  1.7301793e-03
 -5.6921844e-03
  6.1098854e-03
  1.6937567e-02
 -2.6215101e-03
 -8.0823735e-04
 -1.0436621e-03
  4.3430622e-03
 -4.1874945e-03
  1.4182024e-03
  7.4377429e-01
 -6.3123330e-03
 -5.1736748e-03
 -7.3596118e-03
 -1.0862021e-02
  6.6250074e-04
 -2.2175538e-03
 -2.2227450e-03
  1.4421628e-02
 -1.5640602e-03
 -2.1702015e+00
 -4.3683485e-03
 -2.0434868e-03
 -9.1508795e-03
 -1.2979805e-02
 -2.7182603e-01
  5.4456154e-03
 -3.8596205e-03
  1.1774132e+00
 -8.8198651e-03
  9.2251040e-03
 -9.8229712e-04
  1.1311485e-03
 -7.4157785e-03
  2.2988154e-03
  9.5017551e-04
 -5.1347394e-03
  2.0009365e-03
 -2.8455807e-03
 -1.0898057e-02
 -6.0779792e-03
 -2.3108455e-03
 -7.9065375e-03
  6.9920877e-03
  3.3063302e-03
 -1.3225774e-03
  1.6694849e-02
  1.6271044e-03
  8.1938561e-03
  2.8813721e-03
  3.0660045e-03
  3.3910112e-03
  9.6090781e-03
 -1.3294349e-02
  3.4513872e-03
 -2.0336363e-01
 -4.7303038e-03
  1.5605260e-03
 -3.7734071e-03
 -7.7923355e-03
 -7.3331636e-01
  8.8672055e-04
 -1.1200139e-02
  2.5131027e-03
 -2.6341551e-03
 -1.4126266e-02
 -1.9986164e-03
 -2.9720741e-03
 -2.3114879e-03
  3.9487947e-03
  8.7722926e-04
  4.9525565e-03
 -9.9873077e-04
  5.8852253e-03
  3.1571165e-01
 -1.4960080e-03
 -2.0050653e-03
  2.0802447e-03
 -5.6656415e-04
  6.4541758e-03
  1.1265218e-02
 -5.1437169e-03
  2.6564947e-03
  3.4329044e-03
  3.3794546e-01
  4.5321938e-02
  5.8593027e-02
 -9.6400875e-01
  6.7019612e-01
 -1.2341867e-02
 -1.0635762e+00
  4.9963487e-06
  1.1750276e-01
  2.5475734e-01
 -1.3609143e-01
 -6.2989146e-03
  7.3855758e-02
 -6.1712990e-04
  5.6959105e-01
 -1.2991950e-01
  3.3857875e-02
 -5.5068335e-03
 -3.4833252e-02
  1.8891440e-01
  5.9743136e-02
 -1.1953048e-02
  8.4297411e-02
  1.9541364e-03
  1.9978758e-02
 -1.7218191e-02
  7.4904330e-02
 -6.3491841e-03
 -2.1941008e-03
 -7.8627773e-02
  2.7915224e-01
 -9.2676654e-02
 -5.8109540e-02
  1.4637883e-01
 -5.6956857e-01
  2.2562004e-04
  7.9750603e-01
 -1.1418785e-02
 -8.3875674e-04
  5.8859356e-02
 -1.9467185e-04
 -4.2017590e-04
 -2.3739855e-03
  3.6817507e-03
 -2.2887536e-03
  1.6421463e-02
 -5.6244833e-05
 -1.8328831e-02
 -1.8119231e-02
  7.7120163e-03
 -2.8655838e-04
 -7.5403289e-03
 -3.3430262e-03
 -7.9708025e-03
  1.7425416e-02
  2.7543090e-03
 -1.0539360e-03
 -4.7402522e-03
 -1.6330896e-04
  5.5686515e-03
 -3.0429078e-02
 -1.3332239e-01
  2.8972507e-01
 -1.2232813e-01
  8.2191033e-04
 -7.9997499e-03
 -7.5027798e-03
  7.8276563e-03
  8.8962838e-03
  3.0427214e-02
 -4.3653209e-02
 -1.8573035e-02
  1.3058032e-02
 -4.4910642e-03
 -2.2452205e-04
 -1.6620276e-03
 -2.8767306e-01
 -4.6813679e-03
  1.6807985e-03
  1.2678411e-02
  1.0798558e-03
  8.0235675e-03
 -3.3639777e-01
 -6.0302461e-03
  9.8217651e-03
 -3.2737951e-03
 -7.1952420e-01
 -5.8247834e-03
 -9.1062352e-04
  3.2813190e-03
  8.3072692e-01
 -1.4015117e-02
 -2.3377773e-03
  4.4494495e-03
 -4.3070377e-03
 -1.0605223e-04
 -6.3734790e-03
  1.1053686e-03
 -1.3594623e-02
 -4.4325148e-04
 -2.3686944e-03
  2.2053393e-06
  2.8542103e-02
  2.9858318e-04
  2.3423510e-03
  8.2648906e-04
 -1.9192206e+00
 -3.5826876e-03
 -9.5012551e-03
 -3.2035233e-03
  6.3361549e-03
 -5.6141396e-03
 -5.0753105e-01
  9.5720543e-04
 -6.3222629e-04
 -6.0141673e-03
  2.5620307e-03
  1.6211384e-03
 -3.6784452e-03
  2.3962576e-03
  1.1858637e-04
  8.4652216e-04
  6.8390467e-03
  2.2168898e-03
  8.6954445e-02
  1.8659170e-03
 -2.3469687e-03
 -2.3448409e-03
 -3.2244956e-03
 -1.0105700e-02
  2.6656590e-02
 -1.6462365e-03
  5.0377095e-01
 -8.8722445e-03
  2.5892118e-03
  4.7895466e-03
  7.0076766e-03
  1.7433276e-02
  1.3057183e-03
 -2.3746835e-03
  3.3870840e-03
  1.0138006e-03
  5.4311068e-03
 -3.9451057e-04
  2.5920055e-03
  5.9601823e-03
 -9.0008567e-04
  1.4442396e-02
  5.8412406e-04
  7.6112588e-04
 -8.7059683e-01
 -1.0825556e-01
  7.5322789e-01
  1.1649090e-01
  3.0423456e-01
 -8.5585663e-04
  5.8110622e-03
  8.1599262e-03
 -4.2651389e-03
 -1.5915476e-02
 -6.5929070e-02
  1.2758006e-04
  4.5926678e-03
 -5.0119194e-04
 -7.1628764e-04
  5.3884848e-03
 -2.9487455e-02
  6.3053215e-01
  4.3433865e-05
 -4.8515964e-03
 -2.2466765e-03
 -4.4175540e-03
  1.9929659e-02
  2.0099906e-03
 -2.7578119e-02
 -1.4852147e-03
  1.6211855e-03
 -1.5659059e-03
 -9.6954489e-03
  2.1983834e-02
  1.6797642e+00
  1.2684058e-03
  1.2000336e-03
 -1.5879661e-02
  1.3961866e-02
 -1.5917452e-02
  1.9243665e-02
 -5.7437662e-02
  4.2184297e-02
 -8.4599191e-03
  1.3946149e-02
 -9.8342178e-05
 -3.1460463e-03
  5.7679918e-03
 -2.9083632e-03
 -1.4830376e-02
  1.2458714e-02
  5.1144450e-03
 -1.0323466e-01
 -2.2840577e-03
 -2.2416630e-04
  2.0296688e-03
 -7.2876858e-03
  5.5593699e-01
  1.9857499e-01
 -5.9492756e-03
  9.7548226e-03
  4.3000476e-03
  3.8517651e-03
 -1.0962497e-02
  1.6335409e-02
  3.0268345e-03
 -6.3321581e-03
  2.0968130e-02
 -4.6727943e-04
  1.0288559e-02
 -1.8252510e+00
 -9.0347594e-03
 -9.4462289e-03
  7.2998838e-03
  4.3198117e-03
 -1.0102181e-03
 -8.7243915e-03
 -2.4863956e-03
 -7.5834892e-03
  7.2181113e-03
  4.5014117e-03
 -6.2291413e-03
  4.2125355e-03
  2.5990841e-03
 -3.7069872e-02
  5.7420298e-03
 -1.0060719e-02
 -1.0719810e-02
  3.5349408e-03
 -8.4751835e-03
  1.7453784e-03
  4.0904814e-03
 -5.7606371e-03
 -1.6198749e-02
  1.5353698e+00
 -8.6886145e-02
 -8.7889624e-01
 -7.4705327e-01
 -3.3448488e-01
  1.4232063e-01
 -4.2714003e-01
 -5.6476691e-03
  2.4041045e-03
  5.7338998e-02
  6.4819998e-01
 -7.0226401e-01
  2.0307176e-02
 -2.3053733e-03
  6.1744928e-02
  1.0955042e+00
 -6.8217927e-01
 -2.3108145e-02
 -1.0093506e-02
  2.6494380e-02
  1.2562854e+00
 -5.6047708e-01
  4.6769059e-03
 -6.1929999e-03
  2.6503272e-02
 -1.2168504e-01
  6.2447158e-04
  1.4274953e-02
  2.1900586e-03
  4.4968417e-03
  1.5026083e+00
 -7.8910239e-02
  4.7270292e-01
 -1.5306125e+00
 -1.4457985e+00
  6.9828767e-01
 -2.6127183e-01
 -2.1278103e-01
 -3.9707247e-02
  2.5517730e-02
  1.6710634e+00
 -1.1337712e+00
 -2.0325470e-01
  3.1929297e-04
 -1.0390376e-02
  4.5826390e-01
 -1.0613058e+00
 -1.8289836e-01
 -4.1284706e-02
  8.6088049e-01
 -4.5240229e-01
  9.6431409e-04
  2.3147510e-01
 -1.9871378e-03
  3.2313474e-02
 -5.9641548e-03
 -1.2717643e-03
  5.7677622e-04
 -4.4447300e-03
 -2.0164046e-03
 -1.3732331e-01
  5.9692913e-01
  3.7715051e-02
 -1.2407745e-01
  5.0723676e-02
 -1.8688363e-03
 -7.3486686e-02
 -1.7667335e-02
  7.0335798e-02
  5.3407174e-02
 -2.7589661e-01
 -6.9998421e-02
  1.8080043e-02
  1.4424453e-02
  9.3637798e-03
 -6.4355314e-02
  2.3867235e-02
 -2.4034618e-04
 -1.0030916e-04
  1.1427469e-02
  1.9345703e-02
 -4.0028598e-03
  1.1068204e-01
 -8.5142599e-03
  5.2302061e-03
 -2.2589028e-04
  1.0460673e-02
  3.6988836e-02
  3.8825192e-03
  1.0504026e-02
  3.1056118e-01
  3.1014443e-03
  1.7878929e-02
 -1.3608707e+00
  5.0688523e-04
 -1.0590177e-03
  7.0813679e-05
 -5.7458011e-03
  1.1479273e-02
 -1.3340042e+00
  2.4722232e-02
 -6.6183684e-03
  1.2876299e-01
 -1.8701697e-02
  3.0348486e-01
  8.9960754e-02
 -6.0791284e-02
  3.6340733e-03
 -1.2288935e-02
  1.2596542e-02
  1.8818815e-04
  3.4124162e-03
  7.1667325e-01
 -1.9689985e-03
  1.4030398e-04
  2.5663739e-03
 -1.8491391e-03
  1.7855569e-03
  2.2483903e-03
  1.3560046e-02
  1.4955169e-02
 -1.1794177e-01
  8.2981912e-04
 -7.4289581e-03
  9.6222442e-03
  1.3359159e-03
 -1.5862120e-02
 -4.0156604e-03
  5.7238601e-03
 -1.3153359e-03
  5.4222713e-03
 -6.7563048e-03
  4.8891883e-03
 -7.8892689e-03
  1.8418891e-03
  2.2614026e-03
  1.1664518e-04
 -3.3428412e-02
 -8.9505535e-01
 -7.7328081e-03
 -6.5250774e-03
  1.9308511e-03
  4.7800886e-03
  9.6042908e-04
  9.0161627e-03
 -1.4881807e-03
  7.1894885e-03
 -5.0821924e-03
 -2.9757102e-03
 -2.8978924e-03
 -3.7747180e-01
 -1.4816402e-02
  6.7315972e-01
  1.5061019e-01
 -1.6228096e+00
  1.3413808e-01
  9.5405191e-04
 -2.2811815e-01
 -2.4478363e-01
 -7.3394889e-01
  8.9106995e-01
 -4.2932141e-03
 -2.4165015e-01
  1.3286524e-03
 -2.1658973e-01
  1.1849947e+00
 -2.8085023e-01
  2.7339191e-03
  8.0275387e-03
 -2.2109161e-01
  3.3239290e-01
 -1.5836820e-01
 -7.7807643e-02
  1.6316501e-02
 -1.0781376e-02
  2.5096567e-02
 -2.2842625e-01
  9.1977941e-04
 -1.7588648e-03
 -4.4653160e-03
  8.3213337e-02
  1.4337353e-01
  1.5869951e-02
 -4.6068040e-01
  1.9579799e-01
  3.3117582e-03
 -2.1524800e-02
 -7.7682040e-03
 -2.8567519e-03
  2.6828093e-02
 -1.8658314e-03
 -2.7518778e-03
 -1.3232325e+00
 -3.2131677e-03
  3.7488177e-01
  1.0986657e-02
  3.9655693e-05
 -2.1450475e-02
  5.0355196e-03
  4.2381927e-01
  6.2263064e-04
 -5.8358787e-03
  2.5486508e-02
 -1.2561928e-03
 -3.7403061e-04
 -1.7114777e-02
  4.8927538e-04
  3.5221511e-03
 -5.6138307e-02
  1.4717609e-02
  6.1521463e-02
  5.0809044e-01
 -9.0254648e-03
 -3.0615124e-01
 -2.2821662e-01
 -2.9704359e-01
  7.4569494e-02
 -3.3448162e-04
  9.7102032e-04
 -1.3260446e-02
 -2.0546378e-03
  4.2266101e-02
 -9.0611754e-03
  5.3724288e-03
 -2.1217649e-03
 -2.2626389e-03
  5.8432616e-04
  1.2422765e-02
  2.3872261e-03
  5.9510437e-03
 -8.5403798e-03
  1.4778789e-03
 -4.3876078e-02
 -2.9100000e-04
 -5.0149220e-03
  9.5463870e-03
 -9.0746004e-03
 -2.2454846e-03
 -1.4563433e-04
 -1.5927726e-02
 -2.6678067e-01
  7.1229249e-01
  5.1831305e-01
 -3.5841081e-01
  2.1786059e-01
 -1.4141493e-02
 -1.9954775e-02
 -4.3048301e-01
  1.7322519e-01
  4.2568251e-01
 -9.6683651e-02
  6.0330927e-01
  9.9057816e-03
  5.0745793e-03
  4.8017588e-02
  1.6485664e-01
  5.6845225e-02
 -2.2229971e-02
 -9.2490111e-03
  1.4039424e-01
  2.6740318e-02
  2.9309269e-02
  3.9138664e-03
 -8.4619634e-03
  7.8460453e-03
 -3.8362142e-02
  1.4471103e-02
  4.8208466e-01
  1.2475894e-04
 -3.6752559e-03
 -3.7266910e-02
  3.8847831e-01
  1.6382736e-01
 -1.0417079e+00
 -4.1247982e-01
 -1.2450733e-02
 -3.4488670e-03
  3.8936622e-03
  5.2644826e-02
  4.0775892e-01
 -6.9091603e-02
 -6.5175137e-03
  7.7182567e-01
 -9.3607639e-04
  1.3212617e-02
  6.1168876e-02
  1.4436410e-01
 -1.8825135e-03
 -1.0212448e+00
  3.5141672e-03
 -4.0536439e-01
  1.4401695e-02
  4.5495536e-02
  2.1321215e-03
  2.5961949e-02
 -2.9624799e-02
  1.6716963e-01
  3.5607619e-03
  2.2094648e-02
  2.5666058e-03
 -3.2582676e-01
 -8.0621564e-01
 -2.2806892e-01
  1.9635339e+00
 -1.1391211e+00
  6.6990785e-02
  8.4728491e-01
  1.1734644e+00
 -4.2044783e-01
 -9.0347093e-01
  3.4453741e-01
 -5.2474183e-01
 -5.0344884e-01
  9.1898590e-03
 -1.6931574e-01
  2.1801561e-02
 -1.0479989e+00
 -9.5610410e-02
  4.7509563e-03
 -4.1327506e-01
  5.0976354e-01
 -1.0628746e+00
 -4.4963160e-01
  1.2498432e-01
 -7.9031944e-02
  9.9714562e-02
 -4.1694954e-02
 -4.2569260e-03
  3.5293409e-01
 -9.3322210e-03
  1.9572784e-01
 -1.0751206e+00
 -6.0722399e-01
  8.0697644e-01
  4.0788534e-01
  3.7620799e-03
  6.5872893e-03
  1.2707886e-02
 -7.2957344e-02
 -2.4170633e-01
  5.5758804e-03
  1.2226670e-01
 -1.0252919e+00
  1.0576678e-03
 -4.2564593e-02
  3.9488062e-02
  1.7947496e+00
  1.3323040e-02
 -3.2416852e-03
 -1.6942429e-03
 -3.7877202e-01
 -2.0567365e-03
 -5.3039469e-02
  1.3092598e-02
 -2.6032398e-03
 -1.3780773e-03
 -2.9604139e-02
 -1.2892345e-03
  9.2552677e-03
  3.6199186e-03
  3.3979437e-01
  2.2129920e-01
 -3.5661912e-01
 -4.1391946e-02
  1.5502901e-01
 -2.6154835e-02
 -6.6600315e-02
  2.1459984e-03
  4.5588352e-03
  1.2008081e-01
  3.6098931e-02
 -9.4842929e-03
  1.6105514e-02
  1.7709468e-02
  1.5378153e-02
 -8.7664843e-01
 -1.1747312e-03
 -7.1875681e-03
 -4.8148818e-03
 -1.7874066e-03
  1.0161213e+00
  2.7672029e-01
  8.9869592e-03
 -7.6930900e-04
  1.3299959e-02
 -9.8742042e-03
  9.9873971e-03
  1.0529816e-03
  2.1198902e-03
 -2.5120776e-03
  1.5337400e-01
  1.9046108e-01
 -1.1709889e-01
 -3.0939516e-01
  5.3764303e-04
 -2.3661917e-03
 -4.7401781e-03
 -7.6590567e-03
  3.2110927e-03
  6.2138395e-04
  7.7117635e-03
  3.8571940e-03
  4.8169973e-03
  1.1522682e-02
  1.0193770e-02
 -9.4875932e-04
  1.7897950e-02
  7.5810589e-03
 -7.4014091e-03
 -2.9747048e-03
 -7.9359729e-03
 -1.6241757e-02
  2.6435626e-03
  7.6514892e-03
 -2.1917238e-03
  1.4958817e-03
  9.9860709e-03
  8.8377029e-02
 -2.1281466e+00
  2.8150387e-03
  3.5099670e-01
 -7.2953597e-02
 -3.1724602e-02
 -9.9874819e-03
 -1.0497336e+00
  1.6240785e-02
  5.2926214e-03
 -1.4683309e-02
  1.5354465e-02
 -1.7471454e-03
  1.9951749e-03
 -8.0999481e-03
  6.7494046e-03
 -8.3339117e-02
  1.3199524e-04
  6.2928675e-03
  6.8937629e-03
  2.2222178e-02
  1.5992845e+00
  3.4260692e-03
  1.1982039e-02
  4.0724445e-02
 -1.8813577e-03
 -4.4804048e-03
  1.2027575e+00
 -1.5682479e-03
  1.2353154e-02
  7.0482413e-03
 -1.0297577e-03
 -7.6439744e-03
 -2.6847107e-02
 -2.4872504e-01
  9.7410590e-04
 -7.1754353e-03
  1.8777557e-03
 -2.6718038e-03
 -9.0711631e-02
  3.4268323e-02
  5.2597141e-01
 -1.7573351e-02
 -3.9904509e-03
  2.9824206e-03
  3.9158009e-02
  6.7335893e-03
  2.4858098e-03
  5.4567158e-02
 -1.0970101e+00
  6.5616030e-01
  7.6547168e-02
 -6.0886526e-03
 -8.8622063e-01
  7.0273988e-03
  4.1642809e-01
 -2.7452105e-01
 -4.7523323e-01
  3.6194149e-01
  8.3770299e-01
 -7.9957925e-02
 -6.1417097e-01
  2.3177765e-01
 -3.9830723e-01
 -3.3112413e-01
  9.8407231e-02
  1.2157079e-02
  2.1040106e-01
  2.7445035e-02
  7.7152872e-03
  8.6245817e-01
  7.2226048e-01
  2.4488997e-01
 -1.1181843e-01
 -6.7753002e-02
 -3.5694703e-01
  2.2121411e-02
 -8.3255701e-02
  1.1504645e+00
  1.0407516e+00
  1.7654145e+00
  3.9493397e-01
  3.5585787e-03
 -7.1356529e-01
  2.5986496e-01
 -6.4568466e-01
  7.9649413e-01
  6.3979423e-01
 -1.0227046e+00
 -6.8994784e-01
  3.4404096e-01
  1.8872744e-01
  1.3134977e-01
  2.2458056e-01
 -2.0127752e+00
 -8.8716522e-03
 -6.8101799e-01
 -8.7902239e-03
  1.6798061e-01
 -3.1995210e-01
  4.9465541e-02
  4.6660613e-02
  1.9011570e-02
  1.7973574e-01
  1.5578307e+00
  3.3502760e-03
 -2.5629522e-02
  4.8273405e-01
  6.6684598e-01
 -5.5836427e-01
  1.6090415e-01
  4.8704448e-04
  9.3077304e-04
  1.5834058e-02
 -2.3839371e-01
  6.4826585e-02
 -7.0105262e-02
  2.8847569e-01
  4.2778589e-03
 -4.2150994e-03
  9.5299380e-03
  7.9833800e-03
  1.5932770e-04
  2.1706791e-01
  5.7760053e-03
  7.6143332e-02
 -1.0475458e+00
 -3.1076539e-01
  1.3816206e-01
 -8.4930682e-01
  5.7005908e-02
  3.8680419e-02
  7.3523731e-03
  9.2170369e-03
 -6.3674181e-04
 -5.3230923e-01
 -7.5392798e-03
  1.5896864e-03
  3.2677054e-02
  3.0336398e-01
  1.4665770e-02
 -2.1612495e-02
  1.4536016e-03
  9.3377632e-04
 -2.1167341e-01
 -6.8241516e-03
  3.0163012e-03
 -2.7657067e-02
  4.8136149e-04
 -6.1241351e-04
  6.2655257e-03
  2.9192161e-02
  1.2045667e-03
  7.3252589e-02
 -5.1108085e-02
  3.6639687e-01
 -2.1148604e-01
 -4.5882105e-03
 -6.6578835e-01
 -1.5120523e-01
 -6.1537041e-03
 -2.8838715e-01
 -1.7446136e-01
 -5.1148367e-01
 -1.0320964e+00
  1.1575507e-01
  5.5721802e-01
 -5.6402409e-03
 -6.1293375e-01
  4.5218015e-01
 -7.0329659e-02
  5.1686477e-02
 -5.4955554e-01
 -9.3081570e-01
 -3.2215116e+00
 -3.3484295e-01
  1.3674771e+00
  1.1074063e+00
 -2.4533242e-03
 -8.5213128e-04
 -8.7185213e-03
  4.4045472e-03
 -8.1495931e-03
  4.4958810e-03
 -1.1539663e-02
  3.2641818e-03
 -1.8056925e-02
  8.0251256e-03
  2.8330632e-03
  9.5096929e-03
 -2.3417920e-03
  2.6959700e-03
  3.3359162e-03
 -3.0355903e-03
 -3.5870762e-03
  2.1357441e-02
  3.6191305e-03
 -8.9091482e-04
 -9.3965570e-04
 -1.0686264e-02
  1.3607687e-01
  1.6187641e-03
 -1.2052394e-02
  1.2637130e-02
 -4.9177906e-03
 -1.0991940e-02
  3.9693480e-03
 -3.3444397e-03
  8.2866466e-03
  4.1398797e-03
 -2.0264244e-01
 -1.0158130e-02
 -9.3795906e-04
  1.5928549e-01
 -2.5201509e-02
 -1.8058501e-01
 -1.0118086e-01
 -5.9008175e-03
  2.8773723e-03
 -4.6712281e-05
 -3.1218337e-04
  4.5329714e-03
 -1.8018830e-01
  4.8673540e-02
  7.0803380e-03
  2.8914732e-03
 -1.9205762e-02
 -1.0898952e-02
  3.9809499e-02
  1.1249537e-01
 -4.1343421e-03
 -3.1264988e-03
  1.1439526e-03
  7.3482958e-03
 -2.6924944e-01
 -6.3720266e-03
  3.4114281e-03
  9.9455500e-03
 -1.7247392e-03
  1.4848287e-03
  4.6811993e-03
 -4.0415893e-03
 -6.0871588e-03
 -1.6425241e+00
 -8.0122662e-01
  1.8623832e+00
  1.9237015e+00
  2.5907540e-01
 -7.0615613e-01
  6.2035698e-01
 -5.2289788e-02
 -1.2044168e-01
 -3.9028266e-01
 -4.7868624e-01
 -7.6936418e-01
  4.2997334e-02
  6.8267924e-01
  5.2149284e-01
 -4.7399971e-01
 -1.8255326e+00
 -2.2537747e-01
  1.0993350e-01
 -1.6993237e-01
 -1.1769454e-01
 -1.3555519e-01
 -1.0312523e-01
  1.0562602e-01
 -2.0611725e+00
  3.1212419e-03
  2.0023396e-03
 -7.9662178e-04
 -4.5844980e-02
 -5.2558412e-03
 -1.4873027e-02
  7.3376056e-03
  3.7578265e-03
 -1.4779710e-03
 -4.7580474e-03
 -1.2446408e-03
  1.4792806e-02
  3.6906824e-03
  7.8630857e-03
 -7.2690411e-03
  3.0364204e-04
 -2.7162021e-03
  6.7117293e-03
  1.1881535e-03
  3.9150923e-01
 -2.3528521e-03
 -4.2180638e-04
 -2.3850824e-01
 -2.0752360e-04
 -3.0517371e-03
  1.3331325e-03
 -6.3149487e-03
  8.2132947e-03
  7.8669321e-03
 -1.4660232e-03
 -1.4987373e-02
  2.9586074e-01
  1.7050231e-02
  2.8284567e-03
 -1.4289693e-02
  4.7908571e-01
 -1.1539210e-02
 -4.5335934e-02
  1.2262451e-02
 -2.6933134e-02
  7.9390230e-03
 -4.7675105e-05
  8.2503399e-03
 -5.0908152e-04
  1.0557144e-03
  4.6971519e-03
 -7.8514731e-03
  2.3728828e-03
 -2.2956724e-03
 -5.7625693e-05
  3.9435006e-03
  7.5684059e-01
 -1.1690573e-03
  2.9852230e-04
  2.7776274e-03
  3.7130071e-03
 -2.0844464e-03
  4.9500102e-03
 -5.2733636e-03
 -1.9843185e-03
 -1.6331565e-02
  2.7514773e-04
  3.3715109e-03
  1.9261096e-02
 -8.2130900e-05
 -3.8276967e-01
  1.4501353e-02
 -3.9225069e-01
  4.5439825e-04
  5.9137451e-03
 -7.0112566e-03
 -5.7852129e-03
 -1.7588805e-02
  8.3398363e-03
  1.0796289e-03
 -3.8282748e-02
 -2.5565408e-02
  1.5754341e-04
  1.4517171e-03
  7.1214079e-03
  8.7638916e-03
  2.4618795e-03
 -4.7491781e-02
  4.8351767e-03
  4.5690751e-03
 -4.2604101e-03
  4.0667970e-02
 -2.0781651e-03
  1.7870072e-02
 -4.7303188e-01
  1.0646664e-02
  2.0505222e-03
 -6.9795316e-03
  5.5245026e-03
 -1.9131111e-03
 -3.5088451e-03
  5.6757189e-02
  3.2765854e-02
 -4.0736296e-03
  3.6117001e-03
  3.5004842e-01
  1.5397848e+00
  1.5002638e-03
 -7.0767058e-04
  3.5583382e-03
  7.0979327e-02
  4.5821718e-03
 -1.1321560e-03
 -4.8814705e-03
  3.0491196e-03
 -4.6675734e-04
 -1.6166773e+00
 -2.5193498e-03
  1.1882756e-02
  1.1791755e-02
  8.5957609e-03
  1.4609594e-02
 -3.3875832e-03
  7.1120483e-04
 -3.5385203e-03
  3.2764173e-03
  1.8766628e-03
 -1.0001829e-01
  1.0230183e-03
  3.4431622e-03
 -8.4246494e-02
  1.7667878e+00
 -2.0958948e+00
  5.9123963e-01
 -5.7048303e-01
 -7.1113114e-03
  9.2962056e-02
 -5.7339287e-01
 -1.0124838e-02
 -1.6978515e-04
 -1.5817458e-03
  1.8639326e-01
 -8.5823566e-01
 -5.8028537e-01
 -1.7864332e+00
 -5.1363423e-02
  5.2373064e-01
 -1.2643567e-01
 -5.1908381e-02
  6.6861794e-05
  7.2423369e-02
  3.7736544e-01
 -6.4799801e-02
  2.3279831e-01
  3.8350406e-01
 -6.3682660e-02
 -9.3384542e-02
 -1.2980752e-04
 -2.4333337e-02
  3.2588713e-02
  1.4915504e+00
 -1.1290752e+00
  8.1420952e-01
  1.8717779e+00
  4.8688896e-02
  2.0578423e-01
 -3.8042927e-01
  4.7323862e-03
  9.0106621e-02
  2.0981121e-03
  3.3423575e-04
 -6.6623765e-01
  8.2224596e-01
  2.1679152e-02
  5.8437479e-01
  1.2995681e-01
 -4.5388648e-01
  2.8750163e-02
 -1.7472979e-02
 -1.2407221e-01
  6.1081830e-02
 -4.5001888e-01
 -2.5096917e-04
  2.3668528e-01
 -5.7205919e-04
  3.7983269e-03
  1.1279521e-01
  1.3602766e-01
  1.4829986e-02
 -1.9034600e-03
 -6.4407296e-02
  3.1588774e-03
 -1.1656585e-02
 -7.9382528e-03
  7.7505293e-03
  1.4745481e-02
  3.4845744e-03
  1.6820194e-03
 -1.4990763e-01
  3.7594253e-01
  7.6771579e-03
 -9.5409784e-04
 -1.3410131e-02
  8.4545091e-03
 -2.2473435e-04
 -2.6767282e-03
  9.2679542e-03
 -1.4179097e-02
 -1.1325106e-02
  1.1425785e-02
  5.3659023e-04
 -2.7750083e-04
  1.1592806e-02
  4.7611687e-03
  1.1182083e-03
  2.2715603e-03
  4.9677915e-03
  2.1709101e-03
 -3.5279905e-03
 -4.2711343e-03
  2.7113028e-02
  9.0913875e-03
 -2.3201108e-03
 -5.6396836e-01
  1.1717035e-02
 -1.3593019e-03
 -6.1527459e-04
 -3.5140612e-03
  1.8750762e-03
  1.4399709e-02
  8.9654215e-03
  6.9780527e-03
  4.3808687e-03
  2.2980620e-01
 -1.7473612e-02
  2.8933169e-02
 -8.9615369e-03
  1.9054848e-03
  1.3471278e-03
 -9.9227875e-03
  2.1883184e-02
  2.1098782e-03
  9.0647507e-03
 -2.0492629e-03
 -4.4544223e-03
  4.6908157e-03
  4.4559431e-03
 -1.6334735e-02
 -2.0351801e-02
 -3.3375795e-04
 -1.5415841e+00
  1.0724958e+00
  2.0254645e-01
 -3.7519756e-01
 -8.1266111e-01
 -1.1219985e+00
  1.0518805e+00
 -8.8362622e-01
 -5.3860837e-01
 -6.1446158e-03
 -7.9439327e-02
  9.4594769e-03
 -5.3092086e-01
  7.9314504e-04
 -7.5204736e-01
 -7.0962951e-02
  1.5694687e+00
 -1.1382597e-01
 -7.7233100e-03
 -8.5724366e-01
 -1.2702473e-01
  5.6887829e-01
 -5.8961674e-03
  9.0169007e-01
 -4.4553537e-02
 -5.4358375e-01
 -3.0935541e-02
 -9.2863273e-03
  8.8641512e-01
  7.2153658e-03
 -1.9958921e-01
  1.7612056e-01
  2.8330758e-01
  2.6256430e-01
  4.2350353e-03
 -5.8402613e-02
 -3.3539594e-03
 -1.2736483e-02
 -6.1643757e-03
  1.3155252e-01
 -3.8544834e-02
 -2.8472146e-01
 -3.3538800e-03
  1.7727849e-03
 -1.0793398e-02
 -8.7124761e-03
  1.2677486e-02
 -5.6410059e-03
 -1.9674960e-03
 -1.2647902e-03
 -1.2637031e-02
  1.7904805e-01
 -1.2423613e-03
 -3.9730659e-03
  8.6448918e-04
  3.7691812e-03
  7.5185491e-04
  5.6153242e-03
 -1.2790683e-03
  1.0606799e-02
 -8.4363604e-01
 -2.6843867e-01
  7.0560586e-01
  7.9647839e-01
 -1.5742657e-01
 -4.0395004e-01
 -1.0151248e+00
 -4.3496114e-01
 -2.8362075e-02
 -5.5705810e-01
 -1.1208613e+00
 -6.6824784e-03
 -5.5315487e-02
  2.5722587e-01
 -1.6219099e-01
 -6.2205493e-01
  9.3570369e-01
 -5.3565794e-01
  2.6115423e-01
 -4.8565221e-01
 -8.5282195e-01
  1.4329529e+00
 -1.5310708e-01
 -5.1382434e-02
 -8.3181834e-01
  2.9045306e-02
 -1.0097831e-02
 -4.7406028e-03
 -4.8841852e-01
  7.8459615e-03
 -7.0194118e-02
  4.5452097e-01
  4.0986259e-02
 -1.5341665e-01
 -8.3352737e-03
 -9.1676507e-03
  7.8687575e-03
 -5.2646641e-03
 -6.4244648e-03
 -1.7951863e-02
 -2.8642269e-02
  3.7169512e-03
 -3.0462525e-03
  7.3179242e-04
  3.5521397e-03
 -6.0013317e-02
 -6.1953487e-03
 -7.1528628e-03
  1.9135680e-02
  3.6845587e-03
 -2.4708079e-01
 -5.8207307e-03
 -2.3650892e-01
  2.3312015e-02
  5.6599420e-03
  3.7549546e-03
 -1.0773394e-02
 -1.3169665e-02
  5.5023292e-03
 -5.2316976e-03
  2.5790252e-02
 -7.5707391e-02
 -6.3001923e-02
 -2.0014946e-04
 -7.9613738e-03
  3.0387336e-02
 -5.5763163e-03
  1.5513463e-01
 -9.1553386e-04
  1.1973595e-01
 -1.2419451e-02
  1.1985784e-02
 -1.1016087e-02
  3.0063423e-03
  8.5706916e-03
  1.2409681e-03
 -3.2857938e-03
 -8.0778748e-03
 -1.3135947e-02
 -1.6014939e-02
  4.8801238e-03
 -1.1925203e-01
 -2.7367836e-04
  3.1029312e-02
  2.2048004e-04
 -1.0189475e-04
  2.2249037e-02
  3.8851473e-01
  1.8694655e-03
 -6.9711618e-03
 -1.6406991e-01
  2.2679666e-02
  2.2649230e-02
 -2.1952286e-01
 -8.1899278e-03
  1.0031556e-02
 -3.4595993e-03
 -9.2603103e-04
 -2.8072547e-02
 -1.8370885e-02
 -5.0371397e-02
 -7.2337411e-02
  7.3207719e-03
 -3.1291938e-03
  4.2122114e-03
  6.3056098e-03
  2.8542241e-03
 -1.5693565e-03
 -1.1475260e-04
 -3.0132583e-03
 -1.0589424e-03
  2.5322055e-02
  1.3389133e-03
 -1.3020117e-03
 -3.2996234e-01
  1.5101046e-02
  1.2343866e-04
 -7.4858898e-03
 -3.8027992e-03
 -1.3995047e-02
  1.7147457e-03
  2.9256311e-01
  3.2120537e-02
 -9.9115120e-04
  1.0117016e-02
 -9.0861749e-03
  6.6534900e-03
 -8.0495840e-03
  2.1464594e-03
  9.1401869e-03
 -2.9600882e-03
  9.5876172e-04
  5.8389413e-03
  1.4623585e-03
  5.0164214e-03
 -5.9284987e-03
 -3.0653782e-03
 -1.0530346e-02
  2.0582020e-02
  6.1381925e-03
  1.5024395e-03
 -1.1449296e-03
 -9.0946583e-03
  5.9384567e-04
 -2.0433692e-03
  1.4241833e-03
 -1.8026792e-02
 -9.0645259e-04
 -1.4638850e-02
  4.8697991e-03
  8.8444167e-01
 -6.1647154e-02
 -1.0671358e-02
 -1.5396884e-01
 -1.4360559e-01
  1.5410759e-01
  3.1006997e-03
  5.0350707e-02
  6.3280837e-04
  4.1918373e-03
  1.4004305e-01
  6.7838013e-02
  4.3789003e-02
 -2.4739560e-03
  1.7767092e-02
  1.0738727e+00
  6.6400588e-02
  5.9354629e-02
 -9.3189953e-04
  9.5111709e-03
  6.9580518e-02
 -2.2922654e-01
  4.5630585e-02
 -3.4806840e-02
  1.2763305e+00
 -1.1881931e-03
  1.3240760e-02
 -2.4296211e-03
  9.9802151e-02
  9.5960830e-04
 -5.5789411e-01
 -4.1614953e-01
 -6.3073719e-01
 -4.5379002e-02
 -3.9482631e-02
  5.6015188e-03
 -9.5309997e-03
 -5.1421620e-04
 -5.7593030e-03
 -3.2603366e-03
  5.8252662e-02
  4.8095658e-02
  7.2163153e-03
 -1.2514942e-02
  4.9314072e-04
  1.2994215e-01
 -2.1476757e-03
  4.5283057e-02
 -1.1059449e-01
 -1.7018027e-03
  1.3467206e-02
 -7.4215752e-01
  2.7468365e-01
  1.9015500e-01
 -4.1362636e-02
 -8.2540885e-03
  1.3691847e-03
 -7.7117682e-03
  7.8777792e-03
 -5.3686923e-03
  2.0731627e-03
 -1.7062994e-03
  3.7444406e-03
 -8.1883688e-03
  5.6883381e-03
 -2.2468988e-02
 -5.8771363e-03
  9.7142236e-04
 -2.1278816e-03
  4.4851890e-04
  1.2056210e-02
  1.3625091e-02
  6.4751366e-03
 -6.8711350e-04
 -8.7479586e-03
  1.3911290e-03
 -2.3880156e-03
  1.8000025e-04
  1.0044372e-03
  1.5308186e-03
  6.9457251e-03
  1.8403337e-03
 -8.3390195e-03
 -2.0572551e-02
  8.9473771e-03
 -3.0637462e-02
 -1.0860562e-02
 -4.5380420e-03
  2.2417605e-02
 -2.5555638e-03
  3.8940408e-03
  6.1341871e-02
  2.0769592e-02
  1.4237502e-02
 -1.9078293e-03
 -7.2656485e-04
 -1.6234000e-01
  1.7557442e-03
 -2.8976242e-03
  1.5886933e-02
 -5.0064828e-03
 -3.6565140e-03
  4.6435306e-03
  6.0832901e-03
 -7.0953276e-03
 -7.3605351e-02
  1.2080193e-03
  2.1424180e-01
  5.5018840e-03
  1.0127538e-04
 -1.1398250e-02
  1.2083038e-03
 -1.0505470e-04
 -6.5375201e-02
 -9.0135570e-04
 -6.2067783e-03
  2.6441775e-02
 -1.9876048e-02
 -1.3716429e-03
  1.2178494e-02
  4.4142342e-01
 -3.3483544e-01
 -9.2980415e-01
 -3.5868317e-01
  1.9513723e-02
  5.8587119e-02
 -3.6094019e-01
 -9.2251915e-03
 -6.1404759e-01
 -2.0802342e-03
  4.1102745e-02
  2.4203596e-01
  3.5360932e-02
 -2.7702245e-01
 -1.6522746e-01
  2.1384493e-01
  1.2278649e+00
  3.3852652e-02
 -2.1277698e-02
  2.9697742e-03
  2.1021405e-01
  4.2111033e-01
  2.4248851e-02
  1.1735764e+00
 -1.8599775e-02
 -5.1317844e-03
  1.2449050e-02
 -6.0220598e-03
  4.2121973e-02
  2.6920252e-03
  1.5046175e+00
 -4.5484599e-01
 -7.5964957e-01
 -4.9542910e-01
 -2.0574355e-02
  2.4277033e-01
  8.2069822e-02
  4.4108637e-02
  1.3566398e-03
  1.0059449e-02
  2.0141949e-01
  1.9445173e-02
  3.3276640e-02
 -5.1425509e-03
  8.9487378e-03
  2.1742812e-01
  2.2707011e-03
  6.3537724e-02
 -2.6936905e-02
 -5.4259575e-03
  2.9821846e-01
  1.7327219e-01
  8.0026351e-02
 -4.8432794e-01
  4.0187491e-03
  1.2242669e-03
 -2.2766771e-02
  1.0799669e-02
  7.6293894e-03
  1.0745260e-02
 -1.5111668e-01
  1.2119056e-01
  8.3155209e-01
  2.8088208e-02
 -3.1366514e-03
 -9.5671080e-02
  5.0417256e-01
 -2.0355457e-02
  6.3490472e-04
 -8.9962443e-04
 -1.2564793e-01
 -5.5598342e-03
  6.2184286e-04
  8.1607075e-03
 -4.8669614e-03
 -4.2459045e-02
 -1.2011805e-02
 -9.5510244e-02
  4.4482136e-03
  6.0615861e-03
 -1.5382843e-01
  2.1024495e-01
 -9.0096220e-02
  2.0383364e-01
  3.3968830e-01
 -5.7761855e-03
 -2.2632701e-03
 -1.3275140e-02
 -7.3373184e-02
 -4.6229985e-04
  6.3315518e-02
 -1.5729704e-01
  8.1637334e-03
  3.7462849e-02
  1.7610465e-01
  9.4213366e-04
 -4.0326957e-02
  1.1321191e-01
  1.4181918e-02
 -5.0340913e-04
  5.2125345e-04
 -8.5174702e-03
  1.6475135e-03
 -3.6283191e-03
 -5.8823139e-03
 -9.2987035e-04
  7.2413916e-03
  5.5973334e-03
 -3.2072235e-03
  4.6337429e-03
 -2.0324679e-02
 -1.8635446e-02
 -4.0485542e-03
  1.2435120e-02
 -1.4766477e-04
 -3.4943963e-03
  1.2136210e-02
  6.0202600e-03
  6.2103412e-04
 -3.4892785e-03
  8.9554465e-01
  6.9312233e-01
  6.9911771e-02
  6.7127711e-01
 -8.0045583e-03
  5.1354049e-03
 -5.5202737e-02
  2.5057614e-02
 -5.0514243e-03
 -4.6233819e-03
 -2.6629400e-03
  2.8838799e-04
 -6.4818759e-04
  6.2093455e-02
 -9.5412508e-03
  5.6497166e-03
 -1.6586670e+00
  9.9967923e-03
 -5.0076097e-03
 -2.4785647e-02
  5.1472294e-03
 -1.7219769e-02
  8.1867380e-03
  8.3323326e-03
 -4.1620168e-03
  1.0764212e-02
  5.3243581e-03
  7.1153818e-03
  8.2240626e-03
 -1.3752199e-02
 -5.2543468e-04
  1.6079950e-01
 -5.7828581e-01
 -2.4920451e-03
 -2.1768506e-03
 -6.4632791e-01
 -1.1050805e-03
 -1.2292899e-03
 -1.1757683e+00
  5.0137285e-04
 -1.7876881e+00
 -9.5263076e-01
  1.7797828e-01
 -9.2137046e-03
  8.0943120e-01
  1.9581778e-02
  1.5400930e-01
  6.0643712e-03
  7.3120785e-03
  5.4623839e-03
 -7.8846170e-03
 -1.6120355e-01
 -5.8816087e-01
 -2.4532404e-04
 -2.0237511e-03
 -8.4311970e-02
 -1.0602832e+00
  7.7662075e-01
 -3.9185835e-03
 -1.7857589e-01
  7.5682575e-01
  7.5717700e-01
 -1.0232388e+00
 -6.9813603e-03
  3.8900530e-01
 -9.3140393e-01
 -2.4494776e-03
  3.8756896e-02
 -6.9351220e-01
 -1.1589328e-01
 -1.7174835e+00
  6.9576448e-01
 -1.8280393e-02
  8.8896111e-02
 -1.0460397e+00
 -4.0488172e-01
 -1.3044909e+00
 -4.7853711e-01
  2.2287872e-01
 -2.1182831e-01
 -1.2921652e-01
  7.7581263e-01
  4.9492484e-01
 -2.1474874e-02
  4.0123127e-03
  5.8163953e-01
  7.8260273e-01
 -7.2543043e-01
  1.6700575e-01
  4.9147204e-01
 -1.6421741e+00
  3.0017180e+00
 -7.9657084e-01
  4.4851330e-01
  8.9542586e-01
  7.5306821e-01
 -1.9976903e-01
 -6.2421864e-01
  7.4577075e-01
  1.2069830e+00
  2.2054225e-01
  9.9969929e-01
  3.7791616e-01
  4.9503532e-01
  1.0913256e+00
  5.1482254e-01
  1.1947156e-01
 -7.1998507e-02
  4.5537224e-01
 -2.2731802e-01
 -4.7399876e-01
 -2.7049857e-01
  7.4687082e-01
  5.0418335e-01
 -1.3341576e-01
 -9.3921617e-02
  1.1564403e-02
  1.5964593e-01
  8.8011569e-01
  6.5650307e-02
  6.6048563e-02
  2.9861012e+00
 -1.1933711e+00
  1.0248684e+00
  1.2119250e-02
  2.5589788e+00
  1.5365769e+00
  7.8255117e-01
  1.4318235e+00
  3.4636343e-01
  9.7222894e-01
 -2.1740487e-01
 -2.5257123e-01
  1.3967457e-01
 -2.5042418e-01
  4.3686965e-01
 -3.1277195e-01
  3.6558442e-02
  1.2075738e+00
  2.4115929e-01
  5.9891349e-01
 -4.3939838e-01
 -2.4383290e-01
  3.2656979e-02
 -7.5638250e-02
  6.3329302e-02
 -1.6602415e-03
 -6.2297329e-02
 -2.6617901e-04
  4.3255469e-04
 -4.9815197e-02
  5.8361399e-01
 -6.8198842e-01
 -1.5245898e-01
 -5.6939894e-01
 -6.4781873e-04
 -1.7722975e-03
 -2.1089336e-02
 -1.1287996e-03
 -1.0307840e-02
  1.5956910e-01
 -3.2127113e-04
  3.2755550e-02
 -6.6892397e-07
 -4.1009165e-02
  4.8714629e-03
 -4.0110783e-03
 -8.9059666e-02
  3.9939344e-01
 -1.7651162e-01
 -1.2217779e-02
  9.8432280e-02
  1.0795662e-02
 -9.3335118e-03
  1.3793436e-02
  1.2717698e-02
 -1.6381474e-03
  5.5850111e-04
 -3.5676561e-02
  7.2187549e-03
 -1.5438900e+00
  1.7474595e-01
 -9.8169576e-03
  1.2971410e+00
 -3.8400981e-01
 -1.5338041e-01
  8.2308300e-02
 -2.7177653e-03
  1.4461735e-01
  2.3503212e-02
  3.6958158e-01
  4.2493897e-03
  9.5022697e-04
  4.7815666e-03
  2.7664802e-03
  2.8060871e-01
  1.5823618e-02
  1.1454880e-02
  1.1916531e-02
  1.5670839e-01
  9.6054953e-03
 -1.0738004e-01
 -3.3225785e-03
 -5.1936094e-04
  2.5617713e-02
  4.9402700e-03
 -1.5924992e-03
  4.3207854e-03
  1.3683707e-03
 -4.6351356e-03
  1.1620530e+00
  2.4548655e-02
 -7.1423231e-03
 -5.0483946e-02
 -1.0349504e-02
 -2.7666399e-02
  1.7075145e-03
 -1.5667056e-03
  1.2895565e-01
 -3.2095313e-03
 -1.1413231e-02
 -6.5469831e-02
 -4.2851148e-03
 -1.5975274e-01
 -1.1312417e-02
 -1.1693051e-02
 -1.0243652e-03
  7.0426031e-04
 -3.1386784e-03
 -2.7268766e-03
 -6.8733506e-03
 -2.8986244e-03
  3.3175593e-04
 -4.2448412e-03
 -1.6425845e-03
 -9.2132669e-03
  5.1704012e-03
  7.6111499e-03
 -2.0865981e-01
 -7.3114312e-03
  3.2945331e-02
  3.2216173e-01
 -1.8951385e-01
 -5.6050295e-01
  1.0334128e+00
  3.3441391e-03
 -4.7210086e-02
 -3.8756356e-03
 -1.7661905e-02
 -2.9755436e-02
 -3.3048272e-01
 -2.1468794e-03
 -2.4780855e-02
  4.5734268e-04
 -1.9415507e-02
 -3.5250831e-02
  4.5148201e-02
 -1.4768590e-02
  2.3286103e-01
 -2.0761162e-01
 -4.7580328e-02
 -2.5102666e-02
  3.6975285e-03
 -6.5164514e-02
  1.6575465e-01
 -3.9184522e-03
 -6.4032767e-03
 -2.8321834e-02
 -1.5907782e-03
  4.8277047e-04
  1.7861720e-03
  4.1484413e-01
 -9.4406446e-03
  1.2080454e-02
  4.2188703e-03
  1.6774837e-02
 -9.0246685e-02
  3.4781906e-03
 -5.0258625e-02
 -4.3190587e-03
 -1.7211272e-04
  6.1960910e-03
 -7.1409829e-03
 -2.7222715e-02
 -1.7266160e-02
  5.8496795e-03
  7.7265725e-03
 -3.6565135e-03
  1.9408286e-03
  1.3965750e-02
 -1.1430508e-02
  1.9022238e-01
  8.1676077e-03
  2.8537023e-03
 -9.7805439e-03
 -3.4069251e-03
 -9.0430854e-03
  3.6767588e-03
  1.3389657e-02
 -1.0447241e-02
 -1.0150238e-01
 -8.2616198e-01
  2.1845014e-01
 -1.1330816e-01
 -1.1470495e+00
 -3.9793757e-01
  2.1947935e-01
  2.4574251e-01
 -5.2680813e-02
  1.9599983e-01
  2.2054593e-01
  6.8847336e-02
  6.3080192e-01
  6.9147289e-01
  2.3001862e-01
  2.2698833e-01
 -1.8243711e-01
  2.8906062e-01
  1.8767653e-01
 -3.5234043e-01
 -4.1253355e-01
  3.6739260e-01
  6.5215462e-01
  8.5063493e-03
  1.6519761e-01
 -1.2911314e-02
  2.0023923e-02
  5.5429647e-03
  4.2105693e-02
 -1.1052392e-02
 -7.5694835e-03
  3.7577176e-01
  2.9042676e-02
 -4.6994695e-01
 -6.8665183e-01
  1.1348710e-03
  1.2768739e-01
  1.5390207e-02
 -2.5157984e-02
  1.3736826e-01
 -1.6434411e-02
  2.3363631e-02
 -8.0630509e-03
 -8.3821444e-03
  1.3082839e-02
 -2.1187390e-01
  5.0620884e-03
  8.8310592e-02
 -2.8076553e-01
  2.4456579e-02
  2.6810297e-04
  5.8706603e-03
 -7.0365728e-03
  1.0139245e-02
  1.5423805e-03
 -1.2307645e-02
  1.6980885e-03
  1.5268326e-05
  2.0773120e-02
 -4.2557432e-03
  1.0210546e-02
  1.7878419e+00
 -7.5138813e-01
  5.3059631e-03
  5.7790399e-01
  1.0038495e+00
 -5.8510401e-03
 -1.1175907e+00
 -3.7231419e-02
  4.8344242e-03
  4.3320820e-01
 -1.3588955e-01
 -5.6767929e-02
  1.8586715e-01
 -2.7302614e-01
  1.9656660e-01
 -2.9219460e-02
 -1.0205235e-01
 -9.0541470e-01
 -4.6136804e-02
  5.8062905e-01
 -2.0421885e-01
 -1.8921045e-03
 -4.6138249e-02
  3.3198619e-01
  5.8236360e-03
 -3.7140325e-02
  6.8854814e-04
 -2.2135517e-02
 -2.6684112e-03
 -1.0576786e+00
  1.7957858e+00
  1.2757038e-01
 -5.1156032e-01
  7.5565226e-02
  4.7939356e-02
  3.1783438e-01
  7.1074435e-04
 -3.8218603e-02
 -1.1452825e-02
  1.0015447e-01
 -1.3003497e-01
  7.5606001e-04
 -5.9929360e-03
 -6.5603413e-02
  3.0113939e-02
  4.7338986e-01
 -7.5747281e-02
  2.0224866e-01
 -1.7377365e-02
  4.1804545e-02
 -3.1284890e-01
  1.9293323e-02
  1.4730887e-03
 -2.8850746e-01
  7.0902314e-03
  4.5883171e-03
  1.3605132e-03
 -6.9447909e-03
 -8.2009914e-04
 -6.7519329e-02
  8.0075616e-01
 -1.1066961e+00
 -3.9764813e-01
 -3.1685543e-01
  4.9548063e-01
 -1.9799503e+00
 -1.5053557e+00
 -8.7220119e-03
 -1.3367788e+00
 -1.5537985e-01
  1.0786732e-01
 -2.1187079e-01
 -1.0532775e-01
 -2.9255724e-01
  8.5618091e-01
 -6.9085681e-01
 -1.2593229e+00
  1.5880432e-02
 -6.6338259e-01
 -3.6081880e-02
 -9.3518972e-01
 -1.1362117e-01
 -4.9204147e-01
 -1.0495512e+00
  2.0325127e-01
 -5.1191653e-04
 -3.6154883e-03
 -7.6633528e-02
 -3.3392315e-03
  5.0892862e-03
  6.7917886e-03
  6.8884627e-03
 -8.1218554e-05
  4.4079744e-03
 -2.1675682e-01
  1.7632384e-02
  2.5852825e-02
 -1.9590214e-03
 -3.8171299e-03
  5.0375977e-04
  2.7786242e-03
  1.7233562e-02
  8.0336735e-02
 -1.2383008e-02
 -5.7184562e-04
  1.3802472e-02
  3.0779296e-01
 -8.8330517e-03
 -1.4373259e-02
  7.0296274e-03
 -3.5698977e-03
 -5.6749959e-03
  3.2505265e-03
 -1.4804136e-02
  7.9161070e-02
  3.8506251e-03
 -1.4128571e-02
 -1.4375355e-03
 -7.2904737e-03
  3.8358429e-01
 -3.8479313e-01
 -5.3013998e-01
 -2.7938777e-01
  3.1850335e-01
 -9.4806053e-02
  9.9194288e-02
  6.2840813e-06
 -1.3423599e-01
  1.8467200e-03
 -1.2835598e+00
 -1.8697936e-02
 -3.6044952e-01
 -2.8006569e-02
 -4.1863954e-01
 -1.0113260e+00
 -7.7637881e-03
 -3.1218365e-01
  2.9376510e-01
 -5.7078934e-01
  1.0505438e-01
 -1.5879638e-01
 -7.0705079e-03
 -3.5430826e-03
  3.6916035e-01
  1.0723227e-02
 -2.5893975e-02
  7.9360523e-04
  1.6407862e-01
 -1.1085138e-03
  8.3466740e-03
 -1.3739468e+00
  2.3876531e-03
 -8.3572663e-02
 -1.2558880e-01
 -3.2597367e-02
 -9.0618044e-01
  7.3152413e-03
  6.3240469e-02
  2.8224063e-01
  3.8530366e-04
 -8.8496931e-04
  2.2926636e-03
  3.9223030e-02
  1.0641391e-02
  2.1850688e-03
 -2.3923204e-03
 -9.2084464e-03
 -1.9885115e-02
 -1.2258716e-01
  3.0985409e-02
  1.0798046e-02
 -2.0445237e-02
 -1.5870243e-03
 -1.1889340e-02
  2.2216178e-03
 -1.0555348e-02
 -4.2253113e-03
  5.2831862e-02
  1.5221669e-03
 -7.4218355e-05
  3.5751290e-03
  1.9527443e-03
  7.6834455e-02
  3.6338726e-01
  1.2649532e-02
  1.0245521e-01
  4.0727939e-02
 -1.7196268e-02
  3.7839004e-01
  1.1930547e-02
 -2.1801304e-02
 -1.0630603e-02
 -3.7103677e-03
 -4.5587931e-02
  3.3014979e-02
  4.2648120e-03
 -2.6621970e-03
 -2.3497972e-01
  3.4987766e-03
 -3.0952718e-03
  1.2275870e-01
 -6.8480093e-03
 -4.7634370e-03
  8.7001830e-01
  7.3037349e-02
 -4.5542479e-03
 -2.7581034e-02
 -1.7812772e-02
  4.6474426e-03
 -3.0977644e-03
  9.8984875e-02
  2.1967594e-02
 -2.6787634e-03
 -3.6424443e-03
 -2.3039242e-03
 -1.9047399e-03
 -8.8237021e-03
 -1.6829904e+00
  9.3938835e-04
 -1.8090911e-02
  8.9082426e-01
 -4.2486829e-03
  1.0310721e-02
 -5.0229467e-03
 -3.9609103e-03
  3.4204428e-03
  3.8061127e-02
  1.5207298e-02
  9.2895189e-03
  5.1326625e-02
 -7.2564129e-03
  1.7778350e-05
 -1.6147218e-03
 -1.8835669e-02
 -1.9358756e-03
 -1.6819612e-03
 -9.3078089e-04
  1.3500629e-02
 -5.9953919e-03
  3.6557817e-03
  2.7424376e-03
 -2.7183613e-03
  2.0664344e-02
 -6.6859839e-03
  1.4712504e-03
 -7.0742485e-03
  1.0617726e-02
  3.7133517e-03
 -7.2242677e-02
 -1.5500089e-03
  3.9999648e-03
  2.9579115e-03
  2.9631029e-03
  5.9827552e-03
  7.7306284e-03
  1.2405968e-02
 -1.9784949e-03
 -1.4672935e-02
  5.2421396e-03
  1.5328741e-02
  1.1094473e-02
  3.3818711e-02
  5.8631641e-03
 -8.4711341e-03
 -2.1845184e-04
 -9.9310614e-03
  4.4539957e-03
  1.4118650e-03
 -1.8563021e-03
 -4.0030144e-03
  5.2689767e-04
 -1.7665176e-02
  2.2491759e-01
 -9.3319935e-01
  1.8736054e-01
  1.1707253e-02
 -8.2490100e-03
 -6.2999856e-03
 -4.1822135e-03
 -2.1196948e-03
  7.9757199e-03
 -1.2150506e-02
 -8.7372528e-04
 -3.6441176e-03
 -2.6156816e-01
 -1.1225038e-03
 -1.3093133e-03
 -1.8717356e-03
  4.4861524e-03
 -2.1008135e-01
 -4.8496030e-02
  5.5986049e-04
 -9.7294996e-04
  6.8703201e-03
 -6.8587922e-03
 -1.1160173e-02
  1.1588458e-03
 -1.9920699e-03
 -8.8163931e-03
 -1.0319715e+00
  3.9444500e-01
  1.2217081e+00
 -2.3221964e-01
  1.1931518e+00
  2.4843042e-01
  1.8796250e-01
  2.3633257e-02
 -7.3640782e-01
 -4.1224398e-03
 -6.6348544e-04
  6.6474755e-03
  1.4227006e-02
  5.7819374e-02
 -2.9018684e-03
  4.2662963e-01
  9.0717524e-02
  1.5102088e-02
 -4.1023817e-02
  9.3614245e-03
  1.0810792e-01
  3.4313038e-02
  5.2202463e-01
 -3.5047325e-01
  3.6905225e-02
 -5.3156647e-03
  1.9429637e-02
  2.7822973e-03
  4.2800833e-02
 -2.8317822e-03
 -6.0376191e-01
  5.7961863e-01
  4.6070989e-02
 -1.9110385e-01
 -2.2371963e-01
  7.2546233e-03
 -3.9898139e-01
  6.3447785e-03
 -2.2190353e-02
 -3.8844100e-03
 -8.0985529e-04
 -7.2712816e-02
  1.4938056e-02
 -9.1876097e-02
 -4.2634450e-02
 -2.4858182e-03
  6.3370523e-04
 -1.5561493e-01
 -1.2516115e+00
 -1.2132952e-02
 -8.5985549e-03
 -1.0123811e-02
 -1.0612166e-02
 -1.8675035e-02
  2.8484862e-03
  9.4015738e-03
 -5.6219110e-03
 -3.1054607e-03
 -3.7984222e-02
 -1.1843143e-05
  6.7500465e-02
 -1.9852196e-01
 -3.8967746e-01
 -2.4157317e-01
 -7.1642321e-01
  3.9580241e-02
 -8.7257773e-01
  5.2926852e-04
 -1.2370353e-02
  1.7422032e-02
 -3.3177016e-03
 -1.4583893e-01
 -2.2209094e-01
 -6.3315169e-03
 -6.6602185e-02
 -3.2109108e-02
 -2.9426423e-01
 -1.0116744e-02
 -1.6532964e-01
 -1.1335674e-02
 -5.5470395e-01
 -1.4762358e-02
 -4.7209706e-02
 -1.5196921e-03
 -1.9973153e-03
  4.7532143e-03
 -2.0982519e-02
 -6.5154122e-04
 -1.2019004e-01
  1.7899523e-03
 -2.2213040e-01
  3.1801212e-01
  7.0384932e-01
  2.5288627e-01
 -1.4181732e-01
  5.0731306e-04
 -1.2181182e-01
 -1.3624860e-01
  1.8685956e-01
  5.4921526e-03
 -7.6363915e-01
 -3.0192850e-05
  7.0099207e-03
  3.6502492e-02
  3.7079600e-03
  4.5523131e-01
  6.1632618e-03
  9.4137182e-03
  2.2119940e-03
 -2.3835730e-03
  9.9462964e-02
  2.1019360e-02
 -2.4923093e-03
  7.8426540e-02
 -1.1595028e-02
 -1.1347134e-03
  1.1463513e-01
  2.8917899e-02
  1.4833128e-03
  3.9037908e-03
 -4.8227198e-02
 -2.0534351e-02
  1.9095879e-02
  4.8229329e-02
 -4.9111821e-02
 -1.7879209e-02
 -7.5705904e-01
  3.6169153e-03
 -6.3605810e-04
  9.2171198e-03
  2.6237296e-03
 -1.4067750e-03
  1.1525038e-03
  3.1824932e-02
 -1.1971439e-01
  1.8295367e-03
  1.1435517e-01
  2.6402888e-03
  9.9067378e-04
  1.8308807e-02
  1.2812864e+00
 -2.6999630e-03
 -6.7201997e-03
  2.8338194e-02
 -1.3414349e-02
 -1.4717911e-02
 -1.8693081e-03
 -1.2328487e-01
  4.5902883e-03
  5.1511365e-01
  4.3733382e-01
 -2.6215902e-02
  2.2824146e-02
  1.0534129e+00
 -3.6184631e-02
 -4.3467921e-01
 -1.0054553e-03
 -1.6663699e-01
  8.6459674e-02
  1.7404024e-01
 -3.2290849e-01
  1.3273795e-01
  3.6361821e-03
  3.7705455e-02
  1.9886287e-01
 -5.1665646e-01
 -2.1454401e-03
  4.6828189e-03
 -1.1625907e-01
  4.9073589e-01
  2.9351681e-02
  4.4617048e-01
 -9.3348743e-03
  4.0798806e-02
 -7.1202435e-02
 -2.1784337e-02
  4.1977618e-02
 -1.0839690e-03
  3.2791172e-03
  7.6107615e-05
  2.8241470e-03
  1.0975578e-01
  2.5334381e-04
 -1.3998918e-02
 -1.5300591e+00
 -4.2403876e-03
  1.0916892e-02
 -3.8795478e-03
  2.3735104e+00
  2.9083151e-02
 -2.4881966e-03
 -2.1453269e-02
 -1.5376152e-02
 -4.5636063e-03
  3.2217351e-03
  3.6741301e-02
 -1.6028404e-03
  7.6378314e-03
 -5.2123964e-03
 -1.2452613e+00
 -9.8888995e-03
 -1.2651026e-03
 -1.1979486e-03
 -5.0196433e-03
  5.1899925e-03
 -5.4144477e-03
  1.0301513e-02
  3.1144023e-03
  8.7895151e-03
  6.0437764e-03
  1.8863377e-01
  2.5547257e-01
  7.3204875e-01
 -1.2057600e+00
  1.0065838e+00
  2.2230381e-02
  6.2234022e-02
  1.0091820e-01
  1.8913964e+00
  1.6813625e-01
  5.2054048e-01
  3.3427504e-01
  6.6640183e-02
  3.6311105e-01
  2.5498024e-01
 -1.1878031e-02
  1.7167332e+00
  3.5846177e-02
  2.2159829e+00
  2.8623137e-01
  3.8253862e-01
  5.5742621e-02
 -2.8249251e-03
  4.0677461e-01
  7.2331592e-02
  4.2789825e-03
 -2.3568204e-01
  1.3669419e-02
  5.6019478e-02
  2.4627126e-03
 -1.4118305e-01
  5.6676626e-02
  2.3076320e-02
  1.6480656e-01
  6.1714911e-01
  2.6635177e-02
  1.8952996e-01
 -2.2231789e-01
 -7.1424313e-02
  1.0803053e-01
 -2.1556331e-02
  3.4770542e-01
  2.0653356e-03
  1.3031363e-02
  5.6509882e-02
  5.6912720e-02
 -4.5299440e-04
  5.6892809e-02
 -1.5519342e-01
  2.1782050e-01
  1.4204942e-01
  3.0546946e-02
  2.2840211e+00
  2.6513255e-01
  1.0653547e-01
 -8.1707370e-03
  2.9727763e-03
 -2.9226574e-03
  7.8466274e-02
  3.0013586e-03
  7.7563629e-02
  2.7847779e-01
 -6.5068030e-01
 -4.2389125e-01
  2.3694263e-01
  1.7920744e-01
  4.3133316e-03
 -2.8428729e-03
  1.5466481e-02
  6.0661918e-01
  2.5290564e-01
  3.7263022e-03
 -1.1949596e-02
 -1.8026486e-04
 -7.5559434e-03
 -1.1188803e-01
 -3.8222461e-03
 -2.4146817e-03
  2.5434222e-03
 -8.0993876e-04
 -4.8410939e-03
  2.5608066e-01
  3.5155591e-02
 -2.0463524e-02
  5.6331921e-03
  3.4918610e-03
  1.6657062e-03
  4.7392067e-03
 -5.7882918e-03
  8.1565967e-03
 -7.1706325e-03
 -8.0460133e-03
  9.8686405e-03
  1.9513261e-02
 -1.0973050e-01
 -5.4543768e-03
 -1.0655153e-02
  1.0705955e-02
 -6.4455229e-03
 -4.5612529e-03
 -1.2633701e-02
 -1.5964835e-03
  1.3352349e-02
  1.8692501e-04
 -2.5579184e-03
  6.6817082e-03
 -1.5168177e-04
  4.3795393e-03
  7.6866796e-04
 -2.0739881e-03
  7.5306334e-03
 -1.7831152e-03
 -6.9758738e-03
 -7.4803759e-04
  1.8611252e-03
 -2.3343274e-03
 -7.1617919e-03
 -5.5708964e-03
 -1.0388084e-04
 -2.3986346e-03
  1.2097564e+00
  1.9722639e-01
 -3.1606752e-01
 -1.1709461e+00
  5.8345121e-01
  7.9579228e-01
  3.3751405e-03
  1.4189391e+00
  2.2449472e-04
  4.6111882e-02
 -1.1272360e-01
  5.2189505e-01
 -1.8286712e-02
 -1.1431940e-03
  1.0760315e-01
  4.9042386e-01
 -1.1304561e-02
  2.0409974e-03
  1.3304710e+00
  2.8475404e-01
 -7.9497802e-01
 -9.0019759e-03
 -2.6964186e-02
 -2.9610889e-03
  3.8726620e-02
 -2.4049634e-01
  1.8473519e+00
  1.0348934e-01
 -2.6314491e-01
  4.9997526e-01
  1.0278209e+00
 -1.1859398e+00
 -7.5939018e-01
  1.7779371e-01
 -1.6900948e-01
 -4.6321857e-01
 -5.2753765e-02
  1.1778421e+00
  4.8468277e-01
 -5.3168702e-01
 -6.6812050e-01
 -7.4734068e-01
  2.5664601e-02
 -4.0307954e-01
  2.1432437e-01
 -4.0332207e-01
  6.6949964e-02
  5.9043150e-02
 -4.0384305e-01
  5.2514577e-01
 -5.3909236e-01
 -2.8055918e-01
  2.6958698e-01
  1.1123905e-01
  5.3734827e-01
  2.7062500e-01
  4.9877703e-01
  4.9562284e-01
 -3.2099184e-01
  7.9602890e-02
  3.8392005e+00
 -9.7365707e-01
  2.2184100e-02
 -1.5432256e-01
 -7.4603534e-01
 -1.1026401e-01
  5.6429690e-01
  1.0723577e+00
 -8.9761490e-01
 -5.9360635e-02
 -1.0711991e-01
 -1.6394792e-02
 -6.2472790e-01
  6.2921874e-02
 -2.3199017e+00
  4.4272000e-01
  1.4274360e+00
 -5.5219508e-03
 -2.0816643e-03
 -4.6380605e-03
  6.2389916e-01
  7.3628759e-01
  7.5606927e-02
  7.4838987e-03
 -1.3761026e+00
  4.4423097e-01
  3.8722494e-01
 -1.9291342e-03
 -2.0262127e+00
 -2.3685187e-02
 -8.4995851e-02
  7.3182285e-02
  1.3091614e+00
  3.8275864e-02
  1.2012168e-03
  5.6249475e-05
 -3.8725198e-03
  8.3228582e-01
  3.4018040e+00
  2.0973791e-01
  1.2582990e+00
 -6.5048569e-01
 -8.7210089e-01
  2.5540728e-03
  2.3441494e+00
 -1.5155745e+00
  8.4947264e-01
 -1.0935001e+00
  2.7393529e+00
 -3.6116257e-02
 -8.7012058e-01
 -1.7957424e-03
  2.5339022e-01
 -6.2106442e-01
  2.2212992e+00
  1.5111533e+00
 -1.7347904e+00
  4.1448310e-01
  2.1632440e+00
  9.4858697e-04
  5.2191710e-01
 -8.2037393e-03
  2.9689845e-01
  4.6812612e-01
 -2.1457534e-01
 -1.0262656e-02
  4.1589714e-03
  6.4537320e-03
 -1.5189555e-01
  2.3551004e-01
 -4.1823217e-01
 -1.9991657e-02
 -2.1596661e+00
  1.9197356e+00
 -4.7712234e-01
 -2.8475696e-02
 -3.8145685e-01
  1.7966195e+00
  9.8786163e-01
 -2.4216670e-01
 -1.7047127e+00
  2.2243379e-01
  6.6867560e-02
 -1.5436785e-03
  3.3557838e-01
 -6.6085774e-01
 -9.5782316e-01
 -7.2094953e-01
  4.9606013e-01
 -6.5789921e-03
 -4.1957092e-01
 -1.1650070e-02
  1.5515747e-02
  9.1987079e-01
 -2.2701198e-01
 -1.7509371e+00
 -5.2968943e-01
  5.9562606e-01
 -1.3801673e-01
 -6.3097000e-04
 -1.8356521e-01
 -3.6680466e-01
  8.9126807e-01
  1.9349959e+00
 -1.6798953e+00
 -2.1131475e-01
 -2.2443520e-01
  1.8566336e-03
  6.1653733e-01
 -6.7890364e-01
  7.6580834e-01
 -5.0801480e-01
  2.1849744e-02
 -7.5898185e-02
 -5.6089675e-01
 -9.9953767e-03
 -1.0176221e-01
 -5.4126781e-01
 -4.2484018e-01
 -3.7212926e-01
 -6.9008029e-01
  1.9778399e-01
 -4.0968728e-01
  1.0521825e-02
 -8.1175661e-01
 -1.1202867e+00
  6.6735440e-01
 -2.2076119e-01
 -1.5814672e+00
  9.9489979e-02
  1.5223676e-01
  2.5856728e-03
  9.0160094e-02
  2.0677965e+00
  3.8896048e-01
  1.7679170e-01
 -3.0819568e-01
  2.2965424e-01
 -9.5906687e-01
 -3.0810505e-03
 -1.4863856e+00
 -6.7511612e-01
  4.5364626e-02
 -2.0464429e-01
 -6.5232438e-01
 -2.2490215e+00
  4.1170892e-01
  4.4879982e-01
 -3.0057248e-01
 -2.0286569e-01
  6.7025324e-04
 -3.3501738e-01
 -6.0656536e-01
 -1.7645618e-01
 -2.2797000e+00
  1.9883530e-01
 -6.5755063e-01
  3.0728894e-01
  2.3377061e+00
  7.9764855e-01
 -9.6444923e-01
 -6.7378622e-01
 -6.7795622e-03
 -3.7785709e-01
  1.8981930e+00
  7.6169136e-04
 -9.5649278e-03
 -1.3994070e-03
 -1.4903457e-01
 -6.3632149e-01
 -5.7479747e-02
 -1.8588413e-04
  9.0973538e-01
  2.2046051e+00
  1.7926422e+00
  6.6351044e-01
  1.6073599e-01
  1.8440390e+00
  3.7856925e-01
  3.1686407e-01
  5.2543426e-01
 -1.0633729e+00
 -1.0606360e-02
 -1.1387435e-02
  1.4039555e-01
  2.0341264e-01
 -3.6463004e-01
  1.7771971e-01
 -1.6844069e+00
 -1.0221297e+00
 -6.6038263e-01
 -1.4154871e+00
  3.5339895e-01
 -5.1401805e-02
 -1.1771145e+00
 -2.7921680e-01
 -6.4926885e-02
 -1.6096008e+00
 -7.7420935e-02
 -6.5861118e-01
 -1.7992857e-01
  4.0574861e-01
 -1.2308474e+00
 -5.4128323e-04
 -8.7571537e-01
  6.3895625e-01
  2.3399954e+00
 -2.3957446e-02
 -1.5074412e+00
 -1.5545921e+00
 -1.0889149e+00
 -3.6829442e-04
  1.2552423e+00
  6.6614586e-01
 -4.0185804e-04
 -1.5662837e-01
  3.1709227e-01
 -9.0561211e-02
  7.9373360e-01
  1.1826991e-02
  2.9486778e+00
  2.2955713e+00
  3.1009448e+00
  4.4254355e+00
 -2.2057309e+00
 -2.1292415e+00
  5.2130479e-01
  1.1099798e-02
  4.4856542e-01
 -7.2712392e-01
 -1.1389071e-02
 -1.2040256e-02
 -9.2817909e-01
  1.5347344e-01
 -5.3401154e-01
  3.3329859e-02
  1.5975958e-01
  8.8319755e-01
 -2.0702591e+00
  1.6447570e+00
  3.0214542e-01
  6.7420590e-01
  8.7931430e-01
  1.7574434e+00
 -1.2206231e+00
 -1.7181458e+00
 -2.2487858e-02
 -2.4817163e-01
 -1.0648474e-01
 -8.3168596e-01
 -3.3823833e+00
  5.6913663e-02
  5.4467428e-01
  2.3743683e-01
 -2.6434982e-01
  2.7949098e-01
  1.2303240e-01
  6.1505347e-01
  1.8869364e-01
  3.9345436e-03
 -5.2736157e-01
 -2.0180893e+00
  4.3042186e-03
  1.9095691e-01
  1.7964756e-03
 -3.5287210e-01
 -1.4765418e+00
  6.0236230e-02
  1.4451950e+00
  1.9003035e-01
  1.3677876e+00
  9.7867125e-01
 -5.9515911e-01
  8.2474932e-02
  4.1496485e-02
 -8.8551506e-02
 -7.6624289e-02
 -9.3089294e-01
 -3.0588466e-01
 -6.2647450e-01
  3.0944443e+00
 -3.2032597e-01
  1.1538446e+00
  8.1547126e-03
  1.1644104e+00
 -1.7970584e-01
  9.5197964e-01
  2.1070669e+00
 -1.1035098e+00
  1.3322733e-02
 -3.9975089e-03
  2.0452382e-03
  1.3640238e+00
 -5.8564639e-01
 -1.5249863e-02
 -2.5028376e-02
 -9.5497417e-01
  2.6112106e+00
 -1.3440602e-03
 -1.9719115e-01
 -2.2071466e-01
  5.3368270e-01
  5.0260907e-01
  5.0775307e-01
 -1.5121986e+00
 -4.3820266e-02
 -6.2885207e-01
 -2.2234740e-02
  1.2193223e-02
 -2.2310334e-01
  8.5218559e-04
 -5.8172368e-03
 -1.4692830e-02
 -4.3894406e-03
  1.1695999e-01
  1.2619395e-02
 -1.5863820e+00
  2.1470197e-01
  1.4931155e+00
 -5.7720643e-01
 -1.0824478e+00
  5.1570857e-01
  5.4455012e-02
  6.2380787e-03
  1.3075972e+00
  5.5834144e-01
 -1.5973270e-02
 -1.2880650e-02
  1.5792501e-03
  3.8062665e-01
  1.6306086e-01
 -1.2510695e-01
 -8.0142236e-01
  5.6186581e-01
  4.8553118e-01
  1.7650530e+00
 -1.2558178e+00
  1.6864420e+00
  2.5200462e-01
 -8.7141357e-03
  6.6406870e-01
 -7.3896307e-01
 -4.3212762e-03
 -5.6962647e-02
 -6.4298171e-01
  1.2278898e+00
  2.8114343e-02
  9.5308842e-03
  5.6555414e-01
 -4.1127032e-01
  2.0972899e-01
 -1.0239542e+00
  1.3537962e+00
 -1.0323577e-03
 -2.6883245e-02
 -3.3064429e-02
  1.4780034e-01
  3.5255374e-03
 -6.7659206e-04
 -2.7969213e-02
 -6.1726058e-01
 -2.8267449e-02
  9.5262146e-03
 -1.1826050e-01
  9.0847248e-01
 -2.7573755e-01
  5.8044040e-01
 -1.1046222e+00
  1.0102347e+00
 -4.1534013e-01
  5.9347622e-02
  1.5168484e-01
  2.9965371e-01
 -2.1751417e-01
 -5.5123162e-02
 -1.2143610e-01
  6.5278658e-04
  3.3094946e-01
  5.5024761e-01
 -5.6855677e-04
 -3.5536149e+00
  9.4099385e-01
  1.2827516e+00
  9.6903490e-03
 -2.2925995e-01
 -1.2134549e-02
 -2.3774490e-02
  5.7304655e-03
  7.4136513e-01
 -1.6714929e-01
 -4.0068226e-03
 -7.5705409e-02
 -2.5296849e-01
 -6.5716225e-01
  1.2634357e+00
  2.8225226e+00
  2.8504286e-02
  1.1767006e+00
  4.5579758e-01
 -6.3163412e-01
  1.4503305e-01
 -3.7227780e-01
 -5.9548565e-03
  1.2199474e-02
 -5.5359114e-02
  6.5027662e-06
 -2.0742898e-03
  1.5534885e-02
  5.1422006e-01
 -7.6384264e-01
 -1.3205760e+00
  1.0667660e+00
  8.5841405e-01
  7.3472583e-01
  6.8954742e-01
  1.8560432e-01
  5.5694304e-02
 -2.8980479e-01
  3.4365493e-01
  9.3731984e-02
  1.1314058e-02
 -2.3723444e-01
 -1.0068249e+00
 -5.1862925e-01
  2.0290083e-01
 -3.9145380e-01
 -6.5541905e-01
 -2.1793259e-02
  3.3313194e-01
 -6.8232620e-01
 -1.9953516e+00
  4.8370254e-01
 -4.5290461e-01
  3.8678926e-01
  9.2288665e-03
 -1.8266145e-03
 -9.6939725e-01
 -1.4178690e+00
  2.0850623e-01
  1.1256911e-02
 -1.1546255e-01
 -9.7924197e-01
  1.5767321e-02
  3.3388687e-03
 -9.9834281e-01
 -9.5313793e-01
  1.1879082e-02
  2.0881267e-01
 -7.7583200e-01
  9.3261816e-04
  1.8488808e-02
 -1.2199809e-03
 -5.5840120e-02
 -1.5448675e+00
 -2.5734720e-01
 -4.4009136e-03
  1.0492762e+00
 -1.9374326e-01
 -2.1846755e-03
  8.3165793e-03
 -9.4645745e-01
 -1.0408737e-01
 -3.4242455e-02
  1.7435811e-02
 -2.9098037e-01
 -1.0044527e-02
 -4.9781580e-02
  4.8385854e-03
  7.5703687e-03
  1.2979101e+00
  1.0769031e+00
  8.9234614e-01
 -2.2582004e+00
 -4.2329624e-01
  5.0106162e-01
 -1.9843625e-02
 -1.3969116e+00
 -3.2538135e-02
  1.6169522e-02
 -5.0601935e-01
  5.0113297e-01
  2.0787721e-02
  1.2346516e-02
  9.5103867e-03
  3.2239294e-01
 -1.9722760e+00
 -1.7891120e+00
 -6.5234774e-01
  1.6132106e-01
 -4.2534757e-01
  8.1191164e-01
  8.2140034e-03
  1.5864285e+00
 -6.0691392e-01
 -1.2124196e+00
  6.3900724e-02
  1.7981141e+00
 -6.9673173e-02
  8.9182509e-03
  1.5599692e-01
 -1.5837260e+00
 -9.5087302e-01
  7.9605210e-01
  1.0769167e+00
  6.1549020e-01
  3.2416603e-01
  5.7129036e-03
 -1.4092792e-02
  7.2724283e-01
 -1.7343621e+00
  4.6701733e-02
 -5.4917611e-02
 -7.8846335e-01
 -2.9624125e-01
 -7.5713672e-02
  3.1836231e-03
  2.4509107e-01
  1.4007615e+00
 -7.3710763e-01
  1.8746971e-01
 -6.0555458e-01
  2.1250114e-01
  3.9101299e-02
 -5.3580580e-03
  1.7638271e+00
  3.0970407e-01
  4.8944858e-01
 -2.6971129e-01
 -1.3740368e+00
  2.7827448e-03
  5.8867019e-02
  4.0773261e-02
  3.6929160e-01
  4.7976562e-01
 -1.1542380e+00
 -1.1998177e+00
 -1.2198727e+00
 -6.7126578e-01
  4.0317024e-03
 -5.6897183e-03
  3.5397390e-01
  3.7026605e-01
 -9.5241344e-01
  6.2147087e-01
 -1.0500455e+00
 -2.4635056e-01
 -2.5126737e-04
  6.2548218e-04
  3.0518301e-02
 -1.1530889e+00
  4.6000007e-01
 -9.2080772e-02
  1.3058490e+00
 -1.4368920e-01
 -1.0738601e-03
  8.2217436e-03
 -3.5108840e-01
  4.3891904e-01
 -1.0633265e+00
  1.2710598e-01
 -1.6727990e-01
 -5.1651043e-01
 -6.3486403e-01
 -1.2816927e-01
 -1.3021018e-01
 -1.3578853e-01
  1.4583031e+00
  1.2860809e-01
  1.3199831e+00
  9.6546821e-02
 -4.5988351e-02
  2.2211099e-01
 -2.0506558e+00
 -2.4303656e-02
 -1.6673989e+00
 -3.5801671e-02
  6.9556177e-01
  1.4142660e+00
  4.2074746e-05
 -1.2969886e-02
 -1.7345635e+00
  5.9528744e-01
 -6.7890441e-01
 -1.4060924e+00
 -3.1834462e-01
  5.5102986e-01
  1.6952917e-01
 -2.6244519e-03
  1.7190529e+00
 -1.1338436e-01
 -3.4115486e-02
 -3.7886986e-01
 -1.9251716e+00
 -7.6482698e-02
  7.7448911e-03
 -2.0043131e-02
 -9.0065759e-01
 -3.5322383e-01
  8.2971813e-04
  1.2118183e-03
  2.5672385e-01
  4.5603807e-03
  3.9761327e-03
 -6.5933648e-03
  1.1544306e-01
 -2.0698537e-01
 -5.4258037e-01
  1.4320798e-03
 -9.8539971e-02
  2.2436397e-01
  7.4339874e-02
  1.8441660e-02
 -1.6432881e+00
 -1.7695980e-01
  6.0302773e-03
 -5.2321631e-01
 -2.5203758e-01
 -1.1170000e+00
 -6.2685594e-04
 -4.8115029e-04
  4.8202005e-01
 -7.2454667e-01
  1.3271488e+00
  1.4539558e-01
  1.7342838e+00
 -1.1487429e-01
 -1.7307277e-03
 -1.9093496e-01
  1.3485516e+00
 -5.0506253e-02
 -2.1834032e-01
 -4.1975966e-01
 -4.9076218e-02
  6.7518187e-01
  1.9380054e-02
 -1.5923959e-03
 -7.5420570e-01
 -2.1570840e-01
 -4.3309074e-02
  6.6774350e-01
  3.7535748e-01
 -4.4791192e-01
 -4.8031379e-02
  9.2560679e-02
  4.3652019e-01
  2.0028189e-01
  1.6649205e-02
 -4.2898399e-03
  2.2766168e+00
  6.0311830e-01
  2.5866409e-03
  3.1555928e-03
  2.5820112e-01
 -1.0254589e-01
 -4.0731066e-01
 -9.7557623e-03
  4.8090887e-01
  2.2015815e+00
 -1.9285733e-01
  8.3979324e-04
 -4.2478633e-01
 -2.2730749e-02
 -1.4466295e-01
  1.8502668e-02
  9.2435437e-01
 -5.7242760e-03
  1.2607018e-03
  7.0747286e-03
  4.9325842e-01
  9.5504552e-01
  2.0283864e+00
  2.1538372e-01
 -2.2445281e-01
  2.9524460e-01
 -2.9734090e-01
 -3.4576952e-01
 -6.1670196e-01
 -9.7508931e-01
 -2.4726374e-01
 -1.1729861e+00
 -1.3286077e+00
 -3.4389976e-01
 -4.2898208e-01
 -4.3905452e-03
 -8.2276392e-01
 -2.5395620e-01
 -3.0956754e-01
  2.1108097e-01
 -6.0349083e-01
  1.1234844e+00
 -6.5373927e-01
 -2.6852506e-01
 -5.5761643e-02
 -8.8570076e-01
 -8.7620783e-01
  7.2503418e-01
  1.2087984e+00
 -9.1534024e-01
 -5.0722118e-03
  7.6252007e-04
 -1.5022604e+00
 -9.2277956e-01
 -3.9880154e-01
 -5.6094992e-01
 -7.4723846e-01
  5.6851918e-01
  2.2689122e-01
 -1.9663073e-02
 -6.1591160e-01
  2.3206870e-01
 -2.0192015e+00
 -2.9969805e-01
  2.2181330e+00
  6.0241431e-01
  1.8945554e+00
 -6.2177586e-03
 -2.0341444e+00
 -4.1137257e-01
  6.5187514e-01
  9.7237813e-01
  7.4606651e-01
 -1.6651100e-02
 -1.7515585e-01
 -5.0009507e-01
  6.8075907e-01
  3.4711394e-01
  1.2139080e-02
 -5.6962699e-01
 -2.2487493e+00
  5.2863616e-01
 -1.7988217e+00
  3.1325091e-03
 -9.8704213e-01
  2.1123625e-01
  2.9483762e-01
 -3.7757185e-01
  1.3560245e+00
 -1.2825596e-01
 -4.0187430e-01
 -9.2437984e-03
  1.7022288e-01
 -1.3376902e-03
 -1.2711915e-02
 -1.0597538e-02
  3.5650409e-03
 -7.9131298e-02
 -3.9730888e-02
 -1.9054877e-02
 -4.0125689e-01
 -3.6126986e+00
 -7.7329248e-02
 -1.2022597e+00
  3.7201017e-02
  4.0645678e-02
 -3.4732196e-02
 -2.1441253e-03
  5.0981867e-01
  1.0719070e+00
 -1.5686622e-03
  8.6029541e-01
 -6.5847188e-01
  6.7728442e-01
 -1.7240651e+00
  9.9168271e-03
  2.3510073e-01
  4.2336765e-01
 -3.4226230e-01
 -2.7008438e-01
  4.8286367e-02
 -2.7395970e-01
 -8.3058208e-01
 -8.1690347e-01
 -3.3356193e-01
 -2.2955595e-03
  3.1571609e-03
 -2.3101747e-02
  7.6470643e-02
 -1.5121831e+00
 -7.5923395e-01
  1.5688024e-02
  3.2531638e+00
 -9.8172718e-01
 -2.4266508e+00
 -9.8940969e-01
  8.3344281e-02
 -4.6855244e-01
  1.9868287e-01
  2.8095084e-05
  1.6822572e-01
  7.2710395e-01
  8.4832258e-04
 -2.2998288e-01
  2.4082726e-01
  9.2539197e-01
 -4.0349375e-02
 -1.1555109e-03
  1.2374556e+00
 -3.1887180e-01
 -2.1071336e-01
 -1.8242491e+00
 -1.0371791e+00
 -2.9650896e-03
 -2.2967172e-01
 -5.2812189e-01
  7.3664491e-03
  1.7970572e-01
 -2.5435623e-03
 -4.6557944e-02
 -6.9782805e-01
 -6.6244894e-01
 -1.0643135e+00
  1.9266345e-02
  8.8871795e-01
 -9.8235995e-01
 -5.7762855e-01
 -3.9667243e-01
  1.1905757e+00
 -4.6162242e-01
 -5.5355030e-01
 -6.1562127e-01
  7.2570568e-01
  2.5275724e-02
  1.1734339e-02
 -2.0335130e-02
  3.4914652e-01
 -8.6390316e-01
  1.1427886e+00
  3.7236796e-03
 -8.8286328e-01
  7.3691350e-01
 -6.1294913e-01
 -8.3973092e-01
  2.0758043e-01
 -2.0240852e-01
  5.8789160e-02
 -1.3482839e-02
  8.8119999e-02
  1.2111700e+00
 -1.1029117e-02
 -1.4907320e-01
 -6.1950552e-01
  1.3528053e-01
 -1.9876361e+00
  6.9861328e-03
 -6.8855304e-01
  8.4595388e-01
 -1.0678204e+00
  2.2972581e-01
 -7.0949167e-01
 -6.1601058e-02
 -3.3653438e-01
 -3.0445343e-01
  2.2049475e-01
 -7.3411524e-02
  2.6737723e-02
  5.2150269e-03
 -5.5806267e-01
  6.4479786e-01
 -8.9778818e-02
  1.8270904e-03
 -1.7074680e-01
  6.8338978e-01
  4.1464913e-01
  1.3243744e-01
 -4.0835497e-01
  1.4094689e-01
  6.4682829e-01
  1.0573629e-02
 -5.3438868e-02
 -4.2212019e-03
  5.9373581e-01
  3.5102046e-01
  2.8455266e-01
  3.3964902e-01
 -2.1653571e+00
 -1.7963102e-03
  1.6428033e+00
 -1.7245070e+00
  5.3485537e-01
 -8.0904132e-01
  1.0511595e+00
  4.2381710e-03
  7.3514944e-03
  2.9890828e-03
  7.8450990e-01
 -4.2856438e-03
  3.3253897e-03
  1.8557323e-03
 -1.2307002e-01
  1.9510764e-01
 -2.3727964e-03
  5.3245859e-04
  9.8658770e-01
  4.7022474e-01
 -2.6434547e-01
 -7.8007478e-01
  1.6260345e-02
  2.6639225e-02
  5.8176517e-03
  3.8223481e-01
 -2.4016267e-01
 -3.8650129e-02
  2.9952180e-01
  4.1560331e-01
  4.3272907e-01
  5.7001835e-01
 -9.6699685e-02
 -1.5475685e-02
 -7.5288880e-01
 -8.0623370e-01
  7.7942383e-01
 -4.3942428e-01
  7.0861632e-01
 -1.6664667e-01
 -1.3345953e-03
  5.2642664e-03
 -9.9458259e-01
  1.5101367e-01
  6.8254299e-03
  3.7026208e-02
 -1.8269306e+00
  3.0642071e-01
 -5.6075663e-03
  2.6003253e-03
 -2.0913523e-01
  6.9274282e-01
 -8.1627548e-01
  6.4209193e-02
  1.8160349e-02
  9.6004240e-02
  1.3765062e-01
  1.6296206e-01
  2.5831839e-01
 -1.8854135e-01
  1.3128346e-01
  1.4287806e-01
  9.5603102e-01
 -2.5699434e-01
 -1.9444087e-01
 -6.0934848e-03
  9.3453974e-01
  2.1209024e-01
 -3.3296319e-03
 -6.6964680e-01
  1.5001862e-01
  3.8551416e-02
  4.5978781e-03
 -1.0314447e-02
  5.0901479e-01
  4.1940647e-01
  6.9303669e-02
  2.8906196e-02
 -2.8713720e-02
 -1.8500917e-01
  1.4764277e-02
 -7.2431087e-04
 -5.8328420e-01
  4.7289771e-01
 -1.4218315e+00
  5.3903524e-02
 -1.0637279e+00
  7.3056060e-01
 -7.6440178e-02
  5.2480510e-04
 -1.1434003e+00
 -7.5483352e-02
 -3.5616720e-01
  3.7129845e-03
 -2.1326907e+00
 -7.2365546e-01
 -3.6614522e-01
 -5.8820448e-03
  6.2137145e-01
  4.2832255e-01
  1.4888996e+00
 -1.8243235e-01
  8.9396310e-01
  3.8148609e-01
  2.9713865e-02
  2.7111164e-01
 -1.0518326e+00
 -3.5666924e-03
  4.0868866e-01
  1.5727967e+00
 -1.3721544e+00
 -7.4797887e-01
  8.0162859e-01
 -5.4822874e-04
  8.4279603e-01
  5.6089985e-01
  4.9353433e-01
 -1.3010354e+00
  1.2999547e+00
  6.5915197e-02
 -1.7744362e-02
  2.8183526e-01
 -7.2004348e-01
  8.9229360e-02
 -3.7690031e-03
 -6.0116304e-03
  5.4949844e-01
 -4.9859792e-01
 -4.6259906e-02
 -4.3220189e-03
  6.7568203e-03
  2.3892799e-01
 -2.8629836e-01
 -2.3752022e+00
  1.1523783e+00
  2.0305574e-01
  1.1120379e-03
 -2.8126091e-03
  5.6836817e-02
  2.6300740e-01
  1.0582780e-01
  1.0761859e-01
  4.8918954e-01
  1.0004076e+00
  2.7150207e-03
  7.1747913e-03
 -1.1908650e+00
  4.1709278e-02
 -1.0988613e+00
 -7.6050848e-01
  2.4688141e+00
 -3.2397248e-02
  2.5616311e-03
  6.1570812e-04
 -1.9115744e-02
  9.5259072e-04
 -7.6149129e-03
  3.6540115e-03
 -1.7667961e-01
  2.0213975e-02
  1.8634595e-03
 -1.0405633e-02
  3.1287523e-03
  5.7456309e-01
  2.6184469e-01
  6.9560781e-03
  4.3135220e-03
  2.4213644e-03
  5.8747106e-04
 -2.6737622e-03
  3.0896937e-02
 -1.0459971e+00
  9.6979044e-02
  4.6791971e-01
  3.8546389e-01
  3.3899312e-04
  6.9628730e-03
  8.9895958e-04
 -4.7288564e-01
  9.6681726e-01
 -4.5712885e-02
 -3.7828821e-01
 -4.2927018e-01
 -2.0622885e-01
 -5.1701331e-04
 -2.1883892e-03
  4.2892970e-02
  4.1836700e-01
 -1.8670416e-03
 -3.8682355e-04
 -1.0175447e+00
  4.1713479e-01
  5.6317113e-03
  1.0900100e-02
  4.2656457e-01
 -5.2520487e-02
 -1.0293378e+00
  7.1852452e-01
  4.6933302e-01
 -4.9457025e-02
  1.5628368e-01
  2.5829135e-03
 -4.9853366e-02
  1.4511071e-01
  2.8636094e-02
  6.7683081e-03
  5.3258371e-01
  2.2542024e-01
  1.3916292e-02
  8.4826145e-03
 -1.6126020e-01
 -2.2215612e+00
  1.6924572e-01
  5.5882567e-01
  3.7719607e-01
  1.8230848e-03
  1.6835455e-02
 -8.7344833e-03
 -1.1286763e-03
 -3.4939572e-02
  9.4711862e-04
  7.7802767e-03
 -1.5768550e-01
 -8.5308917e-02
  1.9048781e-03
  4.1650276e-04
 -1.3224616e+00
 -3.2680002e-01
  1.9954406e-01
 -8.4124285e-01
 -3.4430183e-02
 -4.0121487e-01
  6.4049633e-03
  1.1463606e-02
  4.3562278e-01
 -1.0474767e-02
  1.8150862e-02
  3.3132124e-03
 -1.3767883e+00
  1.7320816e-01
 -6.6538155e-04
 -1.7709945e-03
  9.9184203e-01
  1.9732296e-01
 -5.8271497e-01
 -1.5417346e-01
  3.1242648e-01
 -9.2261017e-04
  9.5382696e-03
 -4.7508930e-03
 -3.5600209e-01
  1.5668546e-01
  2.0887724e-01
 -3.9093774e-03
 -3.3131036e-01
  1.9885065e-02
 -1.1149056e-03
 -2.7387850e-03
 -1.1564685e+00
  2.3227406e-01
 -1.0337890e+00
  2.3344047e-01
 -1.5978673e+00
  1.9934122e-01
  2.9927360e-02
  2.4708407e-03
 -1.2883249e-02
 -1.0072429e-01
 -6.4814910e-03
  4.2255150e-04
 -4.4954354e-01
 -6.0035080e-01
  9.6830341e-04
  1.8375957e-02
 -6.0939872e-01
 -2.1846767e-01
  1.1369073e+00
  3.1761933e-02
 -2.1266593e-01
  3.4410588e-04
 -5.3750868e-03
 -1.0040886e-03
  1.0655740e-01
 -4.6193588e-01
  8.0688659e-04
 -7.3864553e-03
  1.0565572e+00
  9.8643936e-02
  2.8811291e-02
  7.0381159e-04
 -7.6485980e-01
 -2.8724584e-01
 -1.4906000e-01
 -9.0798426e-01
  1.3735546e-01
  2.4365617e-03
 -6.6412780e-03
  1.3112214e-03
 -3.7922901e-03
 -1.1773486e-02
  8.9377342e-03
 -1.5312603e-03
 -3.4681761e-03
  1.5054026e-02
 -1.0067843e-02
  5.8070421e-03
 -3.4405497e-01
  2.8310284e-02
 -3.2653940e-01
 -5.9544736e-01
  5.9143654e-03
  2.2873512e-01
 -3.3667621e-03
 -9.0028448e-03
  3.3032709e-01
  6.6042238e-01
  1.7790625e-02
  5.7354253e-03
 -1.2011342e-01
  3.6753488e-01
  6.7575515e-05
  8.6213378e-03
 -5.1499713e-02
 -8.3452839e-01
  1.3382359e-01
  5.0064212e-01
  3.8791241e-03
  2.2961457e-01
 -1.2045030e-02
 -5.7103890e-03
  4.9264051e-02
  7.5247758e-03
 -3.7869851e-03
  1.8099090e-02
 -9.8218685e-01
  2.6935273e-01
  3.1005242e-03
 -1.3712198e-03
 -6.5206456e-01
  3.9248381e-02
 -1.0108736e+00
  1.3713847e+00
  1.7943434e-01
  9.3142793e-04
  7.7569028e-03
  1.0467166e-02
 -4.1575995e-03
 -6.7506470e-03
 -1.2395204e-02
  2.5748231e-03
  2.3813318e-02
  3.8035449e-01
  1.4588245e+00
  5.1789340e-03
 -1.1571640e-02
  8.4427398e-01
 -1.4056969e+00
 -3.6750659e-01
 -1.4535351e+00
 -1.8857722e-01
 -3.6766063e-02
 -1.2486756e-02
  5.4976463e-01
 -2.5924534e-01
 -6.9526182e-03
  1.6502667e-02
 -5.2841586e-01
  1.9322224e-01
 -2.1681421e+00
 -7.4188821e-02
 -1.0649855e-01
  1.0145203e+00
 -2.8908542e-01
  2.3736553e-01
 -1.0240599e+00
 -6.6684246e-01
  6.6250367e-03
 -1.3880217e-02
 -1.1553679e-01
  6.1315969e-02
  3.6840490e-03
 -4.6850275e-03
 -6.1785370e-02
  1.4012514e-01
  2.8830539e-03
 -6.5290615e-02
 -2.5636762e-01
  4.5872417e-01
 -1.1985284e+00
 -1.1671144e+00
  2.3023199e-01
  9.8031042e-03
  4.6071368e-03
  3.0740707e-03
  3.5449097e-01
 -4.5427233e-01
 -6.5036956e-03
 -5.8863856e-02
  2.2185168e-01
 -1.9144017e-01
  8.9630984e-02
  1.3528548e-03
  1.5405765e+00
  5.5548590e-01
 -1.6944584e+00
 -2.5381148e+00
 -2.0452045e-01
 -3.1393087e-01
 -1.8313156e-02
 -1.6455579e-01
  5.9483361e-01
 -2.3612708e-03
 -8.1907064e-03
 -2.1292130e-03
 -1.0092213e+00
  2.0752688e-01
  3.9448962e-03
  3.1778724e-03
 -3.8882777e-01
  3.1989205e-01
  5.7675809e-01
 -1.0064697e+00
 -6.1817747e-01
  1.6745026e-03
  6.3780904e-01
  3.3982182e-01
  5.4595560e-01
 -2.6653221e-01
 -5.3608733e-01
 -6.8460226e-01
 -1.0086134e-01
 -9.8829532e-01
 -5.7846410e-03
 -2.8414179e-03
 -1.6493644e-01
  1.4057684e-01
  6.5106434e-01
  1.1324558e+00
 -1.2637657e+00
  1.6578381e-01
  1.6811816e-02
  4.7059669e-03
 -1.0473664e+00
 -3.3477857e-03
 -9.8313321e-04
  2.9553631e-03
 -4.3072156e-03
  1.5720338e-01
 -2.2590340e-03
  9.3480637e-03
  3.2457153e-03
  5.7829338e-01
  6.5836167e-01
 -3.7198076e-01
 -3.2981273e-02
 -5.0298017e-01
  1.8562825e-02
  4.5835963e-03
  1.2876798e-01
 -3.5099818e-03
 -3.4384379e-01
 -4.3398839e-01
  6.4706416e-03
  3.0514562e-01
 -2.9501736e-03
  7.6321070e-04
  1.2331569e+00
 -5.0451133e-02
  2.3635095e-01
  1.8224674e+00
 -9.2915541e-01
 -3.1174350e-01
  1.2661291e+00
  7.7464002e-01
 -4.1464043e-01
 -2.7644718e-01
 -4.6130926e-03
 -2.1176161e-02
  8.6840522e-01
 -2.9681792e-02
 -8.5454737e-04
  3.3345146e-03
  1.8664464e+00
 -6.3654321e-01
  1.9386059e+00
 -6.6194993e-01
  3.3667326e-01
  4.6117735e-01
 -4.5841679e-01
 -2.8833009e-02
 -1.3987738e+00
 -4.6574277e-01
  5.6035706e-04
 -1.0530075e-01
 -1.8521808e-01
  3.4777418e-01
 -5.9445668e-03
 -1.8582321e-03
  2.2118847e+00
 -7.1780014e-01
  4.6820536e-01
 -1.2799481e+00
  1.0430154e+00
 -7.9508322e-01
  2.2945336e-01
  5.7959121e-01
  1.5939102e-02
 -5.3963035e-02
  3.1106334e-05
 -3.1720418e-01
  8.4269768e-01
 -1.3968928e-01
  3.4698658e-02
  1.9084951e-03
  1.0251644e+00
  9.8897052e-01
 -2.7959192e-01
  1.1602919e+00
  2.0000527e-02
  9.2671692e-01
  3.9800191e-01
  3.9612573e-01
 -2.9867306e-01
 -2.0817766e+00
 -6.6386320e-02
  1.2223118e-02
 -1.7760625e+00
 -1.6448163e+00
  4.8974846e-03
  1.9114288e-02
 -5.1426524e-01
  1.1876944e+00
 -8.3144933e-01
  1.0736442e+00
 -1.3472602e+00
  1.7460111e+00
  6.2995306e-03
  7.8467224e-03
 -1.1741863e+00
  1.8973786e-01
 -7.2354123e-02
 -6.2215406e-01
  4.1772681e-03
 -3.3059433e-01
  9.0207346e-04
 -5.9081853e-04
 -1.0136195e+00
  7.2211540e-01
  5.2650166e-01
 -1.8497111e+00
  3.4824893e-02
  1.2540191e+00
  6.4888918e-01
  2.0170316e-01
 -2.1021743e+00
 -2.7033108e-01
  1.4868614e-03
 -8.6437073e-03
  1.0376643e-02
  6.5806441e-02
 -1.4696168e-02
 -4.6193808e-02
 -2.4629151e-03
 -2.3541477e-01
  1.8982897e-02
 -3.2965285e-01
  7.5828958e-01
  4.7673814e-02
  4.7673814e-02
  4.7673814e-02
  4.7673814e-02
  4.7673814e-02
  1.5609854e-01
  1.5609854e-01
  1.5609854e-01
  1.5609854e-01
  1.5609854e-01
  8.4382154e-02
  8.4382154e-02
  8.4382154e-02
  8.4382154e-02
  8.4382154e-02
  4.5303676e-02
  4.5303676e-02
  4.5303676e-02
  4.5303676e-02
  4.5303676e-02
  1.5935346e-02
  1.5935346e-02
  1.5935346e-02
  1.5935346e-02
  1.5935346e-02
  8.5918568e-02
  8.5918568e-02
  8.5918568e-02
  8.5918568e-02
  8.5918568e-02
