nep4 4 Li La Zr O 
cutoff 7.5 4 189 32
n_max 4 4
basis_size 12 12
l_max 4 2 0
ANN 30 0
 -1.8983332e-02
 -4.0425628e-02
  2.7217139e-02
 -8.2726181e-03
  3.7141917e-03
  8.7761255e-03
  8.2918257e-02
  2.3234761e-03
  2.5866264e-02
  1.7654665e-03
  1.6577106e-02
  4.3947347e-02
 -7.1440088e-03
  6.0816230e-03
  1.1009219e-01
  9.8011404e-02
 -6.3152723e-03
  9.9158846e-03
  2.1316428e-03
  1.0834731e-02
  2.2555433e-02
  3.2147288e-02
  5.8097024e-03
  5.5171843e-03
  9.6116429e-03
  1.6358297e-02
  4.9762037e-03
 -2.3876785e-03
  4.6136556e-05
 -1.6138157e-02
  1.7842010e-01
  1.0401197e-02
 -2.2994723e-02
  1.1924380e-02
 -3.1559244e-01
  4.1082446e-02
  2.5946561e-02
  4.9963996e-02
  9.3297279e-03
 -5.4636069e-02
 -7.2652004e-03
 -9.1474527e-04
 -1.4120465e-02
 -1.5086636e-03
  1.4590860e-02
 -9.6564153e-03
  7.1687778e-03
 -8.3193928e-02
  6.1080687e-02
  1.6995190e-02
  8.6974655e-04
  1.1028186e-03
  2.5962903e-03
 -2.0826805e-02
 -2.7157536e-02
 -1.4003241e-02
 -2.9023577e-02
 -3.2232236e-03
 -2.4494518e-02
 -1.4932943e-05
  1.8827630e-02
  9.6729612e-03
 -1.7310956e-02
  5.4434221e-03
 -1.2743768e-03
 -1.9383477e-02
 -1.3867405e-02
  5.2075591e-02
  9.1337860e-03
 -1.1682965e-02
 -1.4569456e-03
  9.9686896e-03
  1.6103487e-02
 -4.2045964e-03
 -7.0250675e-02
  3.2815080e-02
  2.5697183e-03
  4.9015740e-03
  9.2757419e-03
  6.2063630e-03
  2.7425639e-02
  7.8392570e-04
 -3.1012599e-04
  2.6117383e-02
  6.2469309e-03
  9.8538138e-03
 -5.0123474e-03
 -5.2301413e-03
 -5.4704368e-02
 -1.7129343e-02
  1.7467748e-03
  2.5937641e-02
  2.0775091e-02
  7.7316002e-04
  3.9994032e-03
  1.3204023e-03
  1.5538931e-04
  2.8809768e-04
  8.7350067e-03
  3.5735905e-02
 -4.6934956e-03
 -6.3752155e-03
 -1.7674448e-02
 -3.0557184e-02
 -2.4425075e-03
  1.5356972e-02
 -8.0089942e-03
  1.2584765e-02
 -4.9049347e-03
  2.3112828e-02
  3.7692536e-03
 -1.4754970e-02
  1.1283733e-02
  4.5398071e-01
  3.7596528e-03
 -1.8767733e-02
 -1.0429100e-02
 -1.5779698e-02
 -1.8228671e-02
 -6.6966210e-03
 -2.7758446e-01
 -4.3997365e-01
 -4.9170211e-01
 -6.1673290e-01
  2.1755306e-01
  1.7638390e-01
 -4.4674529e-03
  9.6204139e-02
  7.9804547e-03
 -4.6260310e-03
 -4.9966467e-03
  1.0581522e-01
 -1.3993599e-02
 -4.7291727e-03
 -3.3057570e-02
  2.4973296e-01
  2.4111280e-01
  2.4413701e-02
  4.1570747e-01
  9.3554771e-03
  2.1354200e-01
  1.1966246e-01
 -2.1059743e-01
  4.2414628e-02
 -2.1859714e-01
 -8.9706946e-03
  2.4557661e-03
  2.5051194e-03
 -8.2646552e-03
  7.8371465e-03
  1.2975743e-01
  3.3273703e-01
  1.7687675e-01
  1.3965148e-02
 -2.0768831e-02
 -1.7386576e-02
  2.3953277e-03
 -2.5844830e-03
 -1.8425107e-02
  3.5799012e-02
 -1.2759994e-02
 -7.8184828e-03
 -1.6695842e-03
 -1.2675255e-02
 -7.9659438e-03
 -4.1687906e-02
  2.0471912e-02
  3.9415887e-01
  4.2361300e-04
 -6.9466807e-02
 -2.9601464e-03
  1.6489793e-02
 -4.1952585e-03
 -1.5887184e-02
 -2.5251761e-02
  2.2696797e-02
 -1.0460335e-02
 -2.0162407e-03
  2.6878119e-02
  7.0819021e-03
 -3.2099810e-01
 -4.9038187e-01
 -1.2346127e-01
 -3.0761170e-01
 -9.2426732e-02
 -1.0619324e-02
  3.2756182e-03
  9.5705546e-02
  3.8956150e-01
 -6.2283218e-02
 -4.4210227e-03
  3.1358519e-01
  3.6601427e-03
  4.2898291e-01
 -1.0560117e-01
  1.2533972e-01
  2.5916001e-01
 -9.0769753e-02
  4.2893645e-01
  2.3168659e-02
  5.7192266e-01
  3.5898340e-01
  3.0390659e-02
  2.4738869e-01
  9.9399174e-03
 -1.0372347e-02
 -3.7719350e-04
 -1.5468945e-02
 -1.3422166e-01
 -6.8249083e-03
 -5.3329382e-02
 -9.6907299e-03
  4.2590220e-02
 -6.5110466e-03
 -4.5765564e-02
  2.7363451e-02
 -2.5722821e-04
  3.8534608e-02
  3.0929910e-02
 -1.8663178e-03
  1.1335423e-02
 -7.8170858e-03
 -1.1303853e-02
 -2.4413634e-02
 -3.0254347e-03
 -9.4960356e-01
 -1.4422466e-03
  1.3453601e-02
 -4.0963601e-02
 -2.1143666e-02
 -1.2132294e-02
  4.4986894e-03
 -1.7621551e-03
  1.6547924e-02
 -9.7784260e-04
 -8.6536407e-03
 -4.5869138e-02
  8.4317572e-02
 -1.1103762e-03
 -8.7312488e-03
  1.6278675e-02
 -9.7952671e-02
 -1.6672151e-01
  4.8242351e-03
  1.3794206e-01
  8.7519418e-03
 -5.2566803e-04
  1.3824494e-02
  3.9795488e-03
 -1.4998312e-02
 -3.5394803e-02
  5.5920739e-02
  3.8407736e-02
  1.6544012e-03
 -3.3053609e-03
  1.0900280e-02
 -5.6411941e-03
 -4.2454340e-06
  9.6936297e-04
  2.6885619e-02
  9.7418772e-03
 -4.0159477e-03
  1.8308870e-02
  9.9631418e-03
 -2.8312585e-04
  1.5531537e-01
 -1.7602528e-03
 -3.5930346e-03
  1.4746219e-02
 -2.3227733e-02
 -2.0182265e-01
 -2.7394617e-01
 -4.4350487e-01
  8.5005267e-03
 -7.8363016e-02
  1.6105860e-02
  5.4605387e-02
  1.6739214e-02
  1.0455200e-02
  1.9369211e-02
  2.4672307e-03
  1.1620642e-01
  1.1747922e-03
 -7.2128056e-03
 -2.6434963e-04
  4.9758476e-01
  5.9683427e-02
 -4.6546362e-02
  3.0597359e-01
  9.6209691e-04
  7.1210645e-02
  5.7491817e-02
  2.1644869e-01
  1.6629582e-02
  7.6034591e-02
  2.8521032e-04
  9.8862946e-03
  1.3587045e-02
 -5.3130623e-02
  3.0267563e-02
  3.4109366e-01
  4.4863448e-02
  9.2547283e-02
  2.6342270e-01
  2.9991978e-01
 -2.1152136e-01
 -8.7256674e-03
 -4.8009291e-01
 -9.0717785e-02
 -6.8774628e-03
 -1.1034438e-01
 -7.2740199e-04
 -6.1551686e-02
 -1.3939518e-01
  1.0211118e-03
 -1.6371389e-01
 -2.5069293e-01
 -1.9453292e-01
 -4.7211036e-01
  1.8814990e-02
 -2.9061731e-02
 -1.5689306e-01
  1.8121768e-02
 -3.5131088e-01
 -5.2681118e-02
 -8.1626205e-03
 -1.2437379e-02
 -2.7082043e-03
  4.8192963e-01
 -1.2424011e-02
  5.1755193e-03
  1.8401867e+00
  5.6408695e-03
  2.6665786e-02
 -2.2403081e-01
  8.1427349e-03
 -1.1256305e-03
 -6.6673514e-03
  3.3175237e-03
 -1.1084581e-02
  4.7325455e-03
  2.4573818e-02
 -5.8913003e-03
  3.0182313e-02
  6.4249877e-03
 -4.1897410e-01
 -9.0357774e-01
 -2.1688314e-02
  5.4456390e-02
 -4.2183869e-02
  1.8730266e-03
 -1.5307815e-02
 -8.8365376e-03
 -3.4035187e-02
  6.3837720e-03
  1.0129241e-02
 -7.4920589e-03
 -9.2270435e-04
 -1.9885920e-02
 -1.4745397e-04
  7.6310851e-02
  9.2027202e-02
  4.3930799e-02
 -3.3816493e-03
 -2.0036250e-01
 -2.9408293e-02
  1.0529302e-02
  8.9687891e-03
  2.9478860e-03
  3.0813800e-02
 -4.9417794e-02
 -5.8919936e-02
 -4.3446761e-02
 -1.7346120e-01
  2.0648097e-03
 -4.9796757e-01
  2.5225354e-02
 -1.1761810e-02
 -9.8006681e-02
  1.4198901e-02
 -6.8124369e-02
 -5.6188107e-03
  3.1993783e-03
 -1.2687150e-02
 -5.2029518e-03
 -4.0367560e-04
 -1.4887833e-02
  1.6115902e-02
 -8.3659403e-03
  6.1912974e-03
 -1.9689566e-01
 -1.7031915e-01
 -9.1939193e-01
 -1.9856874e-02
 -4.3374732e-01
  1.0479545e-03
 -1.8807804e-02
 -2.1637591e-02
 -4.2054127e-03
 -7.2867563e-04
 -1.2935274e+00
 -5.7716471e-01
 -8.0726403e-01
 -4.9901236e-02
  5.1306980e-03
 -1.2014014e+00
 -4.9767800e-02
  7.6777941e-01
 -3.6231035e-01
 -3.6981258e-01
 -7.2723347e-01
 -1.1845361e-02
 -8.9889197e-03
 -3.0827058e-02
 -8.8268137e-01
 -2.0203210e-02
  2.3935661e-02
 -2.1102853e-02
  6.1081513e-03
  8.1336955e-03
  9.3015777e-03
 -7.1572778e-03
  8.1088152e-03
 -4.0809033e-03
 -2.7735507e-01
 -6.2611187e-04
 -7.9594247e-02
 -4.9096793e-03
 -5.3344239e-03
 -3.8671405e-03
 -3.1944150e-03
  3.7600421e-03
 -1.0410546e-02
 -1.3816878e-03
  5.8257664e-03
 -8.2008168e-02
 -2.3854706e-03
 -1.2196158e-03
 -1.1907682e-02
  2.8885890e-02
  7.1890798e-04
  6.1445124e-03
  2.7683349e-03
  3.5410337e-02
 -7.8928396e-03
  1.4630646e-02
  2.2370439e-02
  2.9945015e-03
 -2.5743330e-03
 -3.9767772e-02
  2.4767999e-02
  4.6436810e-03
  5.5381000e-02
  2.6663164e-02
 -3.3144346e-03
 -5.7954974e-03
 -2.0201322e-02
 -9.8655000e-04
 -3.2559179e-02
  9.0742577e-03
  9.8242555e-03
 -3.8963214e-02
  1.8319496e-03
 -1.1490738e-02
 -1.4020212e-02
 -5.8583403e-01
 -6.1885710e-04
  3.6445907e-03
 -1.3528619e-02
  3.8510822e-03
  9.3695160e-04
 -2.0829637e-02
 -1.3771132e-03
  5.8076400e-03
  4.6189851e-03
  9.3886710e-04
 -1.8986478e-03
  2.2713371e-02
  4.9351346e-02
 -1.1003137e-02
  1.8213460e-02
  1.8769484e-02
  9.7257150e-03
 -2.9447424e-01
  9.2725205e-01
  5.3500496e-02
 -7.6446510e-03
  1.0439225e-01
  6.1193453e-03
  1.7630614e-02
  3.8847001e-03
  1.7241256e-01
  2.4297244e-03
  3.9953314e-02
  1.8019484e-02
  4.2810127e-02
  1.0480354e-02
 -2.4814719e-01
  4.1738443e-02
 -3.2281715e-01
 -1.1988947e-03
 -2.2621960e-03
  3.4003061e-01
 -1.4887043e-02
  4.4226673e-02
 -1.7549578e-02
  1.2683565e-02
 -4.3889415e-02
 -1.5202546e-03
 -5.2626058e-03
 -1.6221368e-01
  1.7869149e-01
  4.0423586e-03
  1.8347396e-01
 -6.0174358e-01
  4.3814275e-03
 -1.1565853e-02
 -1.9384301e-03
 -1.0749233e-02
 -1.9088566e-02
  1.6362879e-02
 -9.7726835e-03
  3.2692086e-03
 -6.1044940e-03
 -6.5880135e-02
 -1.1015314e-01
  4.2307889e-05
 -1.1252931e-02
 -1.0209475e-01
  7.5904191e-03
 -2.7308769e-03
 -1.6088167e-02
 -6.0087200e-02
 -1.9652164e-03
  6.2087043e-03
 -1.2614159e-02
 -3.9255666e-03
  2.3650883e-03
  9.1811107e-04
  6.0580964e-03
 -2.5965199e-02
  4.8478432e-02
 -2.1021403e-02
  5.2575576e-03
 -1.7681008e-02
 -1.0344012e-02
 -2.9796647e-04
  2.1690195e-02
  1.0574559e-02
 -3.1702290e-03
  1.0479101e-02
  1.3907280e-02
 -2.4041777e-02
 -1.2094186e-01
  1.1255919e-02
  3.1926864e-01
 -4.8543750e-03
 -7.1683358e-03
  4.1454223e-01
 -9.8489532e-03
 -1.4220431e-02
  2.4221011e-02
  1.3560751e-03
  1.0064353e-02
  2.0493607e-01
  4.5083161e-03
  7.5281668e-03
 -3.4229851e-01
  1.1832093e-02
  7.0191575e-03
  1.2858642e-02
 -1.8485699e-02
  7.2596022e-03
  2.7752931e-03
  5.6729550e-03
 -3.4870435e-02
  2.0431286e-02
 -4.9747936e-03
 -3.8995121e-02
  1.1232889e-02
  2.5292281e-02
 -2.5608039e-03
  2.7055396e-02
 -1.8330992e-03
  1.7360222e-02
  3.1842915e-03
 -9.7408136e-03
  6.4422983e-01
  6.7733072e-02
 -1.3060468e-03
 -4.9238517e-03
 -3.3354501e-03
  1.0472322e-02
 -9.0483646e-04
 -2.1115135e-02
  1.0832964e-02
 -4.9530480e-02
 -1.9791475e-02
  1.1435787e-02
  7.1115876e-03
 -4.2112596e-02
  1.5996246e-01
 -3.3730445e-03
  2.7688973e-02
  1.7778574e-02
  3.9691282e-03
  2.7736297e-03
  1.3859065e-02
 -9.6581625e-03
 -4.0126625e-03
  1.6842457e-02
  4.9505988e-03
  8.5618740e-01
  9.0849493e-03
 -1.3632311e-02
  8.1850223e-02
 -1.3559455e-02
  1.4546223e-02
  3.7834823e-02
  1.0591948e-03
  1.4104621e-02
  1.1918865e-02
 -1.6904194e-02
  1.9778793e-04
 -4.4909146e-04
 -1.4977169e-03
 -1.1873953e-02
 -1.9025459e-03
  7.0776544e-03
 -6.5696836e-03
 -3.0316731e-03
  8.2166135e-02
  7.5409576e-02
 -8.3428305e-03
 -7.3626928e-02
 -7.0991635e-04
 -6.5309736e-03
 -3.2150257e-02
  3.9605689e-03
  2.3493243e-03
  4.6764202e-03
 -1.2561527e-02
 -3.7554812e-02
 -5.8340891e-03
  1.4375358e-02
 -4.1632023e-02
  3.5183160e-03
  1.4771094e-02
 -2.9865379e-02
 -2.4347104e-02
 -6.5203793e-02
 -5.6035876e-02
 -1.4792923e-03
  8.9155287e-03
 -4.9558807e-02
 -2.3828430e-02
 -1.2932998e-02
  2.6246969e-02
  3.3686865e-02
 -6.0126004e-03
  5.1635557e-01
  4.7060120e-01
  7.0692313e-01
 -3.6273260e-02
 -3.7203205e-01
 -4.0390652e-01
 -6.9478017e-01
 -9.9492896e-01
 -5.3244418e-01
  8.6577060e-03
 -7.3826402e-01
 -7.3903221e-01
 -3.4643060e-01
 -1.2079427e+00
 -1.1159803e-02
  3.4626609e-01
 -4.8581454e-01
 -4.1063616e-01
 -3.4252268e-01
 -2.4663019e-01
 -1.1716804e-01
 -1.7027872e-02
  1.5625706e-01
 -6.8929785e-01
 -8.0072053e-02
  4.0870034e-03
 -1.1973545e-02
  1.6010161e-02
  3.7242210e-01
 -4.7819585e-02
 -2.8484337e-02
 -6.7027789e-03
 -6.4645179e-02
 -1.6967936e-03
  1.6655784e-02
 -3.1083897e-03
  4.8320871e-03
  7.8732874e-03
  1.4767714e-01
  5.6313310e-02
 -1.1504722e-03
  7.7474653e-03
  5.7751704e-03
  5.0179134e-03
 -2.4030334e-03
 -3.4558345e-02
 -1.9120015e-03
 -2.2250298e-02
 -7.7678938e-04
  1.7312005e-02
 -1.8117188e-02
  2.2590766e-02
 -5.1712031e-03
 -5.3966942e-05
 -2.8308447e-02
  1.9805068e-03
 -7.6374002e-03
 -3.4427037e-03
  1.6318163e-02
 -6.0375785e-03
 -6.7689246e-03
  1.1946437e+00
 -1.1662942e+00
  6.1261690e-01
  6.9031030e-01
 -2.0370221e+00
 -6.1595873e-03
  3.0532542e-03
 -4.0074745e-03
  3.7117058e-03
  1.6110655e-02
  1.6035737e-01
 -4.7406051e-03
 -6.9906730e-03
  4.1911304e-03
 -2.6714960e-01
 -1.2385654e-02
  6.3042562e-03
 -5.1034975e-01
 -3.1267926e-01
 -1.0904636e-02
 -1.8890465e-02
 -1.6194294e-01
 -2.2935929e-02
 -4.1086819e-02
  1.8839313e-02
 -2.6921902e-03
 -1.7911382e-02
  6.3694245e-03
  5.8045583e-03
 -5.6027853e-01
 -2.2187969e-01
 -2.1086315e-02
 -8.1111602e-03
  2.1316661e-03
 -9.3879029e-03
  2.9142268e-02
  3.5780225e-02
 -2.0402898e-03
  3.2602111e-04
 -2.2515953e-03
  3.8621347e-02
  1.7684013e-02
  8.9970627e-04
 -1.7419772e-02
  8.4391877e-02
 -5.9579290e-03
 -9.6149687e-03
  1.5918514e-01
 -2.1270767e-02
  7.4586021e-03
 -4.1439622e-03
  4.7866418e-03
  5.7292830e-02
 -9.6012547e-04
 -3.2383942e-03
 -1.9294269e-02
 -2.0168752e-03
 -2.1080030e-02
 -2.4710551e-02
  2.9509124e-01
 -2.9349563e-01
 -2.8936861e+00
  1.8959442e-01
  6.3274693e-01
  2.4468658e-02
  4.2622410e-02
 -9.7298044e-01
 -2.3713073e-01
 -4.9945566e-01
 -2.9862037e-01
  2.0210975e-01
 -1.1641183e-01
  4.0051425e-01
 -6.2989908e-01
 -5.2833164e-01
  2.5485799e-02
  6.9334286e-01
  9.3481451e-01
 -5.9670496e-01
 -8.0501097e-01
 -4.8199440e-03
  8.7565666e-01
 -4.0074242e-03
 -1.0266316e-01
 -3.1055617e-01
 -6.7038108e-03
  1.0852160e-01
  2.3493780e-01
 -2.0433712e-01
 -2.8654914e-02
  1.0244085e-02
  1.2469606e-02
  3.6005333e-02
  1.5085280e-01
 -5.4087676e-04
 -5.2241422e-03
  5.7935040e-03
 -9.8538306e-03
 -3.1368202e-04
 -5.4192124e-03
 -2.4199734e-02
  2.0216655e-02
  2.0068094e-02
 -2.2888295e-03
 -2.1880213e-04
 -9.3198474e-03
 -1.1992818e-03
  5.5915350e-03
 -2.1245056e-03
 -1.0380857e-02
  1.3991120e-02
 -1.0720918e-02
 -2.5266204e-03
  1.0756733e-02
 -2.9878186e-02
 -7.2442807e-02
  1.7556034e-02
  9.9739712e-04
 -3.1473946e-02
  1.9918629e-03
  1.0120134e-02
  2.4264369e-02
  3.8475948e-03
  1.2550960e-01
 -1.7534593e-02
  1.4387503e-02
  1.6858099e-02
 -1.8402750e-03
 -2.7113978e-02
 -3.1833604e-02
  5.2879280e-03
 -4.4468897e-03
 -6.1405632e-03
 -5.8174860e-03
  3.7433796e-03
  2.1577822e-02
 -4.8016952e-03
 -3.5229791e-04
  9.8323245e-03
 -3.4394437e-03
  9.2848958e-03
  2.9704766e-05
  8.8235456e-04
 -1.5602070e-02
 -1.2514456e-02
  8.2893521e-03
  3.0266853e-02
  1.1140485e-03
  3.2418258e-02
 -1.7056272e+00
  2.2804764e-01
 -1.2667137e-03
  5.7833415e-02
  8.8681597e-01
  6.3613418e-04
  2.4931699e-02
  1.4133945e-02
  7.3330164e-02
 -2.7238507e-02
  8.7910499e-03
  1.0255446e-01
 -5.1173419e-03
  1.6581771e-01
 -6.0579441e-03
  1.2069917e-01
  5.5215728e-02
  2.8674258e-03
  1.1544421e-02
  1.4382077e-04
  5.2206820e-01
  8.5991470e-04
 -2.8129101e-01
  5.9917647e-02
  9.0860119e-03
 -8.5764881e-03
 -6.9874031e-03
 -1.8418668e-02
 -9.0224914e-02
  2.2236407e-02
 -8.6839092e-01
 -1.0060898e+00
 -4.7874665e-01
  1.5629733e-01
 -4.8021257e-01
  5.7224476e-01
 -9.9622257e-02
  7.0921439e-01
 -1.8186051e-01
 -1.0420928e-01
 -1.0413060e-02
  6.3020363e-02
  9.3264180e-01
 -7.0055521e-01
  6.8999255e-01
  4.3624446e-01
 -3.7178451e-01
  2.8405222e-01
 -1.0399702e+00
 -2.6577049e-01
 -5.3300929e-01
  4.2491043e-01
 -9.6370155e-01
  8.3786987e-02
 -9.5679057e-01
 -7.5014722e-01
 -3.3118999e-01
  1.4398229e-02
 -3.7305808e-01
 -7.7702808e-01
  5.3472006e-01
  3.3629429e-01
  2.1266389e-01
 -4.4735663e-02
  7.7138561e-01
 -3.3979532e-01
  8.0646724e-01
 -3.1436309e-01
  1.3242529e-01
  3.8743377e-01
 -9.3864477e-01
 -2.6442960e-01
 -4.1886845e-01
 -3.6119360e-01
 -1.7579171e-01
 -2.2167927e-01
  6.1673719e-01
 -3.3523145e-01
  4.8558334e-01
  7.9325356e-02
  2.0259404e-01
 -1.2006215e-01
 -8.2422376e-01
 -2.5603490e-02
 -1.9819869e-01
  4.2835498e-01
 -2.4272621e+00
 -1.2731650e-02
  1.2236917e-01
  4.1755611e-01
  1.8031498e-02
 -1.1374621e-02
 -2.1617676e-04
  2.2486523e-02
  1.1910576e-01
  6.7410147e-04
 -4.5490216e-02
 -1.3388544e-02
 -2.0504182e-02
 -1.9360721e-02
  2.8589744e-02
  1.4998783e-02
 -1.1414252e-03
 -4.1811769e-03
  3.1300921e-02
 -9.9295154e-03
 -4.5292526e-03
  2.7145050e-03
  9.5797125e-03
 -1.1462617e-02
 -1.6255888e-01
  2.7322341e-02
 -2.9445842e-02
 -3.1907633e-02
  2.9488076e-03
 -4.8534102e-03
  2.2586571e-02
  1.9639648e-02
 -4.7687362e-03
  6.4836778e-03
 -8.4759016e-04
 -2.9766471e-03
  5.4682642e-03
  6.8177250e-03
  6.5245200e-05
 -1.5207307e-02
  1.5049735e-02
  2.4396237e-03
 -4.9506012e-02
  2.6476704e-02
 -4.1469084e-03
 -1.2328977e-02
  6.0871150e-03
  1.9675601e-02
 -6.5399688e-03
 -1.6209029e-02
 -1.1510168e-01
  7.1418476e-03
 -1.2369642e-02
  9.4861956e-04
 -1.9743577e-02
 -1.1590233e-02
  3.0007265e-03
 -1.7628137e-02
  2.2685021e-02
  1.1580163e-03
  7.6162312e-03
 -1.2579302e-03
  8.2520861e-03
  5.8974912e-03
 -4.5049828e-04
 -1.1947527e-01
  5.6213617e-01
  5.5739248e-01
  5.6352407e-01
  2.1558697e-04
 -1.3851327e-01
  3.3185117e-02
  9.6513378e-03
  1.8030701e-02
 -2.5105964e-02
  1.1763027e-01
 -6.5439465e-03
 -3.5303407e-03
 -2.7913729e-02
 -1.5519161e-02
  2.9854109e-03
 -3.6217971e-03
  1.6539250e-02
 -6.2971273e-03
 -7.9607386e-03
 -9.3760658e-03
  1.3822025e-02
  8.5334755e-02
 -1.4330431e-02
 -8.4900446e-03
  2.3323845e-03
 -4.4981344e-03
  9.0743015e-03
  4.5838654e-03
  1.4139069e-02
 -2.5153037e-02
 -1.0491755e-01
  1.4103507e-01
  2.0319705e+00
 -1.4860988e-02
 -1.4043443e-01
  3.4271374e-02
  4.9780519e-03
 -1.8919107e-02
  1.6162211e-02
 -3.2233588e-02
  4.3475963e-04
 -2.3570815e-02
 -9.2791468e-03
  3.3946282e-03
 -1.3715534e-02
 -1.0848150e-02
 -5.1037744e-03
  2.6504198e-02
  3.2685958e-03
 -8.6623459e-04
  5.3287111e-04
  3.6753025e-02
  2.7103625e-02
 -1.4850412e-02
  4.8187366e-03
 -1.9960627e-03
 -1.5944267e-02
  1.9097943e-02
  1.0402733e+00
 -1.1072884e+00
 -4.0537679e-01
 -1.4658417e+00
 -5.6522208e-01
 -6.8930805e-02
 -3.8590722e-02
  6.2363232e-03
  1.9322840e-02
  2.0106275e+00
 -7.2652847e-02
  2.6274502e-02
 -6.7119496e-03
  1.6929943e-02
 -1.4896967e-01
 -3.3540275e-02
  1.3068430e-02
  1.1439811e-02
  2.0085917e-01
 -9.9215237e-03
 -3.9686408e-02
  1.1499939e-02
  3.0083847e-03
  1.7573141e-01
 -7.0067334e-01
 -2.2809166e-03
  9.7946292e-03
 -3.8011587e-04
 -3.3612433e-03
  1.0584643e-02
 -2.7443159e-03
  9.7557367e-04
  1.3456658e-01
 -7.3611643e-04
  4.6746068e-02
  7.7845282e-03
  4.4193398e-03
 -7.6821717e-03
 -4.0694177e-01
 -2.4361998e-01
 -1.6800668e-02
  1.1773634e-03
 -1.0436722e-02
  1.7938027e-02
  1.1378748e-02
 -5.2927779e-03
 -1.3345341e-02
  1.8365491e-02
 -1.0705112e-02
  8.5483138e-03
 -6.4304605e-02
 -8.7276744e-03
 -1.3548085e-03
 -7.8964597e-03
  1.4021369e-02
  4.8074573e-03
  3.1683412e-03
  7.7199261e-04
  1.9783122e-02
 -5.5201617e-03
 -1.9164691e-02
 -6.1143297e-01
  7.1528971e-02
 -4.9002130e-02
  7.9425350e-03
  8.2290666e-03
  3.6093930e-03
 -3.8958288e-04
  3.0139741e-02
  9.2549942e-02
  5.8483472e-03
  3.0261138e-04
  2.8623598e-02
  1.5794089e-03
  9.5059359e-03
  5.0828876e-03
  2.2779800e-02
  1.4972232e-03
 -6.5854762e-04
  2.6601730e-02
 -2.6902149e-02
  1.0783456e-02
  7.6597543e-03
 -1.4173098e-02
 -2.5158050e-04
 -1.2315637e-03
  2.7588554e-02
  7.9697622e-03
  4.1461751e-02
 -9.7177420e-03
 -2.4027763e-02
  1.4794866e-02
  3.5014719e-02
  1.7531756e-03
 -2.0568484e-02
 -5.6313751e-03
 -1.6578706e-02
 -1.5015482e-03
 -1.5029947e-03
  1.6472731e-02
  4.7687609e-03
 -1.0255240e-02
  7.5107911e-03
 -2.1781001e-02
 -1.8568041e-03
  6.3388124e-03
  6.3668238e-03
  2.2180998e-03
  1.5715163e-03
  1.5128171e-02
  1.3420554e-03
 -6.0975105e-03
 -1.1656706e-02
 -7.0755593e-03
  5.5023534e-03
  8.8374205e-03
 -8.9717731e-03
  2.9211087e-02
 -2.1382591e-02
  2.1640211e-05
 -2.7890081e-02
  7.9800189e-02
 -6.0986113e-03
 -3.1832910e-01
  4.2708343e-01
  4.1942023e-02
  1.0165289e-02
  7.0506763e-03
 -9.3382392e-03
  2.1786978e-02
 -6.5671587e-03
  1.0179894e-02
 -1.2654683e-03
  2.1213757e-01
 -1.8788120e-02
  5.7587898e-03
  3.8804247e-03
 -2.5186175e-03
  1.1765469e-01
 -1.2781592e-03
  1.4088370e-02
  2.5515338e-02
 -8.0082323e-03
 -2.1440774e-02
 -3.6424421e-02
 -5.4180226e-03
 -1.2671412e-02
 -1.5442993e-02
 -8.1172050e-04
 -4.1425440e-02
  5.7863758e-04
 -4.0837023e-02
 -1.7564584e-02
 -3.8728972e-03
  1.6205510e-02
 -3.8256715e-03
  1.8587120e-02
 -5.6627244e-03
  3.0759722e-05
 -2.3324991e-02
  8.4890733e-03
  9.0832710e-03
 -2.8261200e-03
  2.8731939e-03
 -1.7260302e-02
  2.6058594e-02
  1.0550011e-02
 -2.8184531e-02
  2.1966282e-02
  5.5480842e-03
  9.5665548e-04
 -3.7172814e-03
  9.6180588e-03
 -1.2249185e-02
 -1.3060087e+00
 -5.7409983e-05
 -1.6549749e-02
 -2.4540681e-02
  1.2406113e-02
  1.3102215e-02
 -8.5305393e-01
  5.9265953e-01
 -3.4549851e+00
 -1.2993953e+00
 -8.0050325e-01
 -5.7508206e-01
 -1.6085029e-01
 -1.7782879e-01
  8.8586348e-01
  4.4047590e-02
 -5.8255106e-01
  4.5917901e-01
 -3.2307412e-02
  1.5818050e+00
 -9.1119504e-01
 -7.2392708e-01
 -1.0791120e-01
  1.9322800e-03
  9.0822983e-01
 -4.9068552e-01
 -3.8076869e-01
  4.1918675e-03
  3.8041635e-03
  2.4422818e-01
 -1.2255890e+00
 -1.0514440e-02
  3.8940519e-02
  6.0123310e-04
 -6.6999167e-02
  7.1053006e-02
  7.9824449e-03
  1.8001933e-02
  6.0626781e-03
 -1.3309768e-02
 -2.0354407e-02
 -4.1462025e-03
  1.4667107e-03
  2.6787492e-03
 -1.1552756e-02
  1.6112303e-03
  1.8218695e-03
 -3.2493409e-02
  5.0787558e-03
  8.1221350e-03
  8.7313820e-05
  3.4631670e-02
 -9.0532638e-03
  9.5800497e-04
 -1.3547499e-02
 -1.3911709e-02
  1.1927950e-02
  1.3563989e-02
 -2.7562145e-02
  4.8459624e-03
 -1.1134926e-02
  1.8333342e-02
 -8.6774118e-04
  2.0129015e-03
 -1.1807270e-04
  4.6876245e-03
 -1.0405376e-02
 -3.9336411e-03
 -2.0790151e-03
  3.1305779e-02
 -2.6950556e-01
 -1.0147749e-02
 -1.0616659e-02
 -3.0737262e-02
  1.7212583e-02
  6.1283675e-03
  2.1714881e-02
  4.5712054e-02
  2.4851521e-02
  7.5350925e-03
  1.1797640e-03
 -1.0459262e+00
  1.9477362e-02
 -3.5790612e-03
 -4.1578244e-03
  1.5258869e-02
  1.5561790e-03
 -6.8523404e-03
  1.1246171e-02
 -8.2230521e-03
 -2.1828203e-03
  3.6405805e-03
 -7.4617141e-03
 -6.2896358e-03
  1.1217064e-02
 -9.3917623e-03
 -1.0102929e+00
  1.9792002e+00
 -1.3702620e+00
  3.9257544e-01
 -2.1054749e+00
 -8.2926318e-02
 -3.1042451e-02
  6.8488959e-03
  3.9870128e-01
 -4.6316244e-02
 -1.0217743e-01
 -7.6055299e-03
  1.9488703e-02
  4.0624061e-01
 -2.0966911e-01
 -1.2010324e-01
 -2.9802648e-02
 -3.5624981e-02
  7.9712206e-01
 -1.0049249e+00
 -1.8249925e-02
 -8.5353199e-03
 -5.2434839e-03
  3.1684488e-01
 -8.9273691e-01
 -1.6521089e-02
 -2.2573737e-02
  2.1422110e-02
 -1.8313481e-02
 -1.1035439e-01
 -1.0902440e-01
 -1.8807027e-03
 -8.3684170e-01
  1.3238209e-01
 -7.0823503e-01
 -1.0438601e-03
  7.5071650e-03
 -2.1686986e-02
 -5.5853445e-03
 -9.6603096e-02
 -7.1923519e-03
 -4.5637777e-03
  4.0910463e-03
  1.4559611e-03
  5.9940495e-02
  2.7851125e-03
  1.1013743e-02
  1.6088413e-02
 -1.0703312e-01
 -2.4362030e-02
 -1.1334011e-02
 -9.3516950e-03
  3.4459892e-03
 -1.5575881e-02
 -4.7261431e-03
  1.5717860e-02
 -1.0350353e-02
  1.2291981e-02
 -9.5796621e-01
  8.8258181e-03
  2.9181237e-03
  9.5904219e-01
 -5.6839454e-01
 -1.2683439e+00
  2.7272165e-01
  2.0197177e-02
  3.4231925e-03
 -7.9293638e-02
  2.9885708e-03
 -7.8562133e-02
  7.2131818e-03
  3.2916421e-04
 -3.9007112e-03
 -2.8394679e-02
  2.4146607e-02
  3.6868304e-02
  1.6740806e-02
  2.9374557e-03
 -3.7576884e-02
  1.1131051e-03
  2.8134782e-02
  5.4727402e-03
 -3.0078054e-03
  1.1185263e-01
  4.8406005e-02
 -1.5183927e-02
 -6.4751897e-03
 -1.4826097e-02
 -2.7850724e-03
  1.6285226e-02
 -5.1579741e-03
 -2.6288321e-03
 -1.7265950e-01
  4.5961249e-01
 -4.3867573e-01
 -1.5474517e-02
 -2.0282934e-03
 -2.5497521e-03
  1.0650259e-02
  2.0894429e-01
  2.7027610e-03
 -1.4359524e-02
 -2.2749031e-02
  1.8244622e-02
  1.6151920e-02
  1.3339655e-02
  1.6100727e-02
  6.0017277e-03
 -4.3295536e-02
 -1.4544277e-02
 -2.9899813e-02
  1.4015655e-02
  9.3245618e-03
 -7.7115293e-03
  4.1414639e-03
 -3.7891171e-03
 -1.1008056e-02
 -9.8064858e-03
  5.1053306e-03
  4.0268220e-02
 -1.1611578e+00
  7.5832367e-02
 -1.8215235e+00
 -1.2223066e-01
 -1.8885363e+00
 -8.6856121e-03
  5.2391447e-04
 -1.0758761e-02
  1.8780056e-01
  1.0913957e-02
  9.0932194e-03
  1.0380871e-04
  5.5155666e-03
  2.0474823e-02
 -5.1309806e-01
  2.1801712e-03
 -3.2310715e-04
  9.0341788e-04
 -1.3120489e-01
 -1.1373565e+00
 -2.0663529e-03
 -2.3035876e-02
  2.2048841e-03
  1.1341382e+00
 -5.0501245e-01
  1.0527957e-02
 -9.8949683e-01
 -4.6514054e-03
 -1.3464753e-02
  1.0527807e-02
  1.2431989e-02
  1.3321937e-02
  4.6517225e-03
 -1.2243005e-02
 -1.2919050e-02
  4.0011853e-02
 -7.9847649e-03
  7.4305423e-03
  3.4647537e-03
  9.0067880e-03
  2.1714590e-02
 -1.2139153e-02
  2.7038421e-02
 -1.7142134e-02
  3.3623504e-03
 -1.8919283e-03
 -5.7922471e-03
 -9.6438918e-03
 -4.2116381e-03
 -1.1604712e-02
  8.4982638e-04
 -3.2840483e-04
 -2.2185266e-02
 -9.1226064e-03
 -1.2036871e-02
 -5.3069633e-03
 -1.2003807e-02
 -1.8537408e-02
  1.4733467e-02
 -2.2915818e-03
  2.8870516e-02
 -3.9801937e-02
  1.8647907e-02
 -2.2543231e-01
  1.2377635e-01
 -2.9037453e-02
  9.9567482e-03
  1.4320987e-01
 -2.7958429e-03
 -1.9475335e-03
 -2.2120779e-02
 -2.5097772e-02
  2.6231486e-02
  5.7343352e-03
 -3.0831128e-02
 -1.5677011e-03
 -2.7835164e-03
  6.8900343e-03
  7.8818388e-04
 -1.3149732e-01
  1.2392610e-02
 -2.8578369e-03
 -3.3275757e-03
  4.1372236e-02
  8.8436753e-03
  1.1575970e-02
  7.6903659e-03
  3.0560559e-02
 -1.5176720e-02
  1.2580014e-02
  6.5697387e-02
  1.6063841e-02
  5.4556567e-02
 -4.4762995e-02
  2.3048198e-02
 -1.3598328e-02
 -3.4041759e-02
 -3.6741816e-03
  2.2941211e-02
  1.1796318e+00
  9.6530747e-03
 -2.2411481e-02
  9.4476901e-03
 -3.6469057e-02
  5.8186366e-03
 -1.1320644e-01
  4.7281156e-03
  5.7912264e-03
  8.0909831e-03
 -1.1306717e-03
 -2.3322567e-02
  9.5801279e-03
  8.6403368e-03
 -3.1959629e-04
 -1.4950303e-02
  2.7626373e-02
  3.8441152e-03
 -4.5281127e-02
  1.5685057e-02
 -3.0760593e-03
  8.6713523e-01
  2.9200954e+00
  9.3062001e-04
 -2.2625192e-01
  5.8832746e-03
 -3.3024400e-02
  8.5880654e-03
 -1.7788716e-02
 -1.1693754e-03
 -4.6763630e-03
  1.8619705e-02
 -1.1268146e-02
 -8.5004289e-03
 -2.9025454e-04
  3.1936239e-02
 -7.1226126e-03
  6.9695385e-03
  9.8152447e-01
 -1.3579557e-02
 -9.9820904e-03
  1.3918705e-01
  9.2243431e-03
  2.2483135e-02
  8.3729755e-03
 -1.0925983e-02
 -1.9270242e-03
  7.7483235e-03
 -1.5708539e-01
  2.0774782e-02
 -3.6067846e-03
  4.9831159e-03
  1.9931097e-02
 -7.6844036e-03
  5.5773994e-03
  1.6407073e-02
  2.5575370e-02
 -1.7216725e-02
  1.1868274e-02
 -4.7532907e-03
  4.8379093e-02
 -2.1873028e-03
 -8.6370111e-03
  1.4948944e-02
  6.7785513e-03
  2.9583002e-02
 -8.7329233e-03
  1.1228609e-03
  2.5724411e-02
  1.1954155e-02
 -6.1533698e-03
 -4.9391817e-03
 -5.5358578e-03
 -6.6811364e-04
 -4.1631304e-02
  2.6899409e-02
 -9.9295732e-03
  8.5446443e-03
 -1.7866863e-01
 -3.5698425e-02
  3.0856254e-02
 -1.2213220e-03
  1.9485651e-02
 -8.1229515e-02
  4.0216744e-03
 -4.7178566e-03
  5.9597399e-02
 -1.7871647e-03
 -3.9208420e-03
 -4.4814381e-04
 -7.4113607e-03
  4.5867357e-02
 -3.0879285e-02
  3.8054362e-03
  8.1433046e-01
  9.7812023e-03
  3.7288688e-02
 -6.0139382e-03
  7.7856313e-03
  1.0863286e-02
  2.9786542e-02
 -8.3138247e-04
 -1.6547117e-02
  2.9294029e-02
 -1.2998805e-02
 -6.0876319e-03
  1.1930102e-02
  2.0933509e-02
  1.7360907e-02
  1.7985102e-02
 -1.5127385e-02
  7.7343071e-01
 -6.7374170e-01
  2.9373729e-01
 -2.5622326e-01
 -4.1165508e-02
 -1.3278248e+00
 -1.1006663e+00
  1.2444589e-01
  6.5538995e-02
  1.3515615e-01
 -1.3245354e+00
  1.5087327e-01
  1.0922361e-02
 -2.0744210e-02
 -7.9829343e-02
 -1.7937074e+00
 -3.6953530e-01
  4.2384837e-02
  3.8678832e-02
 -7.0203938e-02
 -1.1720124e+00
 -2.6355267e-02
  1.8537092e-01
  1.9495435e-01
 -2.5867486e-01
  1.3131275e-03
  1.6040608e-02
 -1.9993188e-02
 -2.2487749e-01
  7.6658458e-02
 -6.5690559e-01
  7.1705234e-01
  8.0301732e-01
  8.3967549e-01
 -1.4326073e-01
  3.3696806e-01
  1.2130979e-02
 -1.2144902e-03
 -8.3115473e-03
  7.3578335e-02
  1.2105893e-01
 -3.1050470e-02
  4.2130305e-03
  1.5388962e-03
  3.7996006e-01
  2.6968575e-01
  1.1073033e-01
 -3.5297807e-02
 -5.5763423e-01
  4.0752184e-01
  3.6264308e-02
  1.2093858e-01
 -3.5387871e-04
 -3.0904394e-01
  5.9187055e-01
  6.5130047e-03
 -5.7479698e-02
  2.3817590e-02
 -6.4346066e-04
  1.3363827e-02
  1.5855345e+00
 -2.3444483e+00
  2.8300044e-01
 -3.3822720e+00
  1.2075993e+00
 -3.6124188e-01
 -1.9251244e-01
  7.3464459e-01
 -1.4170603e+00
  1.1619035e+00
 -1.0619624e-01
 -1.5074758e-02
  3.1570041e-01
 -1.7777156e+00
  1.1202286e+00
  4.9894853e-03
  7.1528396e-03
  6.0018533e-01
 -1.9218775e+00
  2.1871059e+00
  1.0022429e-02
  2.8422258e-03
  6.3880670e-01
 -1.8542445e+00
  2.0505159e+00
 -6.1767288e-03
  3.1399506e-03
 -3.7597924e-02
  2.2184731e-02
  1.0948190e-02
 -4.1783731e-03
  9.8316930e-05
 -2.9232202e-02
  1.3661237e-02
 -3.9955182e-03
  1.0382009e-02
 -1.1863781e-02
 -7.2604795e-03
  7.7836229e-03
  2.5630018e-03
 -7.8660641e-03
 -4.3205112e-02
 -9.6227443e-03
  1.3998277e-02
  1.4196442e-02
 -1.2049509e-02
 -2.8938119e-04
 -1.3230316e-02
  3.3323397e-03
  1.0332650e-02
 -1.0032501e-02
  1.2213731e-02
 -4.9405843e-03
 -1.3529944e-02
 -9.9874344e-03
  2.1831915e-03
 -1.2201512e-02
  1.8088959e-02
 -1.7865684e-02
  2.6117491e-02
 -2.3143874e-03
  5.0169476e-03
  2.4398300e-01
  3.2316634e-01
  6.2525079e-02
  2.7739883e-03
 -4.0202746e-03
 -4.3350738e-04
  8.4886849e-03
 -4.1280766e-03
 -2.7087899e-02
  1.2659104e-02
 -8.9020026e-04
 -3.9306856e-03
  1.2126656e-02
 -1.4042866e-02
 -2.6703659e-03
  5.2811871e-03
 -3.7526941e-01
  2.1851317e-03
 -4.6961430e-02
  4.0911660e-03
 -1.4104344e-02
  3.3990428e-02
 -8.4763570e-03
 -1.8916793e-02
  8.3175860e-03
 -2.1914099e-01
 -6.5270811e-03
 -1.4486512e-02
 -2.6662212e-02
  1.2397753e-02
 -2.8396016e-02
  1.6880788e-02
  2.9091488e-03
 -4.2778011e-03
  1.0426179e-02
  2.0540396e-02
 -5.6182658e-03
 -1.8641425e-02
  2.7599163e-02
  3.1355803e-03
  1.0114162e-02
  1.5827843e-03
  5.4172054e-03
  1.1079189e-03
 -5.9295767e-03
 -2.2416436e-03
 -2.9132076e-02
  6.4061978e-03
  4.1458977e-04
 -4.1189380e-03
  1.3847645e-02
  1.1043618e-02
  1.4365593e-02
 -3.5427693e-02
  1.6316216e-03
 -7.1525453e-03
 -2.2832489e-02
  1.2912657e-02
 -8.7342160e-03
 -1.6379103e-02
 -1.7343335e-01
  5.0540984e-02
  1.0993698e+00
 -3.7212306e-01
 -1.3289375e-02
 -2.4281774e-02
  2.2035612e-02
  1.6766995e-02
 -2.6759350e+00
  8.1418399e-03
 -5.0526187e-03
  4.7947079e-02
  1.9522375e-01
  1.1216515e-01
 -2.2433132e-01
 -6.2389791e-01
  5.6473456e-02
 -4.3938313e-02
  5.2854149e-03
  1.6694875e-01
  1.1012802e-02
  1.1828889e-02
  1.6546814e-01
  2.3983417e-01
  1.1952345e+00
  1.2651040e-02
 -5.3746045e-01
  2.3345625e-02
  9.4765522e-02
 -1.4255761e-02
 -2.6371229e-01
  1.0091100e+00
 -6.3813704e-01
 -2.0370321e-01
 -1.6387811e-01
 -1.2100989e-01
  1.7684971e-01
 -1.3571953e-03
 -1.4355792e+00
  9.0727210e-02
 -1.1595826e-02
 -5.8008182e-01
  4.5608005e-01
  4.8278075e-01
 -2.0464361e-01
 -3.8474745e-01
 -2.1704003e-02
 -3.0435622e-01
 -1.2143931e-01
  1.0379056e-01
 -5.1426976e-03
  9.5016725e-02
 -2.3668630e+00
  8.6351347e-01
 -1.4176406e+00
  8.9321278e-02
 -2.8100878e-01
  7.5030349e-02
  6.9508933e-02
  9.2098592e-03
  1.3072466e-02
 -6.0270890e-03
  5.4540159e-03
 -1.9722566e-02
  6.2432494e-03
 -3.0380270e-02
 -4.4869538e-03
 -4.3201208e-02
  6.8959518e-04
 -1.0940374e-02
  1.9166084e-02
  1.8080801e-02
  4.7336379e-03
 -8.2751475e-03
 -8.0251950e-04
 -3.6914762e-02
 -1.5406630e-02
 -1.4789511e-03
  1.9572624e-03
 -7.1449126e-03
 -1.3540792e-03
 -1.4355712e-02
 -1.3538571e-03
 -3.3463426e-03
  2.5925521e-02
  5.7892692e-03
 -4.3802906e-02
  1.7527124e-02
  1.7542714e-03
 -1.7027818e-02
  2.9752064e-03
  5.7635955e-03
  1.0116454e-03
 -1.4640059e-02
 -1.1238859e-02
 -1.2340242e-02
 -1.8864982e-02
 -2.0293497e-02
  5.3963796e-03
  1.4285928e-02
  5.7195229e-03
 -1.4752517e-02
 -2.3113575e-02
 -2.0351881e-02
  1.0824896e-02
 -2.0013484e-03
  6.1349599e-03
 -5.3258948e-03
  2.9018333e-02
  2.1434693e-02
 -6.2428643e-03
 -1.2118770e-02
  5.3627868e-03
 -5.4462864e-03
 -1.5852902e-02
  2.3989882e-03
  9.1880383e-03
  8.9529548e-03
  5.0729120e-01
  1.9883843e-02
  1.2126333e-02
 -2.2795340e-02
  1.6293992e-01
 -4.8489645e-02
  2.1145616e-02
  8.1858505e-03
 -7.9329256e-03
 -8.4012024e-02
 -5.6161935e-04
  2.8439524e-02
  1.2291753e-02
  6.1462115e-02
 -5.4366869e-04
 -1.1808816e-02
  9.6553154e-02
 -1.5056801e-02
  4.1645607e-03
  1.2868001e-02
  6.3323990e-02
 -1.9366038e-03
 -1.9403126e-02
  5.9873434e-03
  7.8344839e-03
 -1.7523499e-02
  1.8641481e-03
  4.9854023e-04
 -1.8144069e-03
 -1.7045498e-02
  3.2580587e-01
  3.1193916e-02
  9.0736058e-03
  7.6263947e-03
 -2.7179942e-03
  6.6865194e-03
  2.9848296e-02
  1.8383078e-02
 -2.3852518e-02
 -1.6528958e-02
 -7.3406547e-03
  5.0156722e-03
  3.5530936e-02
  2.0454708e-02
  1.6894566e-02
 -9.5214859e-02
  8.2094818e-03
 -3.2664973e-03
 -1.3177451e-02
 -2.3474998e-03
  4.5216363e-03
 -5.6161290e-01
 -7.5444407e-03
  1.7184690e-03
  4.3372726e-01
 -2.4243284e-02
 -1.2223532e-03
  5.3518489e-03
  1.0979352e-02
  1.9145550e-02
  6.6636789e-01
  1.3058279e-02
 -4.4590570e-03
  1.1194621e-02
 -1.5968378e-03
 -1.0625735e-02
  9.3032122e-03
 -4.8621544e-03
  9.1993790e-03
 -9.9819095e-04
  1.5786495e-02
  2.5240132e-03
  5.1369514e-02
  1.9635268e-02
 -1.0881144e-02
 -2.2320900e-02
 -1.8218393e-02
 -1.7106295e-02
 -2.6836600e-02
 -5.9964270e-03
 -1.5517673e-02
  4.2449357e-04
 -5.3985289e-04
  5.0407089e-03
 -4.3495218e-03
  5.9424778e-03
  1.1543002e-03
 -3.1518679e-02
  3.0985452e-02
  6.1468305e-03
 -3.7422964e-01
 -2.5649926e-01
  2.6107973e-01
 -1.7442417e+00
  3.9844981e-01
  1.2760967e-03
 -1.1384609e-01
 -2.6460538e-02
  1.1406845e+00
  3.3180676e-02
 -2.5240004e-01
 -3.7770759e-02
 -3.7959921e-01
 -8.2782824e-03
  4.7166398e-01
 -2.1536492e-03
 -6.4445460e-01
 -1.0828922e-01
  5.5089021e-01
  1.3816935e+00
  9.7221011e-01
 -5.0986999e-01
 -7.8329481e-03
  2.2298594e-03
  1.3737395e+00
 -7.1266619e-03
 -1.9639532e-01
  2.2922995e-02
 -1.7114893e-02
  2.4858862e-01
  8.3811414e-01
 -1.1241446e-01
  4.7838781e-03
 -7.1289286e-02
  2.4047849e-01
 -1.1559675e-02
 -1.0732310e-02
  3.1822838e-02
 -9.3774898e-03
 -1.4765343e-02
 -1.1849914e-02
  8.8739172e-03
  5.2293590e-03
  2.9227238e-02
  1.9626881e-03
 -1.7808229e-02
  1.1281847e-02
  1.0191695e-02
 -9.8721692e-03
 -5.1818877e-02
  3.1766531e-03
 -4.5591267e-04
  9.0124514e-03
  4.0259331e-02
  1.0650426e+00
  3.9547589e-03
  4.8162020e-04
 -5.9318352e-03
 -3.8554445e-02
  7.6207118e-03
  4.6569046e-01
 -1.4267004e+00
 -2.2301044e+00
  3.1092448e+00
 -1.8682508e+00
  2.7205169e-01
  4.6581504e-01
  6.6089195e-01
 -1.0892141e+00
 -1.7931629e-02
  2.3144395e+00
 -1.6784720e-01
  9.5670655e-02
 -2.6629055e-02
 -4.3418464e-01
  5.6843902e-03
  3.2270727e-01
  4.4596887e-01
 -1.0281904e-01
 -4.3225661e-02
 -5.7559633e-01
  1.3056103e+00
  1.3921325e-01
 -2.1055999e-01
 -1.5509111e+00
  4.7408393e-01
  3.0430248e-01
  1.2726689e-03
 -1.8858414e-02
 -3.1013492e-01
  1.7969347e+00
  1.2628521e+00
 -8.0404826e-02
 -2.4418621e-01
  3.0021885e-01
 -8.1023037e-02
  4.4210371e-01
 -1.6519245e-02
 -1.6908450e-01
 -2.4305972e-01
 -2.2196881e-01
  2.0184925e-01
  9.3782237e-03
  5.1919889e-01
  1.0764684e-02
 -4.5974970e-02
  1.2968454e-01
  1.9423781e-01
 -1.2066314e-01
 -4.0238824e-01
  1.9298540e-01
  8.2805879e-02
 -1.7693754e-03
 -3.5865421e-03
 -4.2713083e-02
  8.1413891e-04
  1.4977393e-01
 -2.1846050e-02
  2.1361762e-03
 -3.8803138e-02
  5.8590436e-01
 -1.3675804e+00
 -1.0757037e+00
  2.7698410e+00
 -1.9017611e+00
  8.7060314e-03
 -4.2791229e-02
  1.7817968e-01
 -6.5895589e-03
 -1.5572721e-01
  8.2100093e-01
 -2.2560139e-01
 -5.6220861e-03
 -4.4512340e-01
 -8.3714828e-02
  9.1150627e-02
  3.0965334e-02
 -5.3339684e-04
  6.6328710e-03
 -2.4499271e+00
 -4.5883307e-01
  9.0134069e-02
 -8.4095504e-03
 -1.7867342e-01
 -1.9371406e+00
 -3.5573270e-03
 -1.5400285e-02
  1.9271229e-03
 -3.0029626e-03
  2.5071860e-03
 -4.2532405e-01
 -2.0086887e+00
 -1.6322891e+00
 -1.4723990e+00
 -1.6034529e+00
  1.2620149e-02
 -5.9172982e-01
  7.9694644e-02
  2.0145108e-01
  1.1998802e+00
  1.3447233e+00
 -1.2236388e+00
 -1.2403339e-01
 -2.3729084e+00
 -7.4127728e-01
  4.5895364e-02
 -5.1567000e-01
 -4.1946214e-01
 -3.5960712e-03
  6.3214642e-01
 -1.2165308e+00
 -1.9307812e-03
  1.4600947e-03
  1.3584299e-01
 -1.8165667e+00
 -2.4394639e-02
 -1.2000713e-01
 -2.9233379e-02
 -1.0507105e-02
  2.6549119e-01
  5.6912382e-03
  1.3507976e-02
 -1.4560886e-02
  1.3525056e-02
  8.0910663e-04
 -2.5718089e-02
 -1.0227493e-02
  2.1654177e-02
  4.7709355e-03
  1.3254877e-02
 -5.1996643e-03
  1.1574222e-02
  1.1044119e-02
  6.8045808e-03
  6.7959162e-03
 -7.7748997e-03
 -7.0730783e-03
 -7.3129167e-03
 -2.3751630e-02
  1.8693881e-02
  7.0768124e-03
 -2.4250913e-02
 -2.0297734e-02
  7.8771578e-04
  3.6034209e-01
  1.5641076e-02
 -8.3140349e-03
  1.3552630e-02
 -2.1501912e-02
 -1.7852215e-03
  1.0708614e-02
  1.0307511e-02
 -7.2838664e-03
  8.2936613e-03
  3.0123927e-03
  8.7899510e-03
 -4.4350168e-03
 -4.6370020e-03
  1.4323686e-03
  2.2422319e-02
  1.3168628e-02
 -8.6134648e-01
  1.5082605e-02
 -2.0431876e-02
  1.4994819e+00
  1.1349656e-02
 -1.3127368e-02
 -1.0996245e-02
 -5.0778594e-03
  2.9101933e-03
 -1.5712351e-02
 -8.6385541e-04
  4.3003093e-03
  5.6430703e-01
  9.8000863e-05
  3.2578610e-02
 -7.9227313e-03
  1.3242427e-02
  2.5189389e-02
 -3.7615889e-01
  6.1598876e-03
  5.2793613e-03
 -2.0157476e-03
 -9.7985584e-01
 -7.3595862e-03
 -1.9836936e-02
 -1.0186911e-02
 -1.7109741e-02
  6.1460035e-03
  3.9438289e-03
 -1.0800107e-02
  9.7018704e-03
 -5.7461169e-03
  6.0953740e-03
  5.9152758e-03
 -1.6934657e-01
  2.0815866e-02
 -6.0054027e-02
  4.8587743e-02
 -2.2615625e-02
  5.1126676e-03
 -1.5950901e-04
  3.4480048e-03
  4.7616534e-02
 -7.8137452e-04
  3.9417096e-03
 -3.6674063e-04
  1.6403876e-02
  1.8658992e-02
  4.2713443e-03
 -1.1506708e-02
  6.9875028e-03
 -9.3101665e-02
 -1.6258424e-02
  2.4994212e-04
  1.5314092e-02
 -6.7539723e-03
 -4.5385747e-03
  8.7595556e-04
  8.8183479e-03
 -2.5329214e-02
 -2.6848656e-03
 -3.8898527e-03
  1.2465174e-02
 -5.1598917e-03
  1.0218197e-03
 -1.0064470e-02
  4.2292736e-03
  2.8531294e-02
  8.6404597e-03
  2.0762158e-03
  4.1552619e-03
 -2.2491710e-02
 -2.1098003e-02
 -1.1433502e-02
 -1.4836163e-02
 -2.6646968e-02
  1.5326324e-02
 -3.4867164e-02
  1.4228142e-03
 -1.3961150e-01
  4.0814783e-03
  7.8349337e-03
 -1.5400653e-03
 -6.4315945e-02
  7.8123971e-04
 -2.7974483e-02
  2.1930041e-02
 -2.2028345e-03
  6.1215991e-03
  2.2971788e-03
 -2.8358562e-02
 -1.8492159e-02
 -2.0451576e-02
  4.3277256e-03
  2.2969417e-02
 -3.6978833e-03
  1.3989391e-02
 -2.1741271e-02
  1.2225491e-02
 -5.0832611e-03
  2.4291163e-03
  1.0914683e-02
  3.4373369e-02
  1.1155464e-02
 -1.4716389e-03
 -5.6637875e-03
  3.3900302e-02
  2.7389200e-03
  4.5291670e-02
  9.1616884e-02
 -5.3802030e-03
 -1.9898284e-03
  7.7402461e-03
  3.9377131e-02
  8.4930547e-03
 -2.7459848e-03
  1.3584526e-02
  3.5967922e-03
 -1.3351504e-02
 -1.2031833e-02
 -4.3337401e-03
  4.0699635e-03
  2.9912809e-02
 -8.5715195e-03
 -1.7282404e-02
  1.7586075e-03
  2.6546024e-02
  1.3137050e-02
  1.7680880e-02
  3.5208343e-03
  1.2933181e-02
  1.6428161e-02
 -8.2905628e-03
  1.1992565e-02
  1.8615397e-02
  1.7427942e-03
 -1.1375328e-02
 -2.6393240e-02
  1.0242409e-03
  4.4613001e-03
  2.0166391e-03
  2.3508037e-03
 -2.1095913e-02
  1.1157519e-02
 -1.9266056e-02
 -1.8682811e-02
  9.9532865e-03
  5.2148392e-03
 -2.5809030e-03
  2.9186445e-04
  1.0453063e-02
 -2.5556063e-02
  2.1453973e-02
 -6.7064841e-03
  1.5400189e-02
 -7.1346327e-03
 -5.8575524e-03
 -2.0227707e-03
  1.5475749e-02
 -4.9683671e-03
 -6.0727010e-03
 -7.8121522e-03
 -7.2438014e-03
 -3.6714297e-02
 -1.8867053e-02
 -1.2132664e-03
  1.5079086e-03
 -1.1592876e-03
 -1.4688000e-02
  6.6423882e-03
 -2.0178474e-02
  1.0708896e-02
 -1.3925699e-02
  9.4834901e-04
 -2.2792604e-02
  1.5108801e-03
  7.9303440e-03
 -4.3343320e-03
 -2.9023618e-03
 -3.1523311e-03
 -9.5512019e-05
 -2.4121497e-03
  4.0670402e-02
 -2.4959685e-03
 -5.7073687e-03
 -3.6620467e-03
 -3.5763673e-02
  1.0529383e-02
 -3.0078452e-02
 -2.4905819e-02
 -1.0467192e-02
  1.3602586e-02
  1.9407200e-02
  7.6824655e-03
  1.9094087e-02
  6.3097877e-03
 -2.5720093e-02
 -8.5221179e-04
  1.7890703e-02
  5.1733395e-03
 -5.8769481e-04
  2.4908349e-02
  6.2734750e-04
  2.4981624e-02
  3.8748648e-02
  2.1979351e-02
 -2.1790117e-02
 -7.6841004e-03
  3.5944548e-03
  5.4872492e-03
 -5.9059598e-03
 -7.1229874e-03
  1.5649939e-02
 -1.3110164e-02
 -6.2621753e-03
  1.3551377e-02
 -9.8672276e-04
  6.1858213e-05
 -1.9300129e-02
  8.0601443e-03
 -5.8285150e-06
  2.4424717e-03
 -1.3631629e-02
 -9.1891214e-03
 -7.0270179e-03
 -1.2452839e-02
  2.6810605e-02
 -1.3643990e-02
 -6.2679891e-03
  3.1481840e-02
 -4.5101264e-01
  3.3747855e-01
 -3.8960001e-01
  1.1444484e+00
 -2.0681268e-02
  8.8093668e-02
 -4.4957221e-02
 -1.7204031e-02
 -1.9566678e-02
 -3.6171159e-01
  4.5923699e-02
  2.2532349e-02
  5.3392994e-01
 -5.9145503e-02
 -4.0680826e-01
  1.4010270e-01
  3.1783819e-02
 -1.6071470e-02
  5.7208132e-02
 -6.3889220e-02
  9.4437055e-02
  2.6433836e-03
  2.9969510e-02
 -9.3550421e-03
  2.3010593e-02
  3.8774010e-02
  2.8737610e-02
  1.5788179e-02
 -6.7143790e-02
 -4.4899744e-01
 -3.5324112e-02
 -1.2961770e-02
 -5.0359064e-01
 -1.4975690e+00
 -3.1669016e-03
 -9.5980801e-02
 -2.5636307e-03
  1.4687097e-02
 -8.3230464e-03
 -4.4057160e-03
 -1.4166451e-01
 -2.2508807e-01
 -9.2764151e-01
 -5.1040977e-01
  1.0157984e-01
 -2.8048110e-01
 -6.3129298e-02
 -7.5493101e-04
 -4.5667186e-01
  7.1751034e-01
  4.1243684e-02
  8.3178449e-03
  1.0649852e+00
 -7.9316860e-01
 -1.0236176e-02
 -6.9542043e-02
  2.0992626e-03
  1.6968567e-02
 -9.9613762e-01
 -1.2945890e-02
  6.9682139e-01
 -2.5612403e-02
  6.2302023e-04
 -5.8275866e-03
 -4.2887405e-04
 -4.4868987e-02
 -2.8929980e-03
  2.4188824e-02
  5.1898169e-03
  9.0749806e-01
 -9.6951174e-03
  1.4790259e-03
 -3.8095191e-02
  7.9580076e-02
  9.8228920e-06
 -7.3103122e-03
 -6.0115242e-03
 -8.7941326e-03
 -1.6751224e-03
 -7.5735003e-03
 -2.2872877e-03
 -1.0619433e-02
 -9.3469303e-03
  1.2699302e-02
  4.4854898e-03
 -2.0344533e-02
  1.5276508e-02
 -2.4938025e-03
  1.6374165e-02
 -1.6003529e+00
  4.7825176e-01
  1.6234885e+00
 -7.7702910e-02
 -1.6192557e+00
  4.0630125e-02
 -3.2197633e-01
  1.2024005e-02
  4.5148153e-02
  3.8130205e-02
  2.0434523e-01
 -3.6963627e-02
 -3.3934312e-03
 -2.7397946e-01
  4.6267083e-01
  2.6339889e-01
 -9.0631676e-01
 -1.1596495e-01
  5.5176213e-02
  7.7433836e-01
 -1.1125982e-02
 -6.7891049e-01
 -7.8816316e-04
 -1.0621572e-02
 -6.7315888e-01
 -5.0729718e-03
 -8.3179317e-02
  1.0148419e-01
  9.3121640e-03
  3.0919952e-02
 -2.2031309e-02
 -5.4681301e-03
 -2.2524720e-02
 -1.0449626e-02
 -3.0868143e-02
 -1.2607083e-02
 -9.3843471e-03
  3.4045331e-02
  1.2987399e-02
  5.8230739e-03
 -5.2511003e-02
  4.6934183e-03
 -1.3071337e-02
 -3.6043229e-03
  9.8754093e-03
 -2.4952145e-02
  8.8987928e-03
  1.5249616e-02
  3.6459621e-03
  1.2596401e-03
  2.8288383e-02
  8.8911755e-03
 -8.4475596e-03
  7.5157266e-04
 -6.0517960e-03
  1.6534226e-02
  8.3510587e-03
 -3.9676222e-04
 -1.9257974e-02
 -4.1341609e-03
 -9.1299303e-03
  3.7579271e-03
 -1.7484901e-02
  5.2121771e-03
 -1.9497831e-01
 -1.4440394e-02
 -1.5125323e-02
  4.6271058e-03
  9.8576993e-03
 -6.1717294e-03
 -8.5787764e-03
 -8.4533291e-03
 -2.0082877e-03
  1.9973282e-02
  9.2459866e-04
  2.7888952e-02
 -1.1135117e-02
 -4.5098537e-03
  4.4407616e-03
 -1.4980383e-03
  1.0436025e-02
 -1.2542332e-02
  2.2391314e-03
  3.6727756e-03
  1.0820537e-02
  1.4203890e-02
  1.7835461e-03
  3.0712495e-03
  1.4975281e-02
 -6.7876037e-03
  1.4860473e-02
 -3.3329122e-02
 -1.5126765e-02
 -7.3989122e-03
  6.6076323e-02
 -7.2315196e-03
 -1.1415087e-02
  3.1732598e-03
 -8.2145538e-03
 -1.0693818e-02
 -7.0973695e-03
 -6.9351173e-03
 -1.9147053e-02
  2.7490277e-03
  4.0058243e-01
  4.0624086e-03
  2.2918737e-02
 -9.8660486e-03
 -2.0714574e-02
  1.5924574e-03
 -1.2110246e-02
  3.0021616e-03
  1.6188581e-02
 -4.6661142e-03
 -6.4421101e-03
  4.3991487e-03
 -8.7672668e-03
 -7.6220520e-03
 -8.9563224e-03
 -6.1616139e-04
  5.7316893e-03
  2.1061427e-03
 -4.1209175e-03
 -4.6915435e-03
  4.3847389e-03
 -3.7910542e-04
  1.3517296e-02
 -1.0982995e-02
 -5.5981171e-04
  6.8923095e-03
 -4.2013736e-03
  1.5055057e-02
 -2.3697130e-02
  6.5401001e-03
 -1.7634183e-03
 -1.5518552e-04
 -1.2355968e-03
 -2.8585906e-03
  9.3460968e-03
 -8.8742189e-03
 -1.4508838e-02
  3.2038253e-03
  4.5082313e-03
  4.1129999e-04
 -2.3184344e-04
 -2.2924377e-03
 -3.0591106e-02
 -5.8494145e-03
  6.3740076e-03
  8.5664075e-03
  2.0424581e+00
  2.9709861e-01
  3.0024916e-01
 -3.8127694e-01
 -5.0877398e-01
 -3.6655040e-04
 -1.0383497e-03
 -1.5196717e-02
 -4.4481396e-03
  3.8978759e-02
 -2.7401739e-01
 -1.2491833e-02
  3.6820900e-03
 -6.9395248e-03
  6.2097274e-03
  1.4997834e-01
  9.1619669e-03
  1.2706437e-03
 -1.4460857e-02
 -5.0520252e-02
  1.0470431e-03
  5.7545885e-02
 -6.6048079e-03
  2.2411415e-02
  1.1633967e+00
  9.2941541e-03
  1.1956929e-03
  5.5481903e-03
  1.0273461e-02
  3.2663015e-03
  2.4775638e-01
  2.5322184e-01
  7.2817199e-02
  1.0693040e-01
  1.5468570e+00
 -1.4638488e-01
  1.0366211e+00
 -2.3904775e-01
  6.5517114e-03
  6.1964642e-02
 -3.1708155e-02
  4.0065470e-01
  1.2985238e-01
  3.8982126e-01
 -2.4003094e-01
 -6.7358254e-03
  5.8666635e-02
  1.0750249e-01
 -3.9560711e-01
  1.3363357e-01
 -4.9174111e-02
 -6.1273146e-01
  4.7618214e-02
 -1.4280272e-01
 -1.3711473e+00
  1.3536456e-01
  3.5051186e-02
  5.3984392e-04
  4.1975781e-02
 -3.7185002e-02
  6.1119895e-02
 -2.6066221e-02
 -9.1358982e-02
  8.6104460e-02
  9.9928178e-02
  7.3425603e-01
 -4.4391018e-01
 -1.5606372e+00
 -4.0475994e-01
 -3.7946737e+00
 -7.1058102e-02
  1.7687115e-03
  6.7695794e-03
  4.5683324e-02
 -1.3253350e-02
 -1.1962353e-01
  1.0715531e-01
 -1.6061950e-02
  2.5027809e-03
  5.2116860e-02
  3.8796717e-01
 -9.9309549e-02
 -1.5566805e-02
  1.0176433e+00
 -1.0562728e-02
 -8.4011406e-03
  5.9011243e-03
 -1.8471899e-04
 -2.3313315e+00
 -1.0427314e+00
  2.3007277e-02
 -1.4231176e-03
  4.8628032e-01
  2.0655546e-01
  3.0414176e-01
 -1.6517612e+00
  4.0746316e-01
  1.6846714e+00
  1.4357883e+00
 -7.1117371e-01
 -1.1484730e+00
  1.3405558e-02
 -1.1130990e-01
  8.0625512e-02
 -1.0214301e-01
 -2.1290179e-01
  2.0819806e-01
 -1.3808241e-02
  6.1371289e-03
  1.1556763e-01
  1.0185328e+00
 -1.1619868e+00
 -1.6783883e-01
 -7.3366195e-01
 -4.2344234e-03
 -9.6359149e-02
  1.6158536e-01
  7.2751176e-03
  8.1404179e-01
  1.2442429e+00
 -4.7207944e-02
  1.0275592e-02
 -6.5552159e-03
 -7.6289304e-02
  3.2155272e-03
  1.1702489e-02
  1.5120644e-02
  4.0864080e-02
 -1.6838025e-02
  3.9812573e-04
 -6.6716103e-03
 -3.8856333e-03
 -2.3731075e-02
  1.4409027e-03
 -1.5198117e-03
  4.2725817e-04
 -4.1428851e-03
  2.2415798e-02
 -3.8111613e-03
  2.2831479e-02
 -7.5561320e-03
 -2.8411521e-02
 -1.0538458e-02
  2.5405143e-03
 -1.0029180e-02
  9.7871888e-03
 -4.9927924e-03
 -9.4801538e-02
  1.3540028e-02
  2.8834119e-02
  5.3161484e-01
 -3.2511884e-01
 -8.5484713e-01
  9.0251178e-01
  5.0928053e-02
  8.3954936e-01
  2.4421142e-01
  3.0158972e-02
 -4.6437398e-01
  1.2797260e+00
 -1.0252742e-01
 -8.1303336e-02
  1.9550502e-01
  2.8621364e-02
 -4.6962497e-01
 -1.2805191e+00
 -3.3676468e-02
 -1.7741036e-02
  2.2851560e-01
 -1.8652523e-01
  3.0441117e-01
 -2.7659256e-02
  6.9043636e-03
 -1.9532001e-02
  4.0201655e-01
 -1.8693971e-02
  8.9023877e-03
  1.2355429e-02
  9.4476677e-03
  3.2533624e-03
 -8.9155408e-03
 -5.0326786e-04
  2.8445348e-01
 -1.0709374e-01
 -4.8653726e-03
 -6.4010816e-03
 -9.1985241e-03
  5.0016628e-03
 -1.6861584e-02
 -4.4716650e-04
  2.0146297e-02
 -8.7125571e-03
  5.8509656e-03
  4.0985411e-03
 -1.2321917e-02
  4.7099404e-04
 -1.3953479e-02
  4.3943739e-03
  9.1947190e-04
 -4.6324152e-03
  6.9427863e-03
  1.5281213e-02
  1.5881337e-04
 -1.6425526e-02
 -1.7973373e-02
 -3.4815352e-04
 -3.3926338e-02
 -4.8642210e-04
 -1.0201703e-02
 -7.0382794e-03
 -1.8564726e-03
  2.3621167e-03
  1.7928302e-02
 -5.7564996e-02
 -6.0749603e-03
  7.8021740e-03
 -2.2543673e-03
 -3.5524398e-02
 -1.0650410e-02
 -4.4472693e-03
  2.4012387e-02
  2.2150896e-02
  3.0054878e-03
  2.3324959e-02
 -1.1095930e-02
  1.9952739e-02
 -7.4748709e-03
 -2.3321902e-02
  9.3430234e-03
 -9.6596004e-03
 -6.1449860e-03
 -9.0773646e-03
  6.9880160e-03
 -9.5359553e-03
 -5.7353498e-03
 -5.7614017e-02
 -7.4927532e-03
  2.1786208e-04
  8.5574426e-03
  1.5427979e-02
  1.7326136e+00
 -6.4677179e-02
 -1.0404198e+00
  3.2801315e-01
  3.3541344e-02
 -1.9162925e+00
  6.0399260e-02
 -2.8328183e-01
 -3.1340024e-01
 -1.9476828e-01
 -3.5568032e-02
 -1.2620877e-01
  2.3689666e-03
 -3.8612473e-01
 -8.6373941e-04
 -1.5391004e-01
  5.8118310e-03
 -2.2821119e-03
 -5.0044190e-03
  2.1880832e-02
  9.7285295e-01
 -2.5535038e-02
 -4.6891649e-04
  5.1054172e-04
 -2.6953495e-01
 -7.5967982e-03
  1.3259760e-01
  5.6971801e-03
  9.3924347e-03
 -1.0320206e+00
 -2.5836490e-03
  3.5812985e-04
 -2.2038216e-02
 -3.1318725e-03
  8.8784536e-03
  5.7868226e-03
 -8.5686604e-03
 -1.4937180e-02
 -2.0989927e-03
  2.7966220e-05
 -5.9027853e-03
 -1.9186355e-02
 -4.9478956e-03
 -5.7169376e-04
 -1.7020884e-03
  2.2634860e-02
 -1.3830967e-03
 -2.3617973e-03
  1.0283737e-02
  3.7476659e-02
 -8.0530075e-03
  1.5887335e-03
  3.2224483e-03
 -9.9943029e-03
 -1.2112370e-02
  8.8835414e-04
  2.3155734e-03
  2.7977090e-02
 -6.3009765e-03
 -3.9403412e-02
  5.1191604e-01
 -1.7367165e+00
 -8.3240974e-01
  1.1037990e-01
  1.7336160e+00
  2.4290662e-01
  3.3809015e-01
 -4.5711237e-01
  1.1610729e-01
  6.4722553e-02
  2.5297248e-01
  7.4904436e-01
 -2.0500158e-03
 -2.1571943e-01
  7.5764114e-01
  1.4124718e+00
  3.0985004e-03
  1.3357170e-01
 -3.7410646e-03
  2.9096216e-01
 -3.3313438e-01
  5.6995671e-02
  3.9449506e-03
  5.1353425e-03
  3.7520805e-01
  5.9302278e-02
  1.6072098e-02
  4.5470856e-03
 -1.9362979e-03
  5.0848833e-04
  6.1428642e-01
  3.7505889e-01
  2.8727821e-01
  1.0523223e+00
 -9.4083399e-01
 -3.9258078e-02
  2.4586702e-02
  5.6564022e-02
 -4.9778107e-01
  1.0178176e-01
 -2.2621889e-02
 -1.5918867e-01
 -1.2781848e-01
  2.6596724e-03
 -2.5741836e-01
  5.1058257e-01
 -5.2060462e-03
  2.1726003e-01
  1.8569315e-02
  2.2587106e-01
  1.4675239e-01
  1.8273380e-03
 -1.9028177e-02
  1.8180640e-02
  2.5726876e-03
 -1.0873650e-03
  3.7750304e-02
  6.3250482e-04
 -3.5478941e-03
 -6.7620454e-03
  1.6550246e+00
  5.0308889e-01
 -2.1599594e-03
 -1.4805534e+00
  1.8191229e-01
  2.8068429e-01
  4.2455386e-02
 -5.2789217e-01
 -6.8495339e-01
 -5.4456931e-01
 -1.5586697e+00
 -4.1768110e-01
 -4.5898790e-03
 -8.4447831e-01
 -1.3191571e+00
 -8.6831385e-01
 -4.4971341e-01
  1.5198091e-01
 -3.0157124e-03
  1.7750722e-01
  1.3102191e-02
  2.0016469e-01
 -1.4142892e-01
 -5.9030991e-02
 -8.4094144e-02
  4.8061641e-04
  3.9599724e-03
  9.8011500e-01
  3.2612967e-01
 -5.5931304e-02
  6.7487866e-01
 -6.1842248e-02
  1.5392004e-01
  1.6440107e-01
  1.3020959e+00
  9.1915250e-01
  1.3911489e-03
 -8.3755758e-03
 -2.2126654e-01
 -2.9648718e-01
 -1.5549807e-01
  1.1817431e-01
  5.2597675e-02
  8.2015516e-03
 -1.2959594e+00
 -1.3645496e+00
  9.8489802e-03
 -3.1663378e-04
 -3.1057863e-02
 -1.0690472e+00
 -7.8371209e-01
 -3.4402788e-01
 -1.6043341e-01
 -4.8023951e-03
  2.0080042e-01
  1.5827350e-02
 -1.8132366e-02
  4.4540368e-02
 -4.1955849e-03
 -1.0322585e-01
 -1.0768089e+00
  3.6656818e-01
  1.2781408e+00
 -7.9521227e-01
 -1.2035185e+00
 -1.1536632e+00
 -1.4844052e-01
 -5.6481230e-01
  5.4376650e-01
  4.4718826e-01
 -2.0198982e+00
  1.0693544e+00
  1.6420059e-02
 -2.8659543e-01
  2.6036629e-01
 -5.0718504e-01
  1.2206417e+00
 -1.1484941e+00
 -1.5197954e+00
  2.1381134e-01
  3.5658306e-01
  5.2540314e-01
 -2.1968017e-04
 -5.9253681e-01
 -2.3812501e-01
 -1.9984218e-01
  1.1778843e-02
 -3.5556084e-01
 -5.2341342e-01
  3.5113853e-01
 -2.3083785e-03
  1.1971449e-03
  5.5599939e-03
 -1.9416503e-03
  3.1194612e-01
  7.8249313e-03
  2.4488363e-02
 -4.1704965e-03
  1.1258174e-02
 -2.0583525e-02
 -3.1081508e-03
  6.4928949e-02
  3.1607009e-02
  2.5001626e-02
  8.4379800e-03
  8.8770073e-03
 -1.4773251e-02
 -3.2170784e-02
  2.4253665e-03
 -4.9080765e-03
 -5.5610305e-03
 -1.9514967e-02
  1.1560049e-02
  2.3408653e-02
  1.0299228e-02
  6.5172790e-04
  3.6370736e-03
 -1.1255806e-02
 -2.0576809e-02
 -1.9751586e-02
  2.5039556e+00
  2.3181815e+00
  1.4293684e+00
 -2.6735194e+00
  2.6051867e-01
  8.4207743e-01
 -8.1614053e-01
  1.2888509e+00
  5.8017474e-01
  1.3832456e+00
  1.4883587e-01
 -7.3822445e-01
  4.4442582e-01
  4.9939901e-01
  1.8488296e+00
 -1.2489352e-01
 -4.6678308e-01
 -5.0463099e-02
  9.0467215e-01
  1.5214831e+00
 -5.6177181e-01
 -1.6745910e-01
 -6.4254689e-01
  3.6232477e-01
  2.3241346e+00
 -1.1174390e-01
 -4.4067334e-02
 -1.3112670e-02
 -6.6366218e-02
 -1.0503959e-02
  7.2929412e-02
 -1.1918940e-01
 -6.4372667e-05
 -5.6533139e-02
  4.4759035e-01
  6.2945217e-02
  3.2405809e-02
  5.7163769e-03
  2.7908165e-02
 -3.3235365e-01
 -4.1803769e-03
  3.4196027e-02
  1.0819367e-01
  9.1835819e-03
 -6.7143011e-01
  1.7534816e-01
  1.2358460e-01
  1.2106693e-03
 -4.0825205e-03
 -1.1337195e-02
 -5.1767849e-03
  1.5900910e-02
 -1.3050595e-02
 -3.2591978e-03
  3.4156460e-03
 -1.2572926e-02
 -7.8398408e-03
  7.6435208e-02
  3.9234492e-03
  7.9502473e-03
  5.1718533e-01
 -1.1268836e-02
 -2.0949480e-01
  1.5543408e+00
  5.5278593e-01
  9.8540485e-02
  7.4694445e-04
  1.6537844e-03
  4.7304621e-01
  1.2098422e+00
 -1.4009614e-02
  1.6395180e-04
  1.3096413e-02
  5.5470064e-02
  2.1174189e-02
  5.8816785e-01
  2.2756169e-04
 -7.1873143e-03
  7.6984498e-03
  7.1558750e-01
  1.7363555e-04
  3.1030057e-02
 -6.1163478e-02
  1.7153310e-02
  6.3322090e-02
  9.7744875e-03
 -2.0237900e-02
  1.4773747e-03
 -8.6502079e-03
 -4.8128585e-03
  2.2989802e+00
  9.4321644e-01
  5.8049387e-01
 -2.9053609e+00
  9.9390727e-01
  6.6121840e-01
 -8.1753528e-01
 -3.4435934e-01
  8.1867921e-01
  1.4748609e+00
  1.0782959e-01
 -1.5171707e-01
  4.5014879e-01
  1.2706078e+00
  2.1141210e+00
  1.1579808e+00
  5.7660371e-01
 -3.5280809e-01
  1.3488507e+00
  1.3897259e+00
  1.7988909e+00
  5.2205342e-01
 -1.2314500e-01
  8.4318024e-01
  2.1701574e-01
  3.3303261e-02
 -2.4619672e-02
  1.7091274e-02
  8.3407924e-02
 -5.5311352e-02
  4.4998372e-01
 -8.7869212e-02
 -1.6910737e+00
  3.0906481e-01
  1.6933080e+00
  2.3811680e-01
  4.2433566e-01
 -5.2681454e-03
  1.5273842e+00
  9.1417260e-02
  3.0158347e-01
 -8.1396084e-03
  7.1289912e-03
  3.0001331e-02
  1.2234371e-01
  4.7181129e-01
  7.0094382e-03
  1.1101607e-02
  1.5142970e-01
 -7.2621498e-03
  3.7117086e-02
  1.1859895e-02
  9.4310679e-03
  9.2626894e-03
  1.6730228e-02
  1.3745064e-03
  6.9456575e-03
  4.8868083e-03
 -2.1492826e-02
 -1.2071303e-02
 -2.6293702e-03
 -1.0052064e-02
  1.4134902e-02
  1.8986335e-02
  2.8393434e-02
  2.9970186e-03
 -2.7282119e-03
  4.3401453e-03
  2.6244208e-02
  2.4341620e-03
 -1.5754267e-03
 -1.2922225e-02
  5.3285873e-03
 -5.5156811e-03
  2.3005958e-01
  1.8119344e-02
  1.9951666e-02
 -1.0306228e-02
 -2.1891210e-02
 -3.4633465e-02
  5.7433965e-03
 -2.1910217e-02
 -7.9973107e-03
 -2.6661612e-02
 -4.5707086e-05
  5.6290790e-03
  2.4233120e-03
  8.8764094e-03
 -6.4880271e-03
 -1.2752425e-02
  3.6128336e-01
 -1.1054406e-01
  1.8991081e+00
 -6.9473669e-02
 -3.6285387e-04
  1.4304435e-03
  1.7522834e-02
  8.3520805e-05
  1.3381330e+00
  4.2757973e-02
 -5.1957448e-03
  2.8911268e-03
  4.9567539e-02
  1.2955312e+00
 -3.5648888e-01
 -2.9404495e-02
 -1.2597553e-02
  1.3571516e-01
  6.7270064e-01
  3.2885495e-04
  1.5311998e-03
  3.4328843e-03
 -3.0083088e-03
 -8.6292597e-03
  7.9472765e-02
 -9.2490409e-03
  1.1054386e+00
 -1.9476081e-03
 -3.8450897e-01
  1.5532152e-01
  3.2537568e+00
  8.3198231e-01
  8.6323768e-01
 -2.0856290e+00
  1.1084759e+00
  2.2213509e-02
 -8.7720305e-01
  5.7950139e-01
  3.8672981e-01
  6.9180900e-01
  3.5805389e-02
  5.2364625e-02
  1.6419655e-01
  5.4567891e-01
  9.5375411e-02
 -5.1715553e-01
  4.0662196e-01
  7.9735196e-01
  1.2021174e-01
  2.4335072e+00
  8.0750458e-02
 -2.0775358e-01
  1.1106226e+00
 -7.5106585e-01
  2.6007509e-01
 -2.7849823e-03
 -7.2723646e-03
  9.0308180e-03
  1.8419908e-02
  4.7326097e-03
 -2.3022292e-03
  6.5120533e-03
 -1.2985364e-02
  2.3347584e-03
  3.3641676e-04
 -9.6293045e-03
  2.4938022e-03
  3.6619626e-02
 -3.3276755e-02
  1.4660889e-02
 -1.1464145e-02
 -5.3509288e-03
  2.4408106e-02
 -7.2814128e-03
  5.5508264e-03
  2.9396309e-02
  1.7269889e-02
 -1.5196620e-02
 -1.4764603e-02
  1.0701458e-02
 -1.9350624e-02
 -1.4634821e-02
  1.1050304e-02
 -1.2616904e-02
  5.2368995e-03
 -5.1396489e-03
  1.0900874e-02
 -2.0377140e-02
 -1.0311739e-03
  1.9566374e-02
 -3.8795561e-01
  8.0301052e-01
  1.2249087e-01
  1.0181786e+00
 -1.4362936e+00
 -2.7727118e-01
  1.5769710e-01
 -4.1630131e-01
  6.6931790e-01
  9.3533504e-01
 -1.0059103e-01
 -8.5021526e-02
 -2.1345679e-02
 -6.0604457e-03
  1.2761526e+00
  5.7623286e-02
  2.2776908e-01
 -6.3276988e-01
  4.5604757e-03
  7.8203875e-01
  4.2284578e-02
  9.3609169e-03
  6.3182861e-01
  5.9178839e-03
  1.1147577e-01
 -1.2031942e-02
 -1.3441233e-02
  9.9615601e-04
  2.6227528e-02
  3.6218446e-01
 -2.0725030e-02
  8.8351164e-03
 -1.6018596e-02
 -5.8902979e-02
 -2.9158672e-02
 -2.3754954e-03
  1.7535767e-02
  1.4859822e-02
 -4.2041067e-02
  1.1348519e-03
  1.6989629e-03
  2.8122752e-03
  8.6327631e-04
  2.0883528e-03
  9.7003188e-03
 -1.4846431e-02
 -8.7878725e-04
 -1.9945439e-03
  1.7627539e-03
  2.3341929e-03
  2.5719532e-03
  1.7219476e-02
  4.9857930e-03
  5.0467905e-04
 -1.8343548e-03
 -9.5167151e-03
  2.6314305e-03
 -2.0774141e-02
  2.6890141e-04
 -1.0069106e-02
 -8.6214519e-01
 -1.2891799e-01
  1.2136171e+00
 -4.4238448e-01
  8.2200944e-01
  2.2970747e-02
 -3.3501554e-02
  2.5082696e-03
  9.4878666e-02
 -6.2219379e-04
  2.0501548e-02
 -2.4544853e-03
 -3.4067794e-03
  1.3883744e-02
 -1.6109808e-03
  1.2561543e+00
  3.8248307e-01
 -3.1096570e-02
  1.3729501e-02
  4.0903455e-01
 -2.6286501e-03
 -5.7525035e-02
  1.0320228e-03
  1.6249847e+00
  1.7978083e-02
  8.9621976e-02
 -2.1326974e-02
  5.7762042e-03
  1.2898935e-02
 -1.2552612e-03
 -9.1081701e-02
  2.3461904e-01
  3.1715300e-02
 -9.5216364e-02
 -7.8151695e-02
 -4.7293570e-02
  6.7408830e-03
  3.1323977e-02
 -1.3518045e-02
  1.0363323e-02
 -2.1336574e-02
 -1.0721756e-01
 -2.6562180e-02
  3.6654819e-02
  4.3358415e-02
 -1.9960437e-02
 -6.8724081e-02
 -2.1541812e-03
 -4.5955117e-04
  5.2304421e-02
  3.3899233e-02
 -6.7480346e-03
 -1.0067832e-02
 -9.7094420e-03
 -6.3936986e-02
 -5.0059105e-03
  1.0607596e-03
 -2.5259748e-01
 -3.2275289e-02
 -2.7764016e-03
 -9.5442403e-05
 -2.0857393e-03
 -2.1902060e-02
  5.4529617e-03
  1.3542265e-02
  4.6262115e-02
  3.2845903e-03
 -6.3851043e-03
  3.6826706e-05
 -2.8839465e-03
 -6.3806060e-03
 -2.7035182e-02
  2.5907051e-02
 -3.3608776e-02
  2.5526412e-02
 -5.3577516e-03
 -5.3686607e-03
  1.1055150e-02
  4.8703190e-02
 -4.2529935e-03
 -1.7338909e-03
  5.5351802e-03
 -3.3127688e-02
 -6.1527983e-04
 -1.1132225e-02
  3.9034032e-03
 -1.0106759e-02
  2.4373911e-02
 -4.2405231e-03
  3.0940692e-03
  2.7744267e-02
  7.7455952e-03
  2.7734863e-03
 -9.1717942e-03
  1.2579137e-02
 -4.8893411e-03
  1.2714057e-02
  1.0775820e-02
  9.5010074e-03
 -1.7142698e-02
  4.4543082e-03
  1.7178223e-01
 -1.2617111e-03
  6.9272541e-03
  5.2199338e-04
  1.9367142e-03
  1.1401137e-02
  2.4572965e-02
  9.9676754e-03
 -2.5806124e-03
  2.5963034e-02
 -7.1849348e-03
  7.4823541e-03
  1.2265292e-03
  1.6272791e-02
 -8.6665684e-03
  4.4822400e-03
  6.4472202e-03
  1.1586812e-02
 -1.2713989e-03
 -1.0502251e+00
  2.1686440e+00
 -1.4332119e-02
 -2.7204161e+00
 -4.5882869e-01
 -1.5531878e-01
  1.9947518e-02
  5.6989866e-01
 -5.8017004e-01
  6.4292711e-01
 -4.1239657e-02
 -1.5871625e-02
  2.8257452e-02
 -2.5240704e-01
 -8.6557609e-01
  6.0060348e-02
 -3.6578532e-04
 -1.2848523e-03
  6.3322922e-03
  2.4605442e-02
  3.9733270e-01
  2.3390817e-02
  5.8803018e-02
 -4.2917072e-03
  6.0103188e-04
 -3.3500178e-03
  1.8023422e-03
  3.8407492e-03
 -1.2015145e-02
  3.0926684e-01
  1.7977720e-02
 -1.2024886e-02
  9.8164100e-04
 -1.3574272e-02
  4.5792568e-03
 -2.4042994e-02
  4.7674454e-03
  1.8802015e-03
 -3.6763367e-03
 -4.2726621e-03
 -2.7520792e-03
 -1.6572887e-02
  2.0660702e-02
  3.2251347e-02
  3.2646440e-03
  4.4867676e-03
 -4.7253668e-02
 -1.4998158e-02
  8.3746640e-03
  3.0632128e-03
  3.3883667e-03
  2.3599055e-03
 -3.3643630e-03
 -1.9967696e-04
 -8.6083720e-03
 -1.4746995e-03
 -1.1666317e-03
  1.4146624e-02
  3.0565977e-02
  6.4694439e-03
  8.0896932e-01
 -1.0087676e+00
 -9.4705510e-01
  9.6620306e-02
  9.8043060e-01
 -6.5765697e-01
  3.3196781e-02
 -9.4627894e-02
  7.9660267e-02
  6.4411670e-02
  1.3954386e-01
  1.3690405e-01
  5.7365343e-02
  2.8239453e-01
  4.1220147e-02
  3.9347565e-01
  2.8951916e-01
  7.3988035e-02
  2.9004028e-01
  2.8632301e-01
 -1.2866940e-02
  6.9228806e-02
 -3.3315863e-03
  2.4178976e-01
  4.9466315e-01
  1.5981255e-01
 -7.4852426e-03
  2.4441062e-02
  2.1380954e-03
  3.0478505e-02
  2.2000212e-03
 -1.1512740e+00
 -5.3666811e-03
  1.7110039e-03
 -1.2387477e+00
  1.0376760e-02
  1.4872009e+00
 -4.8270604e-01
  7.4564785e-01
 -1.4312712e+00
  3.1655687e-01
 -7.4789554e-02
  5.0317210e-01
  4.3857004e-02
 -7.3380107e-01
  3.6688409e+00
  2.2774644e+00
  1.7145872e-02
  4.6345088e-01
 -4.3871182e-01
  1.4151605e-03
 -1.6896157e+00
 -1.1707542e-02
 -1.2508194e-01
 -1.0520455e+00
 -4.7191264e-04
  6.6522793e-03
  1.8483987e+00
 -8.2384341e-04
  1.0997001e+00
 -9.9291600e-02
  5.0727493e-01
 -2.1859538e-02
 -2.3899902e-02
 -3.2090777e-01
  2.5534779e-03
  3.8648117e-01
 -3.6389133e-01
 -2.8570023e-01
  3.0599385e-01
 -6.2523347e-01
  4.0419180e-02
 -1.9825225e+00
  2.2977912e-01
  1.3779280e-01
  6.2197226e-01
  5.0251460e-01
  4.6861246e-02
  3.2164750e-01
 -8.8956451e-01
 -1.8403992e-02
  1.5147260e+00
 -6.9071643e-02
  1.7708468e-01
 -2.3890078e+00
  1.3780794e-02
 -8.9056715e-03
 -3.0057818e-01
 -3.8732983e-02
  6.8477529e-01
  5.0618672e+00
 -1.9475865e-01
 -5.7547302e-03
 -2.6225971e-02
  1.2363733e+00
 -1.8691506e+00
 -6.7905939e-01
 -6.2582093e-01
 -1.3106481e+00
 -6.6282970e-01
  6.8944030e-02
 -7.5567365e-03
 -3.5639987e+00
 -1.8425523e-01
  6.1470550e-01
  2.3242662e+00
 -1.0108794e+00
 -1.0227289e-01
  1.5350660e-02
  4.2083506e-03
 -3.8689265e-03
 -4.0109098e-01
 -5.8116976e-02
 -6.7941090e-03
 -1.8866551e-01
  1.2288421e-01
 -1.3619347e-02
  1.6771224e-03
 -4.2079881e-01
  3.0591393e+00
  2.7411804e+00
  1.6251540e+00
 -2.4994497e+00
 -1.4264470e-01
 -2.7567507e-03
  1.1250734e-01
 -2.0325565e-01
 -6.2881723e-02
  2.2071292e-01
  4.2243148e-03
 -1.7566147e-01
 -9.4065523e-01
 -8.2926142e-01
 -1.2031411e-01
  1.7039218e+00
 -2.5675166e+00
 -9.3757200e-01
 -9.4494706e-01
  8.5338622e-02
 -2.0171791e-02
  1.5898456e-01
 -8.3211961e-04
  1.8449073e+00
  5.0672883e-01
 -6.1092985e-01
 -5.8327234e-01
 -2.1377313e-01
  1.0065436e-01
 -1.3415267e-01
 -7.0619828e-01
  5.7497334e-01
 -2.0245726e+00
  3.1455703e+00
  7.6311594e-01
 -1.1804665e+00
 -1.2748054e-01
 -2.8466237e-01
  1.0789509e-02
 -4.2254284e-01
 -2.3257563e+00
 -7.1371543e-01
 -5.7562046e-02
  2.8204541e+00
  1.1213328e-01
  2.5253203e-02
 -1.2055743e-02
 -1.4492890e+00
  7.9779345e-01
  1.9010684e+00
  1.5558212e+00
 -7.6977581e-01
 -4.1148794e-01
  3.6663778e-02
  6.8827672e-03
 -3.7025094e-02
 -1.9028097e-01
  5.9356922e-01
  1.7555401e-01
  3.1033051e-01
 -7.7193373e-01
 -9.6180826e-01
 -6.2972456e-01
 -6.0279012e-01
 -1.0979505e-01
 -2.0860467e+00
  1.3521098e+00
 -1.3105373e+00
 -5.8100481e-02
  2.4818610e-03
  7.9909982e-03
  6.1614311e-01
  3.4706202e+00
 -7.9048592e-01
 -5.9893793e-01
  1.6167715e+00
  2.1541525e-02
 -2.1750598e-01
 -7.1082124e-03
  2.2386463e+00
  1.8323876e+00
 -1.6331730e+00
  1.2954032e-01
 -1.3290768e+00
 -5.5485386e-02
 -4.3165474e-03
 -3.1563144e-02
 -2.0342930e-03
 -1.2437823e-01
 -6.8382287e-01
 -5.3534991e-01
  3.6205754e-01
 -2.1652299e-01
  6.2412614e-01
 -4.3882620e-01
  9.2329639e-01
 -9.2338818e-01
  1.2577364e+00
  7.8360075e-01
  4.8250917e-01
 -2.4835642e-01
 -3.5521952e-03
  1.1171318e-01
 -1.3208180e-02
 -1.8616140e+00
  2.3738939e-01
  2.5467123e-03
  2.5573761e+00
  1.2281078e+00
  5.6370199e-03
  1.4430264e-01
 -2.2660890e+00
  2.0625572e+00
  2.8775499e+00
 -2.7089252e-03
 -8.3827609e-01
  1.9058779e-02
  1.4736885e+00
 -8.0369785e-02
 -3.2670555e-01
 -7.1654594e-01
 -1.0289178e-01
 -1.1615098e-01
 -8.0637842e-01
 -5.0059146e-01
 -3.1997007e-01
  3.2770641e-03
 -7.1655822e-01
  1.4688873e+00
  1.3630454e-02
  8.3339828e-01
 -1.5236104e+00
  9.4281721e-01
 -3.9994005e-02
 -2.4007080e-02
 -4.0007564e-01
 -2.6074094e-01
 -2.0226409e+00
 -2.8282034e-01
 -2.0334082e+00
  2.2930256e-01
 -2.1821871e-01
 -8.0812261e-02
  9.9028462e-01
  2.0775354e+00
 -1.2721523e+00
  7.4602503e-01
 -1.2336233e-01
  5.6260031e-01
  7.4024566e-02
  3.1860698e-02
  3.4989122e-01
  2.0117286e-01
 -7.8748512e-01
  2.1671919e-02
 -2.2758089e-01
 -7.9864490e-01
  1.3305737e-01
 -4.6125613e-02
  1.6565163e+00
  6.1708742e-01
 -6.9851947e-01
 -1.7965270e+00
 -2.8644225e-01
 -3.1433892e-01
 -1.4101017e-01
  6.2990531e-02
  1.5994701e-01
  1.7524479e-01
 -2.6279753e-01
 -2.3628756e-02
 -4.5355225e-01
 -4.4011751e-01
 -4.5445216e-01
 -2.7213365e-01
 -2.3255304e-01
  7.7071565e-01
 -1.1538049e+00
 -3.0597553e-01
  9.9770883e-03
 -2.4894133e-01
 -4.9681623e-02
 -6.4807059e-03
 -2.5222545e+00
  1.4750428e-01
  2.3407838e-01
  5.8588207e-01
 -1.3105937e+00
 -7.4986786e-01
 -7.6751135e-02
 -4.6826383e-01
  7.8424406e-01
 -3.2954657e-01
 -2.4177201e+00
  8.9110398e-01
 -1.4344491e-02
 -1.5156592e-02
  4.7416997e-04
 -2.0479588e-02
  5.1899119e-03
  3.2687154e-01
  2.3835303e-01
  4.6663459e-02
 -2.3653913e+00
 -9.2482194e-03
 -7.7377106e-03
 -2.7129760e-02
 -1.3923356e-02
  1.1447510e+00
  5.4282516e-01
  4.2848730e-01
  8.8740075e-01
 -7.6952204e-03
 -3.6648575e-02
 -3.6435758e-03
 -1.9096848e-02
  6.4032421e-02
 -6.3187383e-02
 -8.2243122e-02
 -1.8047114e-01
  7.8019631e-01
  1.9303007e-03
 -1.0485556e-02
  8.1541163e-01
 -5.3293842e-01
 -1.9371551e+00
 -1.8710656e+00
  3.1156285e+00
 -1.0924687e-01
  2.0178785e-03
 -1.4342668e-02
  5.8137704e-02
  3.1951039e+00
  9.6126610e-01
  2.8108507e-01
 -1.8942293e+00
 -2.7240167e+00
  4.3848354e-01
 -2.4437220e-01
 -1.1330310e+00
 -1.5583963e+00
 -4.4012358e-03
  2.1920962e+00
  1.5509583e+00
 -1.7415486e-01
 -1.3144211e-02
  2.3613224e-02
 -8.6445159e-01
  1.0484895e+00
  1.0461884e+00
  4.9586365e-01
 -1.8003658e+00
  6.4992964e-01
 -3.5474297e-01
 -4.1023465e-03
  2.2420092e-01
  1.4375100e+00
  1.2789626e+00
  1.9339409e+00
  2.2215536e+00
 -7.9614133e-02
 -8.7164538e-03
  7.8121148e-04
 -7.0363596e-02
  2.7478527e-02
 -1.0472180e+00
 -1.8468492e-01
 -1.2013419e+00
  7.9250860e-01
  1.5830268e-01
 -8.7961578e-01
  3.2377166e-01
  1.1814456e+00
 -7.8941065e-01
 -2.3949873e+00
 -1.7314015e-01
 -6.0305327e-02
  6.5263547e-04
 -1.4889930e-02
 -1.1220912e-02
  2.7637464e-01
  9.2291516e-01
  7.1151401e-03
  2.0078698e-01
  1.9355717e-01
 -1.9906336e-01
  1.6721699e-02
 -2.9957738e-02
 -1.6777571e-01
 -4.1934733e+00
 -3.4472206e+00
  4.0504059e-01
  2.6730385e-02
  1.2747322e-03
 -1.4689223e-02
 -4.3168664e-03
  3.7114245e-01
  8.3880961e-01
  1.0821303e+00
 -1.6909701e-01
 -4.5144945e-01
 -1.8955255e-01
 -2.9683130e-02
  8.9003277e-01
 -1.5897993e+00
 -2.6413187e-01
  5.7389263e-02
  2.8043973e-01
 -7.9922669e-02
 -2.5376098e-03
 -6.9595273e-03
 -1.0932643e+00
  8.1832302e-01
 -8.2852565e-02
 -8.0720201e-02
  2.3506677e+00
 -6.1546830e-03
  1.1692965e-02
 -3.3026281e-01
  9.8169070e-01
 -1.9843978e+00
 -1.3781314e-01
  1.3553115e+00
 -1.2423341e+00
  1.2073687e-01
  3.0005979e-03
 -6.1920416e-02
 -1.7461404e-02
  8.6464947e-01
  7.6483387e-01
  1.6997386e+00
  9.1516149e-01
  6.5125316e-01
 -7.5814091e-03
  4.5175474e-02
  1.5433341e+00
 -2.0206680e+00
 -1.0788780e+00
 -1.6814446e+00
 -2.0776026e+00
 -1.3947262e-01
 -1.6642949e-02
 -7.5812869e-02
  7.3025964e-02
  1.4289269e-01
  8.2037801e-01
  6.5988541e-01
  4.3085116e-01
 -6.7844003e-01
 -8.8452220e-01
 -7.7821010e-01
 -6.2157774e-01
  8.5268867e-01
 -3.0181894e-01
 -1.0933065e+00
 -5.1866943e-01
  2.1956097e-01
  3.1482443e-02
 -5.7799616e-03
 -1.4537902e-01
 -8.2244343e-01
  1.6003659e-01
 -9.5757490e-01
  9.8635757e-01
  1.7882849e-01
  1.1398419e-02
 -3.2922013e-03
  1.2827885e-02
  1.9312522e+00
 -2.5627869e-01
 -2.7289337e-01
  2.1021152e-01
  9.7953744e-02
 -3.2152280e-02
  1.1217614e-01
 -3.4969434e-02
 -9.9238884e-01
  7.3354498e-02
  1.3249582e+00
  1.9874962e-01
 -1.3331239e-01
 -6.6916263e-01
 -8.7669149e-02
  2.1238880e+00
  9.2691094e-01
 -1.1600786e+00
 -7.7120882e-01
  1.0079257e+00
  8.8327742e-01
  2.4302918e-01
 -1.2137890e-01
  7.8049004e-01
  2.2547394e-01
 -1.0930126e+00
 -6.5515029e-01
  2.1414545e+00
  3.6748269e-01
 -6.5419549e-01
 -4.0512112e-01
 -1.4382664e+00
 -1.1555564e+00
  1.1771625e-02
 -4.4788161e-01
 -7.5370800e-01
  5.4092097e-01
 -3.2000650e-02
  2.5687128e-02
 -1.0427072e+00
 -3.6061392e-03
 -4.7080569e-02
 -5.1932603e-02
  1.3385355e+00
 -3.9787480e-01
 -1.3569701e-01
 -6.0207858e-03
  1.6096812e+00
 -1.7240081e-02
  1.2814189e-01
  1.8963437e-01
 -5.7617366e-01
 -1.0565054e+00
 -9.4282337e-02
 -8.0800116e-01
 -7.2395527e-01
 -2.6149534e-02
 -1.1100028e+00
 -7.6615083e-01
  1.2423389e+00
  1.3518184e+00
  3.1503972e-02
 -1.6082093e-02
  3.5697737e-01
 -6.4497668e-01
 -1.5892577e+00
 -9.9238610e-01
  1.7364031e+00
 -1.4412992e+00
 -1.0534733e-01
 -1.0649545e+00
  2.3832531e+00
 -9.9472694e-02
 -1.4066796e+00
  2.8713390e-01
  2.4752080e+00
 -1.2223618e+00
 -2.3749301e-02
 -1.7123002e-01
  6.8023551e-01
  9.9457145e-02
  4.2593417e-01
 -3.3183329e-02
 -4.6988910e-01
  1.1279678e+00
  6.7334580e-01
  1.2877320e+00
 -4.7371984e+00
 -4.0674850e-01
 -3.8382229e-01
 -2.9639724e-01
  9.5181340e-01
 -2.6497570e-01
 -1.1445738e+00
  4.7154364e-04
  1.5137889e+00
  4.0197873e+00
  7.0704216e-01
  7.7119708e-01
 -4.6601105e+00
  8.7400371e-01
 -1.8259386e+00
 -3.3598745e-01
 -1.7339580e+00
 -3.9874542e-01
 -5.5313003e-01
 -2.3070928e-01
  1.2404873e+00
  4.0472570e-01
  7.5489897e-01
 -3.7860614e-01
  1.3928080e+00
 -3.9204431e-01
 -1.9615484e+00
 -6.4634854e-01
  1.4652057e+00
 -5.0033551e-01
 -1.1173252e+00
 -4.9603376e-01
  1.3757755e+00
 -8.9590585e-01
 -1.0735689e+00
 -1.6207395e+00
 -1.6582947e-02
 -8.0494070e-01
 -1.0842434e+00
 -1.9195514e-02
 -1.7146993e-01
 -2.1584208e-01
  2.0126659e-01
 -5.5354234e-02
  1.4951700e+00
 -4.5041817e-01
  9.5836127e-01
  7.1726727e-01
  3.2675865e+00
 -1.8219605e-01
 -1.8036846e+00
 -2.2281575e+00
 -1.3182216e+00
  1.3045483e+00
 -4.5079094e-01
 -1.1551406e-03
 -1.3733950e+00
 -2.4779634e+00
  1.1394794e+00
 -3.4926977e-02
 -3.7006962e-01
  2.5336328e-01
 -5.6646545e-03
  6.8161324e-02
  5.5423355e-01
 -7.6634824e-01
 -3.2515448e-01
 -3.3031758e-02
  2.5490196e+00
  4.4614601e-01
  2.3432372e-02
 -2.7718419e-01
 -6.4280897e-01
 -1.1014441e+00
  2.3700094e+00
  3.5626286e-01
  1.5599065e-01
  2.5621757e-01
 -5.9300774e-01
 -1.2042185e-01
 -4.2917911e-02
 -5.6419652e-02
 -1.2945484e+00
 -9.3608308e-01
  1.3897252e+00
  1.8765202e-02
 -1.0284303e-02
 -1.6341573e-02
  8.5744090e-02
  2.5339517e-01
  5.1143432e-01
  3.2026112e-02
 -2.3454948e-01
 -3.0215782e-01
 -9.9906790e-01
 -2.9862553e-01
 -6.0481429e-01
  1.1518969e-01
 -7.2246695e-01
 -5.5960417e-01
  1.9147999e+00
  1.2445219e+00
 -4.9853206e-01
 -5.3419292e-01
  1.2103310e+00
  5.7047778e-01
 -1.2032996e-01
  1.6943012e-01
 -6.2746602e-01
 -5.5015332e-01
 -2.4322870e-01
 -8.6128811e-04
  3.2322821e-01
  1.2775863e+00
 -9.7504221e-02
  1.0625944e+00
  4.1944957e-01
 -8.3492495e-02
  1.6344488e-01
  4.4125146e-03
  2.0864679e-01
  1.6632311e-01
  1.2322235e+00
 -5.8554453e-01
 -6.5040469e-01
 -6.4826232e-01
 -6.8530601e-01
 -5.2954978e-01
  4.9658936e-01
 -4.4182974e-01
 -1.3698003e+00
  1.9865590e+00
  1.4906220e+00
 -5.1567924e-01
 -2.5027123e-01
  2.3971144e-02
 -2.2125401e+00
 -1.4410131e+00
  1.2661146e+00
 -7.6552304e-03
  4.1857588e-01
 -6.9645703e-01
 -1.4073018e-02
 -7.3829480e-04
 -1.2981420e-02
 -3.5862448e+00
  2.1283101e-01
 -7.6026388e-02
 -1.4287953e+00
  2.5363231e+00
  6.8862205e+00
  3.6692050e-01
 -7.0243500e-02
  1.4576199e-02
 -4.1362243e+00
 -3.7258441e+00
  7.1936291e-01
 -4.3534208e-02
  3.5931875e-03
  3.6124054e-03
  2.1306055e-03
 -6.4281642e-01
  1.8022993e-01
  3.2352477e-02
 -2.9009995e+00
  9.1640258e-01
  7.3532718e-01
 -2.1731950e-02
 -3.0176897e+00
 -3.2049630e+00
 -1.3065821e+00
 -1.3750036e+00
  5.0462403e+00
  1.1559051e-02
  1.8776836e-02
 -5.1247939e-03
 -4.9653776e-02
  3.6377925e-01
 -1.1817709e+00
 -9.3751776e-01
 -1.5011530e-03
  1.8186998e+00
 -9.4239813e-01
  1.6410871e-01
  3.7565937e+00
  2.1955366e+00
  3.3135274e-01
  2.3252358e+00
 -1.1669339e+00
 -9.1739848e-02
 -2.6760898e-03
 -1.0957594e-02
 -9.6417195e-01
  1.8982298e+00
 -1.5327148e+00
 -3.1752177e-02
  7.7312183e-01
 -1.6034749e+00
  2.3379120e-01
  6.5793979e-01
  1.7967393e+00
 -1.0080082e+00
 -2.0776417e+00
  1.1148854e+00
 -3.0940381e-01
 -4.3480121e-02
  3.5277263e-03
 -3.4133948e-02
 -4.6609331e-02
  1.1681027e+00
  9.0969545e-01
  3.0687279e-01
 -1.8346645e+00
  1.1228687e+00
  1.8612933e+00
  1.5455119e-03
 -3.7291505e+00
  7.5039458e-03
 -2.7450011e+00
 -3.2283256e+00
  2.6912057e+00
 -3.1364772e-01
  3.6438428e-02
  2.1038815e-02
  6.7518060e-03
 -1.6330920e+00
  4.7679913e-01
 -7.7427512e-01
 -7.5121409e-01
 -8.3593823e-02
 -2.3166597e+00
  6.4965612e-01
 -3.0761590e+00
 -2.7177906e+00
  2.4792111e+00
  1.5751282e+00
  1.3030988e+00
 -2.3688523e-01
  1.4130661e-02
  1.3774284e-02
  1.5912865e-01
 -1.4876578e+00
  6.5587324e-01
  1.5440428e+00
  4.0767172e-01
  1.5176460e-01
 -5.0075479e+00
 -5.0208793e-04
  4.8504469e-01
  2.2145865e+00
  1.6589677e-01
 -7.3086327e-01
 -1.1254255e+00
 -1.5132844e-01
 -6.5718871e-03
  3.5427057e-03
 -3.8275562e-02
 -4.3199983e-01
  1.3831254e+00
  1.2826016e+00
 -3.3686259e-01
  6.1770612e-01
  1.6213602e+00
  4.5753694e-01
 -6.7775106e-01
 -1.6152292e+00
 -1.5147334e+00
  1.6581511e+00
  8.4096444e-01
 -7.9481997e-02
 -6.5874727e-03
 -3.5336709e-03
 -8.2611442e-03
  6.9136208e-01
 -1.2236887e+00
 -7.1366292e-01
 -3.0985570e+00
 -2.8410324e-01
 -5.6103982e-02
 -1.0696604e+00
 -2.7444971e+00
 -1.0048671e+00
 -2.1357419e+00
 -1.8781819e+00
  2.2706671e-01
  4.1080834e-03
  1.4825406e-02
 -3.3669047e-02
 -1.3205569e-02
  2.6058319e-01
  7.5156674e-02
  1.4533460e+00
  9.9848700e-01
 -5.2906847e-01
  1.1375524e+00
 -7.9523556e-02
 -3.3033142e+00
 -2.3112206e+00
 -2.0879350e+00
 -2.7217443e+00
 -1.6491742e+00
 -1.8173289e-01
 -2.0500088e-02
 -1.9336406e-03
  9.0340830e-02
 -3.2365322e-01
  6.3971467e-02
  1.0530062e+00
  8.9224696e-01
  3.8488048e-01
  9.9244928e-01
  2.2057943e+00
 -4.3512326e-01
  1.0120494e+00
 -1.2385368e-01
 -6.3323969e-01
 -1.3549243e+00
 -5.5564992e-02
  4.5243360e-04
  8.0609415e-03
  3.5147205e-01
  1.2193037e-01
  3.0585462e-01
  4.9874704e-02
  1.0938382e-01
  1.0204661e+00
  3.1039533e-01
 -1.5723766e-03
 -2.4809480e-02
  1.4704708e+00
  1.5598044e+00
 -1.1787550e-02
 -1.0340202e+00
 -1.1578895e-01
  1.4983937e-03
  1.8988363e-02
  1.6824135e-01
  1.2301459e+00
  1.3823345e-01
 -1.9995843e+00
 -1.0983843e+00
  8.8407165e-01
  1.4210996e-01
  1.9398427e-02
 -5.5119324e-01
  4.3959308e-01
 -8.4911543e-01
  5.9152347e-01
  5.2076364e-01
  2.4083102e-01
  2.1133041e-01
 -5.1430073e-03
 -1.8292664e-01
 -4.4616216e-01
 -4.4479108e-01
 -5.8156443e-01
 -1.5842147e+00
 -2.1639329e-01
 -1.2278485e-01
 -4.7520980e-01
  2.8285527e+00
  7.4548542e-02
  3.1954389e+00
  2.8402975e+00
  1.2323414e+00
  5.7206540e-03
 -4.5955190e-03
  2.5562670e-03
  4.0022660e-02
  4.7401921e-03
  3.4428954e-03
 -2.7550196e-03
  4.9102727e-01
 -1.0548174e+00
 -1.2640674e-01
 -1.5502565e-03
  1.4514172e+00
  5.5872273e-01
  7.2816247e-01
  2.1181886e-01
  1.3851421e+00
 -1.6903017e-03
 -9.3251728e-03
 -1.4777679e-02
 -6.7915976e-02
 -1.4380324e+00
 -8.4790684e-02
 -1.1764050e-02
 -6.4687103e-01
  3.3104235e-01
 -3.0111939e-01
 -4.3938127e-01
  3.8767058e-01
 -1.5221783e+00
 -2.4358265e-02
  8.5330062e-02
 -3.4866861e-01
 -7.3411467e-04
  2.5699444e-02
  3.7641772e-03
  9.3754733e-01
 -2.7706926e+00
 -1.6433531e+00
 -5.5377638e-01
 -1.5282274e+00
 -5.6015843e-01
 -4.4613558e-01
 -1.8488855e+00
  6.7204189e-01
 -5.4334067e-02
  3.0325654e-01
  1.9850879e+00
 -1.1647590e+00
  1.0540806e-02
 -3.9133532e-03
 -1.0024695e-02
  7.2842710e-02
 -6.8526095e-01
 -1.4060944e-01
 -1.6509955e-01
  1.9595822e+00
  1.7028060e-02
 -5.5417824e-01
  5.4634046e-03
 -1.6217968e+00
 -2.2281036e-03
 -2.5382081e-02
  2.7503377e-02
 -1.0242008e+00
  1.4121272e-01
 -9.3464246e-03
 -1.1182747e-02
  1.4220512e+00
  5.5948383e-01
 -8.0006108e-02
  1.4674630e-02
 -5.3776151e-01
  6.3418072e-01
  6.2078536e-03
 -2.1217484e+00
 -1.5786152e+00
 -4.0879738e-01
  2.3259389e-01
  2.8338778e+00
 -1.2705685e+00
 -4.8063654e-02
 -1.4805600e-02
  2.0286493e-02
  2.1514696e-01
 -2.0088186e+00
 -1.4135678e+00
 -1.5733984e+00
 -2.5636661e+00
 -1.6348941e+00
 -1.5103414e+00
 -1.7582362e-03
  4.4156847e+00
  1.2888392e+00
  2.6224451e+00
  1.2696158e+00
 -4.1717587e+00
  2.1616621e-02
  1.3232442e-03
 -5.8915960e-03
  1.1672972e+00
 -3.1253666e-02
 -1.3580589e-01
 -9.6867996e-01
 -1.1568875e+00
  1.9980902e-02
 -4.2246017e-01
 -7.3249675e-02
 -4.4640875e-01
  2.5462086e+00
  1.4562751e-01
  3.0745220e-01
 -3.8543568e+00
  3.5471055e-01
  1.2529480e-01
  1.5495499e-02
  4.2989910e-02
  3.4667167e-01
 -1.9441664e-02
  6.0022366e-03
  2.0880089e+00
  2.0299076e-01
 -5.0260122e-03
 -7.7432591e-01
  3.4996429e-01
 -1.5553351e-01
  6.1340451e-01
  8.4201097e-01
  4.5872921e-01
  2.2449030e-01
  3.7452634e-02
 -1.1789031e-02
  5.5970997e-01
  9.1159396e-02
 -1.7845532e+00
 -1.2095071e+00
  4.0334105e+00
 -9.1028981e-02
 -1.9593501e+00
  6.3319299e-03
 -1.6510010e-01
 -1.3193047e+00
  8.8929361e-01
  5.4364002e-01
  1.1033839e+00
  5.4360775e-04
  7.6285666e-03
 -9.2428178e-05
 -5.6756139e-02
  4.2043291e-02
 -3.8184881e-01
 -8.8655525e-01
  1.0322782e+00
 -1.5465056e+00
 -1.7245297e+00
 -1.3557863e+00
  2.3205726e+00
  3.6442491e-01
  2.4148853e+00
  1.6619998e-01
 -2.3136260e-02
 -1.3059935e-01
 -1.5535024e-03
 -1.7404819e-02
  4.2611453e-01
 -1.5870463e+00
 -4.9414995e-01
  1.0630605e-02
 -1.1993417e+00
 -1.3187923e+00
  4.1720605e-01
 -2.7797595e-01
  6.7829415e-02
  1.8953602e+00
  1.8647074e+00
  2.7133689e+00
 -2.2455621e-01
 -5.3388700e-02
 -7.0461668e-03
 -1.9431716e-02
  1.9223473e+00
  8.0191511e-01
  2.3293164e-01
 -1.9141222e+00
  1.2408129e-02
 -3.6584148e-01
 -4.8957905e-01
 -1.3720986e-01
 -3.2075107e-01
 -6.4150020e-02
  2.9994255e-01
  6.8121326e-01
  8.3054644e-01
 -2.1581204e+00
 -1.6510766e+00
 -1.1821351e+00
  2.3548372e+00
 -1.3195047e-02
 -1.4465597e+00
 -1.2405967e+00
 -3.0656927e+00
  5.8647829e-01
 -9.0811753e-01
  9.7907390e-03
 -4.7259828e-01
  8.4904426e-01
  2.3256478e+00
  1.5108434e+00
 -3.9742097e-01
  2.9472860e-02
  2.7794065e-04
 -9.5000438e-02
  1.3948757e-02
  4.7268979e-03
  2.9796548e-04
 -3.4620641e-03
 -1.7728347e-01
  6.6784825e-03
  8.2946499e-04
 -1.4062803e-03
  4.1038059e-03
  1.5037570e-02
  1.1085963e-01
  1.1828241e-02
 -7.1227139e-01
  1.3329959e+00
 -6.9671279e-01
 -7.4433209e-04
  1.8529613e-02
  3.7620518e-02
 -1.0339571e+00
 -2.2009814e+00
  2.0341794e+00
  5.3501236e-01
 -5.8956295e-01
 -1.2223491e-02
 -1.4602712e-01
  2.1318898e-01
  1.8615980e+00
  1.2684430e-02
 -5.7624859e-01
  3.3132666e-01
 -4.2697024e+00
 -3.3026028e-01
  3.4510560e-02
 -1.2593252e-02
 -2.9786909e-03
 -4.6189642e-01
 -1.7833927e+00
  3.6795590e-02
 -5.9655840e-03
  4.6151038e-03
 -9.5657194e-01
  4.5313257e-01
 -4.7094617e-02
  1.1951329e+00
 -1.8641669e+00
  1.8585992e-01
  1.9867511e-02
 -6.3254572e-03
 -1.8022941e-01
 -9.5534660e-03
 -7.2965705e-01
 -1.0579858e-01
  1.6490180e-02
  7.5092059e-01
 -1.0237893e-01
  5.8022770e-04
 -3.6026598e-03
  1.8333317e-01
  1.0177289e+00
  2.1248110e-02
  3.0560449e-01
  2.5803790e+00
 -1.7461190e-01
 -1.8927721e+00
 -7.1923506e-01
 -4.7132885e-01
 -3.5782522e-01
 -1.0546626e+00
  1.4409994e+00
  9.2053957e-02
 -1.3331683e-01
  2.1407902e-02
 -6.3724184e-01
  1.0651866e+00
  1.4060155e+00
  7.0520633e-01
  8.7941295e-01
  1.0321834e-01
 -1.2287949e+00
 -1.5385313e+00
 -1.8147047e+00
  6.7865893e-02
 -1.7602852e-01
  1.0831689e-02
  9.8936456e-01
  5.6147289e-01
  2.2702152e-02
 -8.3849207e-03
 -1.1827797e+00
  2.6050723e-01
 -4.3616641e-01
  5.9896517e-01
 -2.3779833e+00
 -9.7290359e-02
 -9.6927541e-01
  6.8635598e-02
 -1.8728910e-01
 -3.2536197e-02
 -8.0627429e-01
 -1.2334764e+00
  8.7896115e-01
  2.8273722e-02
 -7.8145486e-01
  9.3054241e-03
  1.5846301e-02
 -4.1158754e-01
  4.2589423e-01
 -5.4326481e-01
  2.0771017e-02
  4.6289712e-03
 -1.8753469e+00
 -1.8478162e+00
  4.4664809e-01
 -5.6099100e-03
 -3.2003991e-02
 -3.4286376e-02
  2.5118675e+00
  2.0696452e-02
  7.1377065e-03
 -4.3517826e-03
 -1.3895578e+00
 -6.6113192e-01
 -1.2377245e+00
 -3.7439451e-02
 -5.1478422e-01
  5.1022071e-01
 -3.4411460e-01
 -9.0478617e-01
  1.3369954e+00
  3.9453050e-01
 -1.0957623e+00
 -4.9274632e-01
  5.4950863e-03
  7.4126989e-01
 -6.1836028e-01
 -2.0502375e-02
 -5.4568654e-01
 -1.0203203e-01
  1.4880282e-01
 -2.0285015e-01
 -5.9256428e-01
 -1.5973265e+00
  5.8619666e-01
 -2.0309916e-01
 -1.8316790e-01
 -1.8990169e-01
  9.4890203e-03
 -5.8017248e-01
 -7.0883501e-03
 -4.8125430e-04
  1.4367747e-03
  1.0408047e-03
 -4.1854236e-01
 -2.7170645e-02
  1.1314105e+00
  1.5509032e+00
 -5.6199276e-01
 -1.7458725e+00
 -1.2800991e-02
  2.0613542e-03
 -2.9285136e-01
  8.4803288e-04
 -1.2363139e+00
 -1.4709006e-02
  2.5351453e-01
  6.5687954e-01
 -3.0058020e-01
 -4.0139463e-03
 -5.5693328e-01
 -1.0284916e-01
  1.5023837e+00
  2.7141109e+00
 -2.0277247e-02
 -1.0103921e+00
 -6.3276255e-01
 -3.1344160e-01
 -5.9567267e-01
  1.3644621e-01
 -9.2119006e-03
 -9.6780759e-01
  1.2511340e+00
 -3.2497853e-02
 -1.1517814e-01
 -4.5909854e-03
  5.9904456e-01
 -1.1263046e-01
  9.6836343e-02
  1.1738157e+00
 -3.0945826e-01
 -1.3657448e-01
  5.1721549e-01
  3.3621883e-01
 -3.0817864e-02
  6.2699032e-01
  2.3097090e-02
  8.9585343e-03
 -3.4565976e-01
  9.0853494e-01
 -1.4471936e+00
  2.7881403e-02
  2.8897622e+00
  2.0988431e+00
  2.0347128e+00
  2.6477021e-01
  1.9161178e+00
 -4.2097360e-01
 -4.3354183e-04
 -5.1362771e-03
 -1.4338252e-03
 -2.4605289e-03
 -1.3408409e-01
  1.1433996e-02
  2.2479504e-02
 -1.1687477e-02
  4.9360306e-04
 -9.0981144e-03
  1.6674656e-02
 -6.5688249e-03
  1.0344719e-03
  3.3832770e-02
 -4.7888635e-03
  1.2110769e-02
  8.0548935e-02
  6.1033506e-02
 -2.7052012e-01
  1.3585813e-01
  6.2359959e-02
 -1.1983393e-02
 -3.4045064e-01
 -1.5000477e-02
 -1.0265102e+00
  1.0153129e-02
  9.7168648e-01
  8.8718665e-01
  1.3593288e-01
 -4.9160409e-01
 -5.5052060e-01
 -1.3157547e+00
  4.5731973e-02
 -2.3848054e-03
 -4.8726007e-02
  1.2844993e-01
 -1.5014995e-02
 -3.5615661e-04
 -1.3335350e+00
 -4.4737846e-01
 -5.8999509e-02
 -1.4466096e-03
  5.2136344e-01
 -5.7888788e-01
  4.9142045e-01
  1.6340115e+00
  1.7367567e+00
 -4.1322702e-01
 -7.3892903e-04
  1.2832924e-03
 -4.1354122e-03
 -1.8325955e-02
 -1.4671171e-02
 -7.9424512e-03
 -2.5056735e-01
  3.4091660e-01
 -1.3416030e-01
  3.4941528e-02
 -1.0170945e+00
 -1.5975596e+00
  1.6234878e-03
 -7.2099477e-01
 -2.2370064e-01
  4.5558283e-01
  7.6389827e-02
  1.8509736e-02
 -1.0505002e+00
  1.3992441e-01
  1.9726129e-03
  1.0916138e-02
  5.3241897e-01
 -1.5590667e+00
 -1.3282294e+00
  6.6845492e-04
  1.6486237e+00
 -6.7145236e-02
 -6.3842490e-02
  5.9356145e-03
 -8.7578908e-02
 -1.5610622e-01
  1.3755891e-02
  4.1322447e-02
 -3.3890021e-01
  1.0818882e-01
 -3.8192738e-03
  2.2655359e-02
  6.1413306e-01
 -8.4708512e-01
 -9.6700862e-03
 -1.2264866e-03
  9.7914749e-01
 -1.3746062e-01
  5.8479798e-01
  1.2590352e+00
  6.2081259e-01
 -1.0354306e+00
  4.8914421e-03
  2.3624229e-01
 -1.2417748e-01
  2.1714361e-01
 -2.3240067e-02
 -1.2425470e-04
  3.0276376e-01
  3.1615871e-01
 -1.5578890e+00
  2.6008289e-02
 -1.2560457e-01
 -2.0052679e-02
  5.1389555e-03
  2.9388469e-01
 -6.8183196e-01
 -2.4867132e-03
 -1.3596388e-03
  1.0853789e-03
 -5.1467298e-03
  1.2373316e-02
 -3.2091122e-02
  1.9078965e-03
 -1.5571396e+00
 -1.0146259e+00
  2.2442129e-02
 -1.3634436e-03
 -7.5762987e-01
 -9.7425267e-02
  7.4878615e-01
  1.9300956e-01
 -1.2112164e-02
 -2.8466064e-01
 -5.0314004e-03
  8.2019001e-02
 -2.5741592e-01
  2.0073138e-01
 -7.7520972e-03
  3.5264716e-02
  1.0024775e-01
 -5.4617792e-01
 -8.6499697e-01
  1.6416918e-02
 -3.4954560e-01
  8.1415933e-01
 -1.5591662e+00
  2.8278105e+00
 -3.9782548e-01
 -4.1857591e-01
  1.1376497e-01
 -1.5130516e-03
  9.8261889e-03
  2.5616711e-02
  4.9246978e-02
 -2.7745791e-02
  1.4554521e+00
  5.8333111e-01
 -7.6298438e-02
 -3.8299849e-03
 -3.2170881e-02
  4.8410034e-01
 -3.3585584e-01
  8.4713215e-01
  3.4885082e-01
 -2.6493347e-01
  3.0833447e-02
  2.8789217e-02
 -2.0002320e-01
  2.5881322e-02
  1.4226230e-02
  4.0074576e-02
  7.2434497e-01
  5.3388935e-01
 -5.3387386e-01
  3.2881238e-02
 -1.7432220e-01
 -8.3352633e-02
  1.2966427e+00
 -1.2365493e-02
  1.3445644e+00
 -6.5715867e-01
  6.1032854e-02
  5.0171770e-02
  2.7505583e-01
  1.3383916e-01
  1.9939246e-03
  5.4184119e-03
 -9.5822978e-01
  1.2520748e-02
 -4.3217194e-01
  9.7807795e-03
 -1.1310126e-01
 -2.8919747e-01
  1.5059440e+00
 -2.2505078e+00
  1.0696104e+00
 -1.1304032e+00
  5.6234503e-01
  1.0127275e+00
 -3.4527260e-01
 -1.9587755e-02
  9.1126835e-04
 -4.0608160e-03
  6.4927298e-01
  7.7963865e-01
 -8.2140053e-03
  3.0484859e-02
 -5.6218449e-02
  3.0116513e-01
  2.5897655e-01
  1.0925933e+00
 -2.7168286e-01
  1.0804490e-02
 -5.9565133e-04
  2.6780663e-03
 -2.8511241e-01
  7.4008461e-03
  5.6600301e-03
  1.3007252e-02
 -1.4039108e-01
  1.2541125e-02
  5.4067834e-03
  2.2113532e-02
  6.1772182e-03
  9.0962201e-01
  2.2772195e-02
  1.2982885e+00
  1.4126396e-03
  1.5184580e-01
  2.3838888e-01
  7.7684152e-01
  1.7418261e+00
 -1.8946134e-02
  2.6028878e-03
  6.1093219e-02
  3.0172477e-02
  5.9652929e-03
  1.2934692e-02
  7.9609035e-03
 -1.9856121e-01
 -2.7016670e-01
  6.5354514e-01
 -1.4124014e-03
  3.8776333e+00
  2.2115896e+00
  3.0893238e-02
 -1.4944170e-03
 -6.6695732e-01
 -3.3601686e-02
  1.2103479e-02
  2.5115050e-03
  5.0754929e-01
  9.2565197e-01
  1.1543833e-02
 -1.1082087e-04
 -3.0541036e-02
 -1.2276655e+00
  3.3368230e+00
  2.4774072e-01
 -1.7443488e+00
  7.5331777e-01
  4.4489060e-02
  3.8800797e-01
  3.5844392e-01
  4.0509850e-03
 -1.0465603e-02
 -3.8671487e-03
 -1.1510100e-02
  4.2517893e-03
  3.2767851e-02
  2.8168133e-02
  3.7405722e-02
 -2.4477506e-02
  1.3972229e+00
  8.0723578e-01
 -1.5025406e+00
  1.1502423e-01
  8.9378470e-01
  9.2342474e-02
  4.8291358e-01
 -1.0960379e-01
  9.9277124e-03
 -7.7057048e-03
  2.2753090e-01
  2.4760312e-01
 -8.4967603e-04
 -9.6570909e-01
 -4.8518658e-01
 -1.3221648e+00
 -4.8575062e-01
 -4.7666296e-01
 -3.6079497e+00
 -1.1359466e-01
  2.3465735e-01
 -1.0994060e-03
 -2.2165248e-01
 -1.0737869e-02
  3.5508908e-02
 -5.1470865e-03
  7.4971813e-01
  5.7106107e-01
  1.8834157e-02
  2.0195998e-02
 -2.2080727e-04
 -1.2366407e-01
 -2.6128247e+00
  1.2578252e-01
 -8.8541001e-01
  6.3334638e-01
  2.2332050e-02
  3.2450724e-01
 -1.1755459e+00
 -2.5077395e-02
 -2.8144425e-02
  8.5925320e-03
  6.1135006e-01
 -3.8813796e-02
  1.0995378e-03
  4.6375324e-03
 -3.8614768e-01
  3.7490670e-02
  1.8492518e-01
  1.7363875e+00
 -1.4866172e+00
  3.6002688e-02
  1.4043145e-02
  8.3832860e-02
 -2.1916299e+00
 -4.9497832e-02
  1.3447097e-02
 -2.6593609e-03
  1.0187740e-02
  4.6760511e-01
 -2.9040903e-02
 -1.4646781e-03
 -2.7437901e-01
  9.3538094e-01
 -1.1646577e-01
  6.6460890e-01
 -1.2075419e+00
 -1.2382998e-01
  3.2683957e-01
  1.5599091e-01
 -1.5309978e+00
  2.9366515e-03
  7.6055899e-03
  2.0434610e-03
  1.0979836e-01
 -2.0958161e-02
  1.0787882e-02
  6.4772158e-03
 -1.7789064e-03
  2.8727481e-01
  2.3944669e+00
 -9.1288261e-02
 -2.1056817e-03
 -3.1890801e-01
  7.4671870e-03
  1.0327388e-01
 -5.9921557e-01
 -6.4121991e-02
  2.0876940e-02
  1.8242508e-04
  5.3808916e-01
  2.3856142e-01
 -9.4507802e-03
  1.8764410e-02
  8.9720391e-02
  7.9715538e-01
  3.0263964e-02
 -8.7552674e-02
  4.3907633e-01
 -9.9015333e-02
  5.6881022e-02
  2.5596547e-01
  1.4530389e-01
 -1.2275695e-01
  2.0844348e-02
  2.9481822e-03
 -1.1935501e+00
  2.5530148e-01
  2.3916183e-02
  9.0742176e-03
 -7.1129853e-01
  8.3776599e-01
 -9.6007109e-01
  2.6579744e-03
 -7.1261507e-01
 -8.2124829e-02
  1.4485285e-01
  1.4358231e-01
  5.9113190e-02
 -1.5696826e-03
  8.4387176e-03
  1.0159852e-03
  6.3059700e-01
  1.3360278e-01
  9.7938105e-03
  1.7233156e-02
 -4.1041244e-03
  6.3090467e-01
 -1.1651721e+00
  8.6525333e-01
 -4.4612321e-01
  4.2851333e-02
 -1.0546867e-02
  5.2846447e-03
  1.5696754e+00
 -3.7073785e-01
  2.1272963e-02
  2.5700500e+00
  4.0540137e+00
  2.7822822e-01
  5.9863001e-01
  1.2656754e-02
 -1.0548130e+00
 -2.0944175e-01
 -1.6335702e+00
  1.8126606e+00
  9.3804002e-02
 -2.4352619e-02
  9.1184461e-03
  9.3810465e-03
  1.0227418e+00
  1.3808915e-03
  9.7459964e-03
  2.1359006e-02
 -1.3060546e-01
 -5.8116359e-03
  8.0733513e-03
  1.0844452e-02
 -1.1239265e+00
 -2.2219393e-01
 -7.0233852e-01
 -1.5718748e-01
  3.7029171e-03
  3.0579245e-01
 -2.0739652e-02
 -2.2232358e-03
 -1.1762871e+00
 -8.1292385e-01
  2.4638548e-03
  2.2104881e+00
  1.1055759e+00
  2.8416306e-01
  9.5861149e-01
  6.3283946e-03
  1.8645291e+00
  8.9107329e-01
 -1.0824739e-04
 -3.9081024e-03
 -2.5227122e-02
  4.8379052e-01
  7.3269065e-03
  5.0082537e-03
  1.5814476e-01
 -2.6720944e-01
  1.1351611e-03
  3.6163025e-02
 -1.1724839e+00
  3.4715533e-01
  7.0147729e-03
  1.6595963e-02
 -3.7741771e-01
 -7.4872993e-02
  5.9685719e-01
  1.7761085e+00
  1.3615842e-02
 -3.4965736e-01
  1.8234502e-03
 -3.5396252e-02
  4.0592752e+00
 -5.8164072e-01
  5.0282989e-02
  1.3773470e+00
  5.1383018e-03
 -5.9110448e-03
  6.0537118e-01
 -3.4740772e-03
 -5.5382007e-01
 -5.8384901e-01
 -7.9475003e-01
 -1.4306645e+00
  6.1812811e-04
 -9.9226022e-01
 -6.2016055e-02
 -2.1612458e-04
 -2.5305897e-01
  3.9809397e-01
  6.9484692e-03
  8.7565726e-01
  2.2778833e+00
 -1.1337376e+00
  7.2168931e-02
 -2.9614201e-02
  4.9916193e-01
  4.2127019e-01
  6.2108368e-01
 -2.1238416e-01
 -1.8879053e-01
 -4.8700869e-03
  5.8160480e-02
  1.1589101e-03
 -2.0476358e-01
 -6.1986387e-01
  3.8540368e-03
  6.0984910e-01
 -8.2184151e-02
  6.5849818e-02
  6.5700179e-01
  7.0842244e-03
 -1.0321087e+00
  2.1631104e-01
 -2.3709366e+00
 -1.1717942e+00
  9.1467626e-02
 -2.1763512e-01
 -3.0780287e-02
 -7.5003840e-02
  2.2535186e-01
 -2.0366544e-01
  8.1338687e-05
  1.1750867e+00
  1.2699842e-02
  3.3970067e-01
  2.8986523e-01
  4.6608080e-03
 -7.3171329e-01
 -3.7329155e-01
 -1.1870390e+00
  3.6522312e+00
 -1.1012851e-01
 -5.0528295e-02
  7.5396281e-03
  3.2583803e-02
  1.2170539e+00
 -6.6492862e-01
  2.7584944e-02
  4.2920870e-01
 -2.6337638e-01
  3.7060353e-01
  3.7033297e-02
 -1.0460662e-02
  5.9202671e-01
 -1.6887507e-01
  1.0293190e+00
  1.0305314e+00
  2.7172136e-01
 -2.5729205e-02
 -1.0596184e-02
 -2.7827747e-02
 -1.4952221e+00
 -1.2336570e+00
  1.0111399e-02
  1.4590249e+00
  3.6613798e-01
  3.1960495e-02
  1.0986967e-01
  9.6929399e-04
  1.0084075e+00
  1.1797565e-01
 -1.1849182e+00
  1.7264216e-01
 -2.7965041e-02
  3.7488353e-01
  3.5722661e-03
  6.5034330e-02
 -1.5977181e+00
 -5.3839046e-01
  2.2237122e-02
  5.6023890e-01
  2.6518187e-01
  3.2095093e-01
  1.5943959e-01
 -1.4526525e-03
 -6.4731497e-01
 -5.7031542e-02
 -7.6214516e-01
  1.8164040e+00
  1.1350918e-01
 -4.0940741e-01
  1.0255122e-02
 -4.7023036e-03
 -7.7449435e-01
 -6.5772764e-02
 -1.7416265e-02
  1.1519924e+00
  3.7708455e-01
  1.6496289e-01
  5.4871887e-02
  1.6670251e-02
 -9.7874641e-01
 -1.9747181e-01
  3.1350350e-01
  1.4425908e+00
  1.1443682e-01
 -1.5195078e-01
 -1.3317059e-01
 -3.6935869e-03
  4.1698146e-01
  2.8653294e-02
 -8.9976937e-04
  5.9698361e-01
  4.2708439e-01
  1.6569149e-02
  3.5403270e-01
  2.9089252e-02
 -5.3846282e-01
  1.1281142e-01
  2.8470578e-03
 -4.8121801e-01
 -8.3928160e-02
  1.5857114e-02
 -5.1457010e-02
 -7.7712035e-01
  2.8660152e+00
 -4.6587923e-01
  4.6897554e-01
  5.8954811e-01
 -2.3568652e+00
  2.3817374e-01
  4.8652464e-01
  7.5702360e-03
 -1.4691715e+00
  9.4958669e-01
 -1.3411613e+00
 -2.2071660e+00
 -4.6688664e-01
 -7.5328238e-03
 -1.9666251e-02
 -4.7685198e-02
 -2.9747058e-02
  1.0082648e-03
 -3.8433269e-02
  4.8772660e-03
 -3.9774933e+00
 -6.5245759e-04
  7.9487916e-03
  3.7732799e-02
 -5.4222431e-02
  6.6601986e-01
 -1.2296554e-01
  2.7885020e+00
 -8.9356303e-03
 -2.6579043e-01
 -1.1031092e-02
 -6.6070221e-03
  1.0946956e+00
  5.7297196e-02
  5.0553989e-01
  4.5179111e-01
  1.4435456e+00
  6.6616118e-01
  2.3971963e-01
 -3.6649248e-03
  7.1430808e-01
  2.5282663e-01
 -7.9449117e-01
 -6.5229517e-01
 -1.4666728e+00
  2.4210456e-01
 -1.5196692e-02
 -1.6482412e+00
  1.1288139e+00
 -3.4284005e-01
  7.5590126e-02
  1.6116187e-02
 -1.9700074e+00
 -1.2145073e-01
 -1.8192061e-04
  2.7501088e-02
  1.8510208e+00
  3.6807999e-01
 -1.9545028e+00
 -3.1835203e+00
  1.3989677e-01
  4.3942757e-02
  2.8473422e-01
  4.5856657e-03
 -7.2447681e-01
  6.6862099e-02
  1.0357410e-01
  1.7558824e-01
 -5.4372597e-01
  1.4961573e-02
  2.8640798e-01
  2.3390152e-03
 -2.4090660e+00
  4.8932540e-01
 -8.6091596e-01
  8.0398984e-02
  5.1656318e-01
 -5.3920555e-01
  3.4855265e-02
  1.5694559e-01
 -4.2462441e-01
  1.3603587e+00
  5.5575687e-01
  2.5171349e-02
  6.1883503e-01
 -4.2773575e-02
 -2.3647828e-02
  5.3650001e-03
  1.7268482e+00
  1.6715062e-01
  1.3654217e-01
 -1.7389914e-01
 -7.8465301e-01
 -1.2725521e+00
 -2.3882855e-02
 -1.7889065e+00
 -4.5234133e-02
 -3.7297857e-01
 -1.0223861e-02
  1.2372468e-01
  5.1816463e-01
  7.4622005e-02
  4.1015786e-01
  2.5611988e-03
 -1.8962154e+00
 -1.2826957e+00
 -1.6956304e+00
 -1.7986424e+00
 -1.2135806e-03
 -2.1134567e-01
 -8.9143207e-03
  3.0307379e-01
 -3.2046881e-01
 -1.0577520e+00
  1.0596094e-01
  5.5676985e-01
  1.6739091e+00
 -2.5930110e-01
 -2.5134189e-02
  4.6381280e-03
 -1.3845621e+00
 -7.5937390e-01
 -1.3561578e+00
  1.2018263e+00
  1.4553217e+00
  8.5343808e-02
  4.4571785e-03
 -2.1248959e-02
 -3.5020437e-02
  1.5791055e+00
 -8.9048781e-04
  2.7470508e-01
 -1.2221440e+00
  9.7827733e-02
  2.6755983e-01
  7.5760828e-03
 -1.4197745e+00
 -1.9587550e-01
 -1.6864722e+00
  2.1034763e+00
  9.8694229e-01
 -1.8465869e-02
 -4.1126248e-01
 -2.0420504e+00
 -2.0179875e+00
  1.4655666e+00
  2.6628813e-01
  3.7549231e-02
 -1.7387310e+00
  3.0649879e-03
 -1.2966734e-02
  3.1154845e-03
 -1.9615718e+00
  3.2284865e-01
  4.8345226e-01
 -7.4437147e-01
 -3.3794262e-04
 -7.8537457e-02
 -1.2754883e-02
  1.6696143e-01
 -5.8084643e-01
 -1.9956040e-01
 -7.5214338e-03
  4.9377826e-01
 -3.6472626e-02
 -3.7564737e-01
  1.5000862e-01
  8.0239354e-03
 -8.9171636e-01
  3.8030226e-04
  3.6055094e-01
 -1.1907957e+00
 -4.2313364e-01
  2.1165967e-01
 -2.3434228e-01
 -3.5146284e-01
  1.8178822e-01
  5.2003562e-03
  2.3738211e-01
 -5.8920663e-02
  1.2501439e+00
 -1.0168770e-01
  1.2761205e-02
 -7.5609474e-03
 -5.2054018e-01
 -1.5120734e-01
 -2.6893017e-01
 -1.0371027e+00
 -6.4108479e-01
  8.8374302e-02
  6.3780090e-03
 -1.1712663e+00
  1.1081135e+00
  4.8898789e-01
 -6.5092742e-04
  6.6772455e-01
  8.8248715e-02
  3.9823911e-01
  8.6239927e-02
  5.3580725e-03
  5.5039877e-01
 -1.8413866e-01
 -7.0921928e-01
  5.0430530e-01
 -3.0799592e-01
  1.3839582e-02
  1.3839582e-02
  1.3839582e-02
  1.3839582e-02
  1.3839582e-02
  6.2249951e-02
  6.2249951e-02
  6.2249951e-02
  6.2249951e-02
  6.2249951e-02
  3.6449306e-02
  3.6449306e-02
  3.6449306e-02
  3.6449306e-02
  3.6449306e-02
  1.8060319e-02
  1.8060319e-02
  1.8060319e-02
  1.8060319e-02
  1.8060319e-02
  6.3994438e-03
  6.3994438e-03
  6.3994438e-03
  6.3994438e-03
  6.3994438e-03
  2.2130366e-02
  2.2130366e-02
  2.2130366e-02
  2.2130366e-02
  2.2130366e-02
