nep4 4 Li La Zr O 
cutoff 6 4 95 30
n_max 4 4
basis_size 8 8
l_max 4 2 0
ANN 30 0
  2.0535572e-03
  6.6964868e-03
 -3.5301426e-01
 -3.7373665e-01
  1.3665099e-01
  1.0609119e-03
 -3.0592050e-02
 -2.5912469e-02
 -3.5907044e-03
  4.3793201e-02
 -3.6138800e-01
 -4.5506906e-02
 -8.1962205e-02
 -2.0833405e-04
 -7.7206636e-04
 -4.1915257e-03
 -5.7161797e-04
 -1.9747915e-03
 -5.0967705e-01
  1.9822154e-02
 -1.8446723e-02
 -5.1178476e-03
 -4.3711390e-02
  1.6206426e-03
 -2.7576007e-03
 -1.2371077e-02
 -3.4051209e-03
 -2.0698637e-03
 -1.0482576e-03
  2.1562432e-03
  6.1747306e-03
 -8.8630134e-01
  1.9788234e-01
  2.0157389e-01
 -5.1360148e-01
  5.0562520e-02
 -7.5564392e-02
  1.4969646e-02
 -1.0393180e+00
  4.0529788e-02
  9.9773897e-05
 -5.3809909e-03
  1.3844840e-02
 -2.4788189e-04
  3.8171511e-02
  4.6930768e-02
 -1.5738632e-03
 -5.9740525e-01
 -1.5561172e-01
 -5.1230928e-03
  5.3082383e-03
  2.3133890e-03
  2.6459817e-02
 -4.0694189e-01
  1.2535136e+00
 -3.8284494e-03
  8.5133277e-03
 -5.6889593e-03
 -2.6451424e-04
 -2.2742855e-03
 -6.1969175e-03
  1.0225258e-02
 -4.0184092e-03
  4.9803746e-03
 -8.6467556e-04
 -2.9060416e-04
 -3.6149612e-03
 -9.4418146e-04
 -8.6253779e-03
 -2.9278621e-03
 -1.7419429e-03
 -3.6561382e-03
  3.4975000e-03
 -2.4452459e-03
  8.4859636e-03
  8.9076714e-04
  3.7901131e-03
  2.4657144e-04
 -1.4551487e-03
 -3.2366018e-03
  1.2622064e-03
  3.2079003e-03
 -5.7669114e-03
  7.0054154e-03
  6.4859986e-03
 -1.9158517e-03
  5.2650892e-03
 -5.7426901e-03
 -5.8368611e-04
  3.1764922e-03
  5.2148886e-03
 -1.0581763e-02
  2.4697909e-03
 -8.5455105e-03
 -1.1963851e-01
 -4.5293886e-03
 -6.0038567e-03
 -4.0913180e-02
  1.7297674e-02
 -1.5541446e-02
 -9.3892859e-03
 -4.4615348e-03
 -5.4850213e-02
  4.1695698e-03
 -2.7438279e-02
  2.8058346e-03
 -4.8846090e-03
  4.6593037e-01
  1.4743561e-02
  2.1169266e-02
 -1.4365894e-02
 -4.7634826e-03
 -5.5499636e-03
  8.9001432e-03
 -7.2144326e-03
 -1.1800757e-03
  4.5265461e-04
 -1.0773730e-03
  1.9145048e-03
  2.7614678e-03
 -4.6208114e-03
  3.4166707e-03
 -6.8515777e-03
  2.3089722e-03
  2.1925466e-03
  8.6934818e-03
  1.4919059e-03
  5.3497115e-03
  3.4103051e-02
  1.7323891e-02
  4.3941435e-04
  5.6602899e-03
  1.0850692e+00
 -5.9297914e-03
 -1.2578440e-02
 -3.8881432e-03
 -2.7108279e-03
 -1.4724042e-03
 -1.8115703e-03
 -1.6530087e-03
 -8.0093532e-04
 -8.1168730e-03
 -1.5753347e-02
  1.8827018e-03
 -3.6729916e-03
  3.8986353e-03
 -1.6409438e-02
  9.7531249e-04
 -1.0182583e-02
 -5.8628903e-03
  7.9041664e-03
  6.7730182e-01
 -8.9199448e-01
  2.1283494e-04
 -1.7900156e-03
 -1.5176947e-01
 -4.0157407e-04
  1.5752020e-04
  2.0290462e-02
  5.2283746e-03
 -1.7632611e-01
  5.7469547e-04
  1.5342456e-03
 -2.1901789e-01
 -1.0327994e-02
  1.0842173e-03
 -1.9177441e-03
  4.5109376e-02
 -5.9993397e-02
 -2.2189026e-03
 -1.7074950e-02
 -2.0619228e-03
  8.3831511e-03
  3.9014060e-02
  7.5123804e-03
  5.6830705e-03
 -8.9794407e-03
  8.6354250e-03
 -1.6475196e-03
 -2.4307403e-03
 -1.3283281e-01
  1.0695485e+00
 -5.8873396e-02
  9.4704747e-01
 -6.0405797e-01
  2.4077512e-01
  3.0194712e-01
 -2.2128877e-01
  5.5643462e-02
  2.1544921e-03
  8.5492873e-01
  4.5075782e-02
 -6.5750378e-01
  4.1608605e-01
  4.0187690e-02
  5.0509882e-01
  5.2431347e-03
  6.7703927e-01
 -6.3999033e-01
  1.5189581e-03
  2.8892955e-01
  1.0728151e-02
  9.2444839e-03
 -4.0312403e-01
  1.8279634e-03
 -2.6377922e-01
  1.8574210e-03
  4.5658436e-01
  1.1375107e-01
  7.6724358e-02
  5.7106459e-04
  1.0192851e-02
  4.7310740e-02
  1.2395135e-04
 -5.0395715e-01
  1.7692622e-03
 -1.3448364e-03
  1.9073935e-02
 -1.4976861e-03
 -1.2009287e-03
  6.5197945e-02
  1.0387026e-02
 -9.4424300e-03
  4.5114744e-01
  9.3589695e-03
  1.5652769e-03
  3.5855681e-02
 -1.7011046e-03
 -4.1901495e-04
  1.0942684e-02
  9.2784474e-03
 -4.7401688e-03
  2.2168770e-03
  4.4702124e-03
 -4.7291573e-03
 -3.2244190e-03
 -4.8688921e-01
  9.0448484e-03
 -3.5923980e-02
 -5.6729866e-03
 -1.6667397e-03
 -2.2363416e-03
 -4.3579540e-03
 -1.5434682e-04
  1.7448283e-03
  9.8197740e-03
 -1.0099478e-02
  1.6417494e-02
 -3.6180437e-01
  5.7817466e-04
 -4.3170415e-03
  1.0216191e-03
 -8.8679921e-03
 -9.3755517e-03
 -1.6002776e-03
 -3.3412313e-03
  1.5113292e-03
 -5.1840004e-03
 -2.8603426e-03
  2.5075269e-03
 -2.0161732e-03
 -6.4428907e-04
 -4.1933553e-03
 -8.8616880e-04
  1.8666618e-05
 -4.4708746e-03
  1.1452492e-02
  8.1665622e-04
  9.1025122e-03
 -1.4454770e-02
  1.4017738e-02
  1.8457269e-03
 -1.5982727e-02
 -8.5846605e-03
 -4.5659733e-03
 -3.0377516e-04
 -1.2088628e-03
 -9.8430656e-04
 -2.5233036e-04
 -8.4036887e-03
 -6.7092339e-03
 -8.4371427e-03
  2.6561520e-03
  4.9713568e-04
 -6.4749937e-03
  2.2689265e-03
 -1.1818144e-02
 -1.7223360e-03
  1.2656476e-03
 -2.9387781e-03
 -1.2302700e-03
 -9.2086028e-03
  1.9045726e-03
 -4.3810579e-01
 -3.6505850e-03
  3.3103640e-03
 -7.1907887e-04
  5.1612729e-01
 -5.4473369e-03
 -1.6405889e-03
  2.9992026e-03
 -1.3835488e-01
 -9.4352290e-02
 -2.0439604e-02
  1.2398612e-01
 -8.9365374e-03
 -6.3973077e-02
 -2.1757911e-01
 -9.4776112e-01
 -6.0255500e-03
 -1.1925701e-01
 -2.7624172e-01
 -2.3383670e-01
  2.0585796e-02
  2.1416550e-03
 -1.9518544e-01
 -1.2557053e-02
  3.5214531e-01
  9.7152864e-04
  5.7515153e-03
 -1.9224186e-01
 -2.2288626e-02
 -8.1860222e-02
  4.6063785e-02
  6.5986678e-04
 -6.2689575e-04
  2.8714675e-01
  1.4199570e-03
  2.5556602e-03
 -3.2944961e-03
 -1.1315208e-03
  1.3327809e-02
  1.1731870e-03
  2.2359914e-03
 -3.7948289e-03
  5.7403627e-03
 -1.8749824e-01
 -5.1845838e-03
 -8.6958753e-04
 -2.0790792e-03
  1.2141801e-03
  3.9539573e-04
  1.0004638e-03
 -4.6424372e-03
 -8.9626834e-03
 -5.1003643e-03
 -1.2753678e-03
 -2.2789490e-04
 -2.1834715e-04
 -6.6943495e-03
 -5.1287413e-02
 -2.3503411e-03
 -4.5813547e-04
 -2.5912849e-04
  2.1105891e-04
  5.8579631e-03
 -7.3202529e-05
 -8.2230624e-03
  4.5373519e-05
 -1.0189124e-03
 -8.1722811e-03
  3.3054722e-03
  3.3495431e-03
 -5.3474843e-03
  7.7824681e-03
 -1.5938998e-04
 -3.7956501e-03
 -9.8687010e-03
 -4.9336385e-03
 -4.3419092e-03
  1.0122323e-02
  6.9868602e-03
 -3.5632770e-03
  5.8336306e-04
 -2.2834952e-03
  1.9034249e-03
 -6.9015417e-03
 -1.0908952e-02
 -6.8458649e-03
  5.3486187e-04
  3.9203549e-03
  9.5028421e-03
 -1.6454853e-04
 -6.7352154e-03
 -8.9232735e-02
 -2.2373831e-01
 -2.4784957e-03
 -3.9068591e-03
  3.3668713e-03
 -9.4678171e-04
  4.9427431e-03
 -6.8310066e-03
  1.2119019e-01
  1.2811202e-01
 -4.5090556e-01
 -4.5505236e-03
 -3.1737923e-03
 -3.0009356e-01
 -1.8820453e-01
 -6.7720832e-03
 -3.1227680e-02
  5.0008758e-03
 -5.8939893e-02
 -2.2542223e-02
 -3.3945277e-02
 -7.1582079e-02
  2.1248630e-03
  2.1055062e-01
 -2.7612949e-02
 -1.1805443e-02
 -1.6086863e-01
 -4.3333210e-02
 -1.0335253e-03
  9.1395199e-02
 -5.5423896e-03
  2.2390462e-03
  2.0091566e-03
  4.4512603e-01
 -4.7641937e-03
  2.3012497e-03
  5.5467710e-03
  3.5868967e-03
 -1.5676837e+00
 -6.5760440e-03
 -9.8661728e-02
  1.1442263e-03
 -2.5552690e-03
 -1.9014262e-02
 -2.1186234e-02
 -2.8440277e-03
  2.3174006e-03
 -3.5544594e-03
 -7.4111843e-03
 -1.6279155e-01
  9.8737460e-03
 -1.0556244e-02
 -9.6235750e-03
  2.3127538e-03
 -3.9077951e-03
  2.0229620e-04
 -1.2479097e-02
  4.3073986e-03
 -1.8399801e-02
  1.7309807e-02
 -4.5335572e-03
  3.3965639e-03
  1.9963624e-02
 -4.8109055e-03
 -2.2768031e-03
  8.5349595e-03
 -1.0096956e-02
 -1.1550729e-03
 -1.7140345e-01
 -5.5566983e-04
  4.6238026e-01
 -2.7468691e-03
  3.0186570e-01
 -4.4803771e-01
  3.4935342e-03
 -8.1680911e-03
  2.7650567e-03
 -7.7781370e-03
 -4.3640211e-01
  1.8020803e-03
 -5.1535708e-03
 -7.2952718e-03
 -6.3427113e-04
 -1.8033175e-01
 -1.4115258e-01
  6.7805038e-03
 -6.2102947e-04
 -1.4597594e-02
  1.7171041e-03
  7.3632802e-04
  1.7783367e-03
 -4.6364609e-03
  8.3002099e-04
  2.3983214e-03
 -2.5273166e-03
 -3.2098859e-03
 -7.1785372e-01
 -6.2117213e-01
 -1.5378208e-01
  5.8821812e-02
 -1.3686080e-01
 -3.7756190e-03
 -7.6003405e-03
  2.6400229e-01
 -1.9352278e-01
 -3.5024208e-01
 -4.9908328e-01
 -1.8276908e-01
  3.2780796e-01
 -3.6447790e-02
 -5.9000921e-01
 -4.8199698e-01
 -4.1886181e-01
 -8.6901635e-01
  1.4120103e-01
 -8.1600863e-03
 -2.7239242e-01
 -1.5398811e-01
  2.1448171e-02
  1.8352427e-01
  7.8056497e-03
  6.7232400e-02
  1.4481752e-02
  1.0122287e-01
  4.1062888e-02
 -8.1453845e-03
 -6.2592234e-03
  4.6548094e-03
  8.6510903e-01
 -6.2481081e-01
 -2.0712871e-02
 -1.3690877e-03
 -4.4816497e-04
 -1.0393022e-02
  5.1333620e-03
 -4.9033212e-03
 -5.6430702e-03
  1.2844179e-03
  1.0275864e-03
  5.3410279e-03
 -2.2388087e-03
 -3.8613938e-03
 -4.0002591e-03
  9.4390586e-02
  7.5602662e-03
  7.8567900e-03
 -1.4800425e-02
  9.4262511e-04
  6.0041907e-04
  4.1189961e-04
  1.3032833e-03
  1.1973210e-02
 -4.6171126e-04
  2.0032484e-02
 -7.4445815e-03
  2.0713633e-02
  2.1998778e-02
  3.1729561e-01
  1.0564126e+00
 -2.5473735e-01
 -1.0664274e+00
  7.0129722e-02
  3.0274857e-02
  8.8701926e-02
 -2.5821825e-02
  2.7035331e-02
  3.0915032e-04
 -5.3382814e-03
  1.3956562e-01
  4.4293832e-03
  5.1360675e-03
  1.1202729e-01
  6.0101589e-03
 -1.0090184e-02
 -1.6030601e-01
 -2.6765452e-03
  8.5618645e-03
  1.1592377e-03
  5.2767261e-03
 -1.1281234e-01
 -3.5288529e-03
 -3.6351914e-03
 -9.9918968e-04
  1.2813553e-03
 -3.7890688e-02
 -2.3887410e-04
 -2.2897935e-04
 -3.9651725e-02
 -9.7042680e-01
  4.8817036e-01
  4.2791194e-01
  1.0099547e-03
  1.2534834e-02
  9.9605490e-03
  6.7181341e-02
  7.8040375e-03
  6.3205250e-02
 -6.3235261e-02
 -2.2314490e-04
 -3.4056075e-02
  7.2857542e-03
  1.0605174e-02
  2.9551531e-03
  4.2674744e-01
 -5.6589241e-03
 -1.6512932e-03
  2.3345437e-02
  7.7002484e-01
 -4.6451194e-03
 -7.1467380e-03
 -5.6096320e-03
 -2.2982568e-02
  3.3399528e-03
  2.4098293e-03
 -2.5909124e-03
 -6.6210004e-03
  1.6955596e-03
  4.5279717e-01
 -1.0202653e+00
  6.3906473e-01
  1.7374124e-02
 -2.2162246e-03
  1.5994212e-01
  3.7391132e-01
  4.0023420e-03
 -2.9146776e-03
 -8.3457604e-03
  2.2559941e-03
  8.1578171e-01
 -5.7553081e-04
  2.1177838e-03
  1.1755412e-03
  3.7386825e-03
  3.3314610e-01
  2.7635297e-01
  2.7051377e-03
  6.0829595e-03
  5.0572911e-03
  2.9985642e-03
 -6.7884319e-02
 -2.2728106e-03
  6.6129804e-05
 -2.6441037e-03
 -1.0924673e-02
  1.8958031e-03
  5.7677364e-05
 -2.5337227e-02
 -2.6897455e-03
  9.5087147e-01
  1.2630838e-03
 -5.4603785e-01
  5.5600232e-03
 -4.4780094e-03
  9.3789882e-04
 -1.8667337e-04
 -1.1792348e-02
  1.4303254e-01
 -5.3352118e-03
  1.1682638e-02
 -6.8482826e-03
  2.2836733e-03
  5.6838053e-03
 -9.4592951e-02
 -2.2023025e-03
 -4.3747961e-03
 -5.1281154e-03
 -7.4928617e-03
  6.8208453e-04
  3.3130760e-03
 -5.3686439e-04
 -2.9983237e-01
  3.6337606e-03
  5.0932607e-03
  7.8926735e-02
 -3.3567252e-03
 -1.3769773e-03
  6.3624140e-03
  1.6553211e-01
 -8.8957706e-03
  9.8609306e-02
 -1.2363485e+00
  7.7957585e-02
  6.2930472e-03
 -4.1738241e-03
 -1.0036985e-02
  4.6935016e-03
  1.9264910e-02
  1.9631025e-03
  2.2432877e-02
  7.6548785e-02
  2.1596562e-02
 -4.1983690e-04
 -1.2489440e-03
 -2.0769988e-03
 -2.5146237e-01
  5.8848034e-03
  1.9813369e-03
 -1.7837578e-03
  7.3959463e-04
 -2.9233428e-02
  8.9672062e-04
  4.7194454e-01
 -7.3983491e-04
 -4.5112513e-02
  1.4180769e-03
 -3.0560049e-04
  3.0592207e-03
 -9.5593922e-02
  1.5458985e-01
 -1.5734449e-01
  6.0172313e-01
 -7.3622732e-04
 -5.1825662e-04
 -4.7146878e-03
 -3.1045848e-01
 -7.3268004e-03
  5.7688649e-05
  2.8751129e-03
 -1.8709496e-01
  1.9026564e-01
  1.6090039e-03
 -1.9716222e-02
 -2.7122287e-04
  6.6954547e-01
 -1.1621069e-03
  1.6489386e-03
  2.0547842e-03
 -7.7590249e-02
  1.3855281e-03
  9.0761976e-03
 -2.5317094e-03
  9.6170623e-03
  1.0697098e-02
  4.1717780e-03
 -5.3549977e-03
  3.4196833e-03
  7.8855705e-04
  1.7144464e-01
  5.9467810e-01
  1.6878076e-01
 -7.9173243e-01
  2.8636748e-01
  1.3786440e-01
  2.3277511e-01
  1.1791024e-02
 -2.5993413e-03
  4.6586967e-01
  1.3938046e-01
 -1.5476602e-01
  1.9614924e-02
  1.0045598e-01
  9.4812727e-01
  8.5683785e-02
 -2.5604326e-01
 -4.5890358e-01
  4.0521137e-02
  1.7057186e-01
  3.2529190e-02
  2.1864817e-02
 -5.2956378e-01
  5.9201000e-03
 -1.8952020e-01
  6.7584432e-04
  9.5295208e-03
  7.3430879e-04
 -4.8410222e-03
  8.1551140e-03
 -3.6899995e-02
  1.7441125e-01
  5.1624522e-02
 -4.1384380e-02
 -1.6477326e-04
 -2.0537436e-02
  7.5511500e-02
 -9.3196370e-02
 -5.3103786e-04
 -6.9981992e-02
 -4.0720578e-04
 -2.6892792e-02
  3.8644988e-03
 -4.8054807e-02
  2.8265934e-03
 -3.7841888e-03
  1.0562477e-01
 -2.2090929e-02
 -7.8561138e-03
 -1.4461014e-01
 -1.1621768e-02
 -9.9961615e-01
  6.3793786e-02
  3.7121833e-03
 -5.1208637e-03
 -5.4124692e-03
  2.4676970e-03
  1.3172461e-03
 -3.8001509e-04
  1.0134096e-01
 -2.1185404e-01
  2.0952795e-01
 -7.1177202e-01
 -2.4663454e-01
 -4.9697575e-01
 -3.3444744e-01
 -1.9936483e-01
 -1.4344431e-01
 -5.4159112e-02
  2.9126960e-01
 -3.3646840e-01
 -8.0195844e-01
  1.1966596e-01
 -5.0396705e-01
 -1.4215893e-01
 -4.9332857e-01
 -2.8053385e-03
  2.9263526e-01
  1.4677682e-02
 -6.2259030e-01
 -1.9895075e-01
 -1.1801571e-01
  8.4575996e-02
  1.1229036e-02
  8.7713130e-04
  1.4383783e-02
 -1.0043842e-01
 -9.8599726e-03
  9.3791581e-04
 -4.2711576e-03
  2.2112353e-04
  4.1428186e-02
  1.3337454e-02
  3.5701669e-04
 -6.2473450e-04
 -1.0965316e-02
 -9.9655605e-05
  7.7414140e-03
 -2.6516088e-03
 -6.4472924e-03
  5.7751630e-03
 -2.6439559e-03
  4.8311786e-03
  2.1930502e-03
  4.7626137e-03
  1.5890081e-03
  3.7770672e-03
 -8.0566434e-04
  4.8747216e-03
 -3.3068690e-02
  2.8492485e-03
 -2.8349939e-03
 -7.8784587e-04
  2.9193952e-03
  3.0104429e-03
  3.0748190e-03
 -8.5730804e-05
  1.0478729e-03
  6.0549653e-03
  1.1743346e-03
  1.0818519e-01
 -1.0900481e-02
  6.4391322e-02
 -1.3045275e-03
  1.0643804e-02
 -8.1668459e-03
  1.1451033e-01
 -5.8110352e-03
 -4.7749900e-03
  1.3397770e-02
 -1.3241334e-03
  4.7060843e-03
  1.1528295e-02
  8.7333927e-03
  4.9678027e-03
  5.5941414e-02
 -2.5897142e-01
 -3.3799888e-04
 -2.8654637e-03
  6.2326691e-03
 -4.0699220e-03
  6.4362641e-05
 -2.1436797e-03
 -1.7205771e-03
 -1.1246463e-03
  2.5592998e-03
  3.4678103e-03
 -4.1234330e-03
 -8.3069969e-03
  1.1229465e-03
 -5.3224126e-03
  3.8545424e-04
  2.2226007e-04
 -1.3992066e-03
  1.1692496e-02
 -4.6689548e-03
 -1.7476822e-03
  1.3546159e-02
 -8.0105977e-04
  9.8562110e-03
  1.8747583e-02
 -5.7851975e-03
  1.3183529e-02
  5.7555842e-03
 -2.4110372e-03
 -3.2466878e-03
  6.6370866e-03
 -1.0015185e-02
 -3.3786877e-03
 -1.9712078e-03
 -1.9604110e-03
  3.9360607e-03
  6.2464578e-03
 -2.6515573e-03
  1.4019186e-02
  1.5551030e-03
 -3.1341636e-03
  1.2093730e-03
 -5.1320093e-03
 -4.5478926e-03
  1.3318050e-03
 -6.2603657e-03
  7.3771956e-03
 -4.4166859e-02
  2.0753460e-03
  6.7527197e-02
 -1.3769956e+00
 -4.4976827e-03
 -4.8818294e-02
  4.6374304e-03
 -1.2035072e-02
  3.5009428e-03
 -5.6990862e-01
 -8.1568308e-02
 -2.3767493e+00
  1.3027769e-01
  6.8110926e-03
  1.8367185e-01
  1.7119348e-01
 -1.4394211e+00
  3.3355528e-03
 -2.7276701e-01
  1.3141768e+00
  1.2826944e-02
 -2.0346552e-01
 -1.2410253e+00
  7.3135906e-04
 -2.8266137e-02
 -4.6494012e-03
 -1.5881024e-01
  3.7718454e-01
  3.6180089e-03
 -1.7828053e-01
  1.4204310e-02
 -2.6484632e-01
  3.0662400e-01
  9.9024504e-02
 -1.7196393e-02
  4.8437985e-03
 -2.5682890e-01
  1.1499305e-04
  2.0695919e-02
 -2.3637977e-01
 -1.6301002e-01
 -9.6377993e-01
 -9.3765330e-01
 -1.5604089e-01
  3.3127466e-01
  2.1224135e-01
  2.4771395e-01
  6.3923314e-02
  6.9904292e-01
 -8.0239147e-02
  4.9612641e-01
 -3.3731380e-01
 -8.0371219e-01
  4.5413416e-02
  1.4535333e-01
  1.5596430e-02
  1.7064435e-02
 -1.0597677e+00
  7.6871507e-02
 -4.9159002e-01
  7.2522187e-01
 -4.1500586e-03
 -4.9880851e-02
  4.7693979e-02
  3.2908723e-02
  5.2757151e-02
 -3.1184065e-01
  2.6033920e-01
  5.5156764e-02
  2.8781940e-03
  3.3065572e-02
 -3.9735232e-03
  4.8390128e-05
  4.1876089e-02
  4.2622948e-01
  9.2104739e-03
 -3.4174637e-03
 -8.9780390e-03
 -5.2480062e-04
  8.8767819e-02
  1.6846504e-03
  6.0649570e-03
  1.7169426e-01
 -3.4501856e-05
 -3.7903101e-03
  2.2545597e-03
 -7.2483104e-01
  1.6837536e+00
  1.3678564e+00
  4.0208340e-01
 -5.7813960e-01
 -1.1088237e-01
 -1.3563006e+00
  1.5534818e-01
  2.1502572e-01
  2.3087975e-01
 -1.4560615e-01
 -8.8254231e-01
  2.9654279e-01
  6.7984676e-01
  1.9459528e-01
  3.1810585e-01
 -1.5068763e-01
  4.8468003e-01
 -2.1643050e-01
  8.2161389e-02
  2.4249451e-01
 -1.6739141e-02
  7.4039735e-03
  2.1438929e-01
 -1.9218693e-02
  8.9674187e-04
  2.6657632e-01
 -2.0192906e-03
 -4.4586524e-02
  1.8677789e-04
 -1.3409409e-02
  2.1261850e-03
  2.6540154e-01
 -7.3551305e-04
 -2.0775753e-01
  5.7747988e-03
  1.2177287e-03
 -1.1679495e-03
  1.9528762e-01
  1.7565843e-02
  8.2654664e-03
 -8.3828793e-04
 -3.8687545e-03
 -1.1752179e+00
 -7.8278221e-03
  1.0501484e-02
  2.6962745e-03
  1.8432525e-03
  4.5747985e-03
  1.3044986e-02
 -2.1772764e-03
 -8.2583325e-03
 -1.4574531e-03
 -1.8292380e-04
 -1.8702464e-03
 -1.1001065e-03
  2.9549769e-03
 -5.6562950e-03
  1.6533764e-04
 -8.5090304e-04
 -8.8384207e-03
 -9.6136212e-02
 -3.7361819e-03
  3.1873453e-03
 -1.9762999e-01
 -3.9502205e-03
  6.1149808e-04
 -5.4576579e-03
 -8.9642601e-03
 -3.8183497e-03
  3.0808977e-03
  4.3456685e-03
  1.5497420e-03
  5.1941900e-03
  5.3469377e-04
  5.4883207e-03
  7.8352755e-03
  2.1775567e-03
 -5.8772699e-03
 -8.2781175e-03
  6.0798293e-03
 -1.8839768e-04
  2.0256974e-03
  6.9836900e-03
  6.4852550e-03
  3.4045361e-02
  2.7618244e-01
 -9.8341261e-05
 -1.2683215e-03
  3.9480935e-04
 -2.0813051e-01
 -5.1641649e-01
  2.2121463e+00
  1.1013728e+00
 -3.3906186e-01
  8.6640863e-04
 -3.9159006e-01
  1.3256046e-01
  3.0297798e-03
  1.0913265e-01
 -3.7796915e-01
  9.2927692e-04
  2.0418016e-02
  2.6604251e-03
  5.8669233e-01
 -8.8578689e-01
  9.3093783e-02
  1.6962733e-02
  4.0846857e-01
  1.2411475e-03
  2.9972494e-01
 -3.5391442e-02
  1.1541233e-03
  2.1587349e-02
 -3.8481553e-03
  6.4610313e-03
  2.0457948e-02
  4.6135318e-03
 -3.9916630e-03
  9.0253382e-04
  6.1261386e-01
 -1.1301454e+00
 -1.4505832e+00
 -4.4910234e-01
  1.9357297e+00
  4.9980232e-03
  1.2736306e-01
 -2.3602487e-01
 -5.6334371e-03
 -9.4791174e-01
  5.1254898e-02
  2.5418637e-02
 -2.3846927e-01
  2.3266647e-03
 -1.7656241e-01
  1.6924813e-02
 -1.0903171e-01
 -2.8218856e-01
 -4.3368274e-01
  1.0424047e-03
 -1.2695593e-03
  7.3369341e-03
  1.4114843e-02
 -1.6606040e-01
  5.7348977e-03
  2.9386147e-03
 -5.2760253e-03
  1.6219584e-02
 -1.1771711e-01
  1.6511431e-01
  9.6963651e-02
 -1.0746889e+00
  6.2810558e-01
  5.8760732e-01
  6.5795904e-01
  3.8717106e-01
 -7.5697011e-01
  3.2680240e-01
 -4.1396718e-04
 -3.9510136e-03
 -2.1543755e-01
  2.1248795e-01
  3.8393986e-01
 -1.0840869e-02
  4.4600151e-02
 -1.7424077e-01
  1.0779931e-01
  6.8097854e-01
  5.7191048e-02
  1.4920079e-04
 -6.8881467e-02
  2.9737968e+00
  1.8555759e-03
  4.6196643e-02
 -2.2724317e-03
 -1.5075400e-02
 -9.8888129e-03
 -2.9321811e-03
 -1.6407479e-03
  2.2207967e-03
 -3.7081868e-03
  3.7572929e-03
  2.5198131e-03
 -6.4112293e-04
  4.3946924e-03
  7.3270439e-03
  6.4905894e-06
  5.5544265e-03
  7.9329060e-03
 -2.6475412e-03
  4.9595763e-03
 -5.3018983e-03
 -7.8150937e-03
  7.9978770e-03
  3.5619463e-03
  1.6727747e-02
  9.1278562e-03
 -7.2288483e-02
 -2.2058306e-02
  1.2026370e-02
  3.8652960e-03
 -1.3612427e-03
 -3.9380756e-03
  2.1454063e-03
 -2.3595893e-03
  8.0393639e-04
 -1.5107121e-02
  5.4149390e-03
  1.1739028e-03
 -8.9816833e-03
 -1.6143465e-01
 -5.3593153e-03
  3.1506973e-03
 -3.2887828e-01
 -8.1731930e-02
  6.2519778e-03
 -1.9857650e-01
  3.7385562e-01
  5.5156030e-02
  2.2751335e-02
 -6.7680900e-05
 -6.6334475e-03
  1.8900006e-04
  1.6000830e-02
  3.5995604e-03
 -4.7650054e-02
  4.2752153e-03
  1.9323418e+00
  5.8091834e-02
  1.4786265e-03
 -4.0221727e-03
 -1.9216819e-03
 -2.3387650e-03
  1.1541108e-02
 -7.3850919e-03
  2.6259623e-03
 -1.4867239e-03
 -2.3659379e-03
  3.4668036e-03
 -2.5415915e-04
 -1.3755399e-01
  1.5287510e-02
  9.4758216e-03
  6.9017135e-02
 -2.2817330e-01
 -2.7376163e-04
 -5.3862291e-03
  7.3358201e-04
  4.0971818e-03
  1.3267455e-03
  5.1400200e-03
 -4.3285955e-04
  8.6758245e-04
  8.4008342e-03
  4.1458695e-03
 -1.7883760e-03
  2.1758538e-02
  7.2646036e-04
  9.4717257e-03
  4.1915076e-03
 -3.9233039e-03
 -4.9246037e-03
  2.2306030e-03
  2.7269854e-03
 -2.4706707e-03
 -1.4191667e-04
  2.8088473e-02
 -8.8657573e-02
  6.3426876e-03
  1.5552370e-03
 -2.2884477e-03
 -3.6549525e-04
  3.3057549e-03
 -2.8596111e-03
 -4.5846649e-03
  9.7420653e-03
  3.4504549e-03
 -4.1793445e-03
  4.7800345e-03
  1.0876141e-03
 -9.2311678e-03
  6.6644773e-03
  2.1023541e-03
  1.7577811e-01
 -4.0633010e-04
 -8.0777165e-03
  3.9795954e-03
  6.1478611e-04
  3.7477422e-03
  1.3698101e-03
 -1.6727347e-02
 -4.5074183e-03
 -1.1854656e-03
  3.5072209e-03
  4.9305498e-03
  4.9990765e-03
  1.3993596e-02
  6.4125828e-02
 -3.7296230e-04
  1.3646298e-03
  3.6455080e-01
 -4.3617620e-04
  1.5372126e-01
 -9.4106004e-02
  3.3482915e-01
  1.0191656e-02
  2.5011979e-03
 -6.2635720e-02
 -1.8313911e-03
 -2.3120424e-01
  6.2044825e-02
 -1.1755069e-02
 -2.9594980e-02
 -9.3531549e-02
 -4.5513589e-02
  4.3836161e-01
  1.0660077e+00
 -1.1090884e-01
 -7.5180046e-02
 -4.4713113e-02
 -6.4983015e-04
 -2.4958593e-03
 -1.2193681e-03
 -8.0674589e-02
 -1.4487164e-02
 -3.2616633e-03
 -2.6709599e-02
  6.9464464e-03
 -1.1531197e-03
  4.8489934e-03
 -6.1456114e-03
  4.5432919e-03
  4.6394154e-02
 -7.3280855e-04
  4.1571428e-04
 -2.7028930e-03
 -2.8938875e-03
  1.5302437e-03
  3.9516576e-02
  1.2482418e-04
  1.6968244e-05
  7.1572445e-02
  9.5599238e-03
 -1.2776666e-02
  6.3519124e-03
 -1.0957359e-03
  3.3493764e-03
  3.8278516e-02
  5.2211672e-04
 -2.4767175e-02
  4.1695284e-03
 -1.7615321e-01
  1.4581236e-03
 -4.5205820e-03
  4.4496111e-03
  1.5243816e-03
 -1.8110885e-03
  2.9772178e-03
 -3.4355238e-04
 -1.2906126e-03
  2.5241533e-01
 -2.2458491e+00
 -1.3633157e+00
  6.7184234e-01
  5.8362991e-01
 -2.2520797e-01
  1.6462922e-02
  3.1512901e-01
  3.0805734e-01
 -4.8956559e-03
 -6.1331230e-01
  5.7218397e-01
  3.0529991e-01
 -1.9079768e-03
  6.7757652e-04
 -5.0267857e-01
  5.4985392e-01
 -3.4662421e-04
 -7.5785615e-03
 -3.5992423e-03
  7.6903284e-02
 -4.2840689e-03
  4.0734750e-03
  4.3496524e-04
  1.0373825e-03
 -1.5368129e-03
 -1.9833198e-01
 -8.1812674e-03
 -2.9268771e-04
  4.7388449e-03
  7.2272813e-01
 -8.1931818e-03
 -2.5880301e-02
 -4.1090064e-02
  5.4449034e-01
  4.8867497e-03
  3.0875427e-01
 -1.3424075e-01
 -2.2947229e-02
 -5.1281590e-02
  1.2269278e-02
 -2.4001285e-02
 -2.2234481e-02
  5.7071291e-02
 -6.5751798e-02
  8.4140003e-03
 -4.7886085e-02
 -3.0943137e-02
 -1.9341873e-01
 -1.0452507e-02
 -4.4362057e-02
  3.9757704e-03
  2.3650138e-03
 -6.9052972e-02
  2.6669372e-03
 -5.1911557e-05
  1.9627911e+00
  1.0787230e-02
 -7.6315100e-03
  7.1656895e-03
 -1.0565097e-02
  4.3617337e-04
  6.9387718e-03
 -8.3428947e-04
 -2.5754793e-02
 -1.9790973e-03
 -2.0992893e-03
  5.4159611e-03
  1.0318389e-02
  6.3287178e-03
 -4.0687290e-03
 -1.2178941e-03
 -1.2016610e-03
  1.1812162e-01
  2.3633628e-03
 -6.2247366e-03
  3.2424578e-03
  3.8656718e-04
  5.5362927e-03
 -9.3463015e-05
  6.1546629e-03
  1.7466553e-03
  2.6273428e-04
  2.9791385e-04
 -3.3616857e-03
 -1.9431603e-04
  8.1895123e-04
 -7.1250075e-03
 -6.8869716e-03
  1.7997895e-03
  3.6361734e-03
 -2.7685545e-03
 -2.4285357e-02
  3.2537926e-03
  2.4481546e-03
 -1.5289102e-01
 -1.3725736e-02
 -4.3292396e-04
  2.8893258e-03
 -2.8695704e-03
  5.4027205e-03
 -3.7621842e-03
  1.5843546e-03
 -5.1664640e-03
  6.4339289e-03
  2.0658155e-03
 -9.5335464e-04
 -4.7656571e-04
 -4.9823914e-03
  6.5938020e-03
  1.3810647e-02
 -1.2593693e-03
 -1.3474931e-03
 -9.5998915e-04
 -3.2277929e-03
  1.0270688e-03
  1.1488655e-02
  4.1510249e-03
  8.4585175e-03
 -9.3643982e-03
 -9.7233346e-03
 -5.9997020e-03
  1.8957140e-03
  5.5881768e-01
 -3.4008561e-05
 -4.8198812e-03
  2.8555284e-03
  8.9828912e-03
 -4.1217729e-03
 -7.1722530e-03
 -5.3096248e-04
  9.1967117e-03
  4.0161790e-04
  3.7566898e-03
 -3.4017875e-03
  4.4385523e-01
  1.6630106e-02
  3.1687113e-04
 -1.2131769e-03
 -4.1513490e-03
  4.2759613e-03
  8.6665816e-05
 -1.9308233e-03
 -3.5046607e-03
  8.2147844e-06
 -2.6974346e-02
 -6.3626594e-03
  5.3386862e-04
 -2.2692378e-03
 -3.9860709e-03
  4.3855217e-01
 -7.5710571e-01
 -5.2700472e-01
 -1.0865334e+00
  1.1653872e+00
  5.0519675e-02
  4.9512446e-01
 -8.8287747e-01
 -6.5207586e-02
 -9.4724011e-01
  3.8620126e-01
 -6.0215008e-01
 -4.4941822e-01
  1.7528394e-03
 -5.4872197e-01
  5.9574622e-01
 -1.6118200e-01
 -5.3094190e-01
 -2.4669743e-01
 -2.9378262e-01
  1.1330174e+00
  1.0040257e-01
 -2.1750724e-02
 -7.0830470e-01
  3.3326834e-02
  1.1415118e-02
 -9.7657457e-02
 -2.3991121e-03
  5.6146299e-03
 -3.1904404e-03
 -7.6900744e-01
 -2.1978390e-01
 -9.0907449e-01
  2.8154528e-01
  8.9364402e-02
 -2.6481214e-03
 -8.9028124e-03
  1.4193080e-01
  3.9678570e-03
  2.5196576e-03
  6.8110223e-03
  5.4229307e-03
  8.3445990e-03
 -2.7704085e-03
  6.1652634e-02
 -7.0415125e-03
  2.3714866e-01
  7.2226096e-03
 -9.0888947e-01
 -2.9866442e-03
  1.0953556e-02
 -5.8410703e-03
 -8.7383641e-03
  8.7702759e-03
 -4.7040861e-03
 -8.9470958e-03
  1.8439837e-02
  3.2809499e-04
  1.4489206e-03
 -4.4839932e-03
  3.5424241e-01
 -2.2796623e-01
  2.2525613e-01
 -4.9856991e-01
  5.3473794e-01
  2.3365895e-01
  3.4907591e-01
 -6.5307349e-02
 -3.7836684e-03
 -9.4834335e-02
 -1.0139021e-01
 -9.2543215e-03
 -7.7189729e-02
  2.0763155e-03
 -1.1239560e-02
  7.8368679e-02
 -2.8735809e-02
 -5.1588211e-02
  1.1387540e-01
 -2.1652820e-02
  1.8120889e-02
  3.6311578e-02
  6.6464338e-03
 -1.9993458e-02
  2.2076254e-03
  4.1043232e-04
 -3.2357771e-02
 -5.7361304e-04
  1.0532911e-02
 -6.4931070e-03
  1.6189341e-03
  4.3380447e-03
  1.7296500e-03
 -1.6397922e-03
  3.9028120e-04
  4.7906470e-03
 -2.2173708e-03
 -1.8645646e-03
 -3.7718744e-03
 -9.3233812e-04
  4.8346575e-03
 -2.3843556e-04
  2.8172911e-03
 -2.6351002e-01
  2.8572702e-03
 -2.3546459e-03
  5.7603384e-04
  7.6695961e-01
 -1.0584114e-03
 -1.0159112e-02
 -1.6156181e-03
 -5.7651936e-03
  4.4596288e-02
  7.0178104e-03
  5.9167119e-03
 -3.3591709e-03
 -4.2466833e-03
  5.1973043e-03
 -1.1028279e-02
 -1.6277585e-02
 -2.5944605e-01
 -4.4577724e-01
 -1.2336313e+00
  2.8547494e+00
  1.4946175e-01
 -4.0044057e-01
  2.7258480e-01
  2.3158632e-01
 -2.7040672e-01
  5.3493911e-03
 -5.2276105e-01
  2.5831968e-01
  2.8480297e-01
 -5.3134596e-01
 -6.6550806e-02
 -4.4749877e-01
  5.0888741e-01
  1.1603278e-02
 -9.2345983e-02
  5.3072507e-03
 -2.3639905e-01
 -1.3573743e-01
  1.0504762e-02
 -1.7733371e-02
 -1.9360649e-03
 -1.1163820e-01
 -2.5086206e-01
  1.3688571e-03
  8.3806866e-04
 -3.4383463e-03
  7.8269017e-01
 -2.6654050e-01
  4.2121977e-01
  3.1609720e-01
 -4.8490009e-01
  1.1217114e-01
 -3.1602908e-02
  2.6136691e-02
  8.4402949e-02
  9.2260525e-02
 -8.9056194e-03
 -3.1841200e-02
  1.7364934e-02
  7.6182154e-03
  2.4444351e-03
  4.7506344e-01
  1.1002555e-02
  3.9203770e-02
  1.6006930e-01
  3.2876881e-03
  1.0022341e+00
 -1.5286616e-03
  7.1753883e-03
  3.5669935e-01
 -6.2198243e-03
 -4.1806893e-06
  1.4735536e-01
 -4.2450484e-03
 -1.0390162e-02
  3.4577474e-03
 -6.0591865e-02
  5.0772005e-03
  2.4724176e-02
  3.1912359e-03
 -2.2517353e-02
 -3.5423045e-03
 -2.5645697e-03
  1.2306600e+00
 -1.9229729e-04
  1.8265467e-02
 -2.3861828e-03
  3.7487847e-04
 -5.0095958e-04
  5.4570085e-01
  1.5628968e-04
 -7.9203574e-03
  1.1913596e-01
 -5.7141227e-03
  2.8095270e-02
 -3.7396511e-03
 -2.0325102e-01
 -7.0423256e-03
  1.1643899e-02
  1.9359531e-02
 -4.7008861e-03
 -7.6797271e-01
  2.7653817e-03
 -2.9322784e-03
 -3.2835584e-03
 -5.1254877e-03
 -8.2461971e-01
  1.4881259e+00
 -5.4840451e-01
 -2.0333223e+00
  5.0125289e-01
 -4.1000030e-04
 -2.2243419e-01
 -6.6591375e-02
  1.6459240e-01
  1.4263567e-01
  1.1223055e+00
 -2.0473346e-01
 -3.1891603e-03
  3.9796326e-03
 -1.7937463e-03
  5.9745532e-01
 -4.8829570e-01
 -8.3890082e-03
  8.6373985e-03
  1.8715602e-03
  2.9928270e-03
  1.3329915e-03
 -6.7479829e-03
 -1.0580389e-03
 -7.7029113e-03
 -1.1435190e-02
  4.0696185e-02
  4.1663265e-03
  2.5100571e-03
 -1.4004399e-01
  4.7368705e-02
 -1.8952401e-02
 -1.3355604e-01
 -5.9091221e-03
  6.9070369e-02
 -3.3833514e-04
  2.8833628e-03
  2.4438591e-03
  9.8174345e-04
  4.2330828e-01
  3.1508282e-01
  5.8914064e-03
 -6.4996791e-01
 -7.4697053e-03
 -4.6761224e-01
  2.8342777e-03
  1.6387983e-03
 -1.6788129e-03
  7.4477174e-04
  1.3883123e-03
 -7.1671844e-04
 -3.3117956e-01
 -1.0194629e+00
 -4.8157698e-03
  4.3903203e-03
 -7.2379619e-02
 -1.0852631e-03
 -4.0368862e-03
 -1.3187245e+00
 -2.5287170e-02
 -1.1811406e-01
  1.3625534e-01
  3.4086350e-03
  1.6989809e-01
  7.4561930e-01
 -3.3769989e-03
 -3.8454860e-02
  1.2091802e-02
  1.5630858e-02
  2.5590479e-02
  9.1375352e-04
  6.4286980e-04
 -6.2850253e-03
  3.0345984e-03
 -1.4120563e-03
  1.4427349e-03
  2.4050584e-03
  1.3884888e-03
 -5.8454473e-04
 -2.9609906e-02
 -4.7003448e-02
 -3.4617682e-03
 -1.3272157e-03
  1.6453442e-03
  1.6604527e-03
 -1.4269939e-02
  3.7058324e-03
  1.1318985e-03
 -1.3574686e-02
 -1.1035680e-03
 -1.2498880e-04
  8.5224700e-01
  3.8405852e-03
  2.0972493e-03
 -3.7228013e-03
 -9.5363508e-04
  6.3038602e-02
 -6.8602697e-03
  1.1090131e-02
 -1.4712819e-03
  1.3631892e-03
  1.8232729e-03
 -3.9998642e-03
  6.9633350e-03
  2.4434720e-04
 -5.4946886e-03
 -1.1988480e-02
  6.7733490e-04
  4.0689893e-03
  3.9007852e-03
 -2.7575705e-03
  1.3150201e-04
  3.6471161e-01
 -1.4385668e-03
 -1.5138811e-03
  1.6111602e+00
 -2.8760530e-04
 -3.0556542e-03
  2.0730842e-03
 -1.8406501e-02
 -1.2303256e-02
  4.0227715e-03
  3.4945630e-03
 -3.6413810e-01
  2.7989775e-01
 -1.5149995e-03
 -3.3871494e-03
 -2.9499438e-03
  4.1108704e-03
  7.5489087e-03
 -4.4669649e-03
  4.1941716e-03
  1.8936018e-02
 -1.1010938e-03
 -2.1095462e-02
  1.0969548e-02
 -1.0918169e-01
  3.7998196e-03
 -4.2303638e-03
 -2.2958979e-04
 -3.7656173e-03
  1.9693398e-03
  4.9090781e-03
  6.2298528e-03
  3.9142091e-03
 -2.4471647e-04
  2.6896151e-03
  1.3715470e-03
  1.1084113e-04
  2.4728891e-03
 -3.9372206e-01
 -2.0165038e+00
 -3.3466935e-02
 -3.6230307e-02
 -1.4868805e+00
  7.5630069e-01
  8.1412904e-02
  5.7868246e-02
 -4.3532345e-03
 -3.5204808e-03
  8.9841895e-04
 -6.9225011e-03
 -1.9634627e-03
  7.8426695e-01
 -8.4836455e-03
 -2.7829984e-03
  1.8548071e-03
 -8.6016250e-01
  2.2088887e-01
  2.2184746e-01
  5.9812412e-02
 -1.9021110e-04
  8.5701328e-03
  8.2412228e-02
 -3.0606850e-03
 -5.0420898e-01
  1.8349621e-03
 -4.1797585e-03
 -4.7596707e-03
 -3.0191506e-03
  5.8852971e-01
  1.0431260e+00
  1.1460256e-01
  1.0344272e-02
  5.4270017e-01
 -5.8838749e-01
  6.0305846e-01
  2.3737308e-03
  3.5090214e-01
  2.0890699e-01
 -8.8568468e-06
 -4.3907410e-01
  8.1219994e-02
 -1.6713920e+00
 -4.8537737e-01
  1.0105592e-01
 -2.1510506e-03
 -6.4948812e-02
 -1.0324047e+00
  3.6731473e-01
 -7.1723390e-01
  4.2680569e-02
 -8.6799574e-01
  1.3928267e+00
  2.0157613e-01
  6.1382014e-01
 -2.8287110e-01
  3.3332092e-01
  3.5300273e-02
 -4.7687642e-02
 -6.9985986e-03
  1.1737570e-03
  2.9579699e-03
  1.8547934e-04
  2.4735768e-05
  1.1796255e-01
  1.6139422e-03
  5.6643346e-03
 -5.3105308e-03
  8.3671848e-04
  6.9198264e-03
 -3.5527109e-03
 -1.9894330e-01
  1.5733024e-01
 -3.6239559e-03
  5.5287061e-03
  1.1829155e-02
  8.0453680e-04
 -7.0048911e-05
 -9.8599531e-03
 -1.5720332e-03
  2.9493603e-03
 -2.6438171e-03
 -1.3111166e-03
  1.1765665e-02
 -1.0139082e-01
  1.6213045e-03
 -1.4041266e-03
 -3.0227448e-03
 -4.5790621e-03
  7.9014692e-03
 -7.4317148e-03
 -5.8700569e-02
 -1.1450438e-02
 -3.5870615e-03
  6.8964651e-03
  6.7127217e-03
  4.3193540e-03
 -1.3744623e-03
 -2.1832658e-03
 -4.5271530e-03
 -2.2298703e-03
  4.3100244e-03
  6.5827896e-03
  1.6214544e-02
 -8.3769672e-03
  6.1156857e-03
 -1.8659987e-03
 -5.0599403e-03
  4.0808367e-03
  3.9100838e-03
 -1.1788930e-03
 -2.0876456e-04
 -3.1924611e-01
  2.0695461e-02
 -3.7922504e-04
  5.3906748e-03
  3.1096363e-04
 -1.8050013e-03
  3.0048613e-03
  7.8874873e-03
 -2.2928724e-03
 -6.2571108e-02
 -1.8761676e-02
 -3.9240906e-01
  8.1907015e-04
 -1.1454972e-02
  1.3997139e-02
  5.9394632e-03
 -2.7802318e-02
  9.5948532e-02
  3.2305294e-03
  4.2835488e-03
  4.2907274e-03
  8.4657576e-03
  1.1757114e-01
  6.2955765e-04
  3.4580694e-03
 -4.8689581e-03
 -5.8924872e-04
  2.3968706e-02
 -6.2103188e-03
 -2.9076961e-01
 -3.1419785e-03
  2.4083140e-03
  7.6971706e-03
  1.5011597e-02
  1.0832630e+00
  1.0194772e-02
  5.3503772e-04
  1.0203969e-02
 -5.9916452e-03
  6.1174445e-03
  1.2287542e-03
 -3.0931872e-03
 -9.5065348e-05
  1.2466889e-02
  3.3316412e-03
 -6.5596521e-01
  7.6038605e-03
  6.7774858e-03
  4.3564290e-03
  3.8626841e-03
  1.6318007e-01
 -3.3475969e-03
 -8.8956803e-03
  4.7344394e-05
 -8.7609692e-03
 -5.1464140e-04
 -3.6602965e-04
 -1.9615306e-02
  2.0307733e-01
 -2.0379974e-03
  1.1543192e-03
  7.4723433e-03
 -1.6500920e-02
 -2.5464706e-03
 -6.5058386e-03
  3.3932233e-03
 -2.5222099e-03
 -2.1953273e+00
 -3.3387354e-01
 -3.3626586e-01
  1.5734950e+00
 -7.8585339e-01
  3.6786735e-01
 -3.2278356e-01
  2.9886702e-01
 -9.3281436e-05
  3.0452912e-03
  6.7164612e-01
  2.2710038e-02
 -1.9675472e-01
 -1.5015778e-02
  1.9129817e-03
  4.5631400e-01
 -3.4734327e-02
 -6.1707380e-03
 -4.9410164e-03
 -2.5376459e-03
  1.1616733e+00
 -1.7471649e-02
 -5.1176686e-02
 -2.3784040e-01
  1.0392986e-02
 -2.6230547e-01
 -2.1638764e-02
 -9.1256658e-03
 -1.3522042e-03
 -1.5719761e-03
 -1.1212701e+00
  1.1569303e-01
  1.4097712e+00
  1.6459367e+00
  9.9516225e-01
  1.0334711e+00
  2.3332274e-02
 -1.3673739e+00
 -2.9261407e-01
  2.1723916e-01
 -9.2719579e-01
  5.4706824e-01
 -9.2254770e-01
 -2.3439795e-01
 -5.1441431e-01
 -1.2938592e+00
 -7.1116585e-01
 -1.6566566e+00
  1.5477422e-01
  1.7212974e-01
 -1.4645591e+00
 -3.1312233e-01
 -7.3484689e-01
 -4.7683087e-01
  5.0754726e-02
 -1.8133119e-01
 -1.4679432e-02
  2.8595191e-01
 -8.6941095e-03
  4.1306773e-01
  1.6125973e-01
  4.3903705e-01
 -1.9620875e-01
  2.3314580e-01
 -8.9287378e-02
 -1.1403090e-02
  3.8553055e-03
  1.9110244e-03
 -2.2261564e-03
  3.3465340e+00
  4.2646173e-01
 -1.0478313e-02
  2.8334709e-03
  7.7549263e-04
 -9.2576171e-04
 -2.1819489e-01
 -5.5025443e-03
  4.2945534e-01
  1.6878473e-02
 -3.2800206e-03
 -9.2692515e-03
  3.2859128e-03
  3.7865050e-03
  6.6359057e-03
 -7.3527531e-03
  3.0737321e-03
  2.3433992e-03
 -8.6574936e-03
  5.7005953e-02
 -4.6613645e-03
  6.1060733e-01
 -5.9917923e-03
 -1.7305315e-02
  1.2063391e+00
  4.3975729e-01
 -5.7676017e-02
 -1.9463158e-01
 -1.7112912e-01
 -7.3853999e-02
 -1.3587407e-02
  1.5807854e-01
  7.0210159e-02
 -2.3194320e-01
  1.8434501e-01
 -1.5378915e-01
  1.7558444e-01
 -7.6830114e-04
 -1.6225012e-01
 -6.0627884e-03
 -5.9645940e-03
  4.1847947e-01
 -7.7820546e-03
 -7.5463012e-02
 -8.5390367e-02
  6.3665127e-03
  2.6121796e-03
  2.7229785e-04
  9.1805726e-02
 -4.5090527e-03
  3.7648048e-02
  6.4333980e-03
  3.2067971e-04
  3.9885133e-03
  5.9329008e-04
 -6.5600383e-03
  8.2101583e-02
  1.1564989e-02
  3.0673042e-04
  2.0725834e-03
  2.3487988e-03
  1.0554858e-02
 -3.1428829e-01
  3.5113577e-02
  4.3956637e-03
  1.0457954e-02
  3.4055582e-01
 -7.5650110e-04
  8.4280390e-03
 -1.1352276e-03
 -6.2295393e-04
 -7.1150670e-04
  3.9178953e-03
 -3.6899326e-03
  3.6333825e-03
  1.1573170e-03
  2.2958169e-02
 -2.8922127e-03
  2.1928160e-03
  1.2992700e-03
 -4.1188868e-03
  3.7024405e-02
 -4.0780807e-01
 -4.6033052e-01
 -2.8456423e-01
 -1.8136485e-01
 -2.8129020e-01
  7.1809947e-02
  3.5594415e-02
 -1.1091755e-01
 -1.0864230e-01
 -6.4387405e-01
 -1.3249927e-02
  4.6709347e-01
  4.2979792e-01
  2.2917500e-01
 -1.5025488e+00
  5.2404781e-03
  8.7725997e-02
  7.3158407e-01
 -4.2053990e-02
 -9.1318679e-01
 -1.2045488e+00
  2.4509700e-01
 -7.2360942e-03
 -3.6539703e-03
 -4.9858978e-01
  1.0353024e-02
  3.2930222e-01
  1.7278509e-03
  8.8420827e-03
  2.1443310e+00
  1.1059486e+00
  2.8275689e-01
 -7.4086714e-01
  6.9952393e-01
  1.1554840e-02
  4.0197226e-01
  8.2665688e-01
  7.8698229e-03
 -1.1157256e-01
 -4.1480291e-01
 -6.2860399e-01
  7.3097147e-02
 -9.9059576e-01
  3.9550778e-02
 -7.4893457e-01
  2.9239780e-01
  3.4500828e-01
  2.3176913e-01
 -2.5363436e-01
  1.4446013e+00
  3.3113491e-02
 -6.0007191e-01
  2.5821656e-01
  6.5370295e-03
  4.2380992e-01
  1.5013434e-02
  5.5400364e-04
  5.8075204e-02
  2.9424606e-03
  2.6941113e-02
 -2.8972864e-02
  2.1492730e-01
 -4.3863344e-01
  1.1452383e-01
  1.7965750e-01
  7.6807104e-02
  2.8391929e-02
  8.8666361e-03
 -1.1027642e-01
  4.1723043e-01
 -8.3403669e-02
  1.8811768e-01
  4.9341176e-02
  2.4149895e-01
 -4.2873118e-02
  6.2346321e-01
  3.4371698e-03
  1.7548339e-04
 -7.1213387e-02
  3.4697613e-01
 -2.9484900e-03
 -6.9412428e-01
  1.8699072e-02
 -1.2501510e-04
 -4.6085338e-03
 -3.7876246e-03
 -1.4700533e-02
  8.5540168e-02
 -3.6520645e-02
 -2.1226582e-01
 -4.2093627e-02
  1.3444674e+00
 -3.2070896e-01
 -7.6579541e-02
  3.5222474e-01
  5.1037096e-03
 -1.3656917e-03
 -8.5712716e-02
  1.1765728e-01
  4.2149672e-01
 -4.0215203e-03
 -1.6370233e-02
 -1.4175680e-01
 -5.6213620e-03
  6.0479808e-01
  6.4632180e-03
 -2.9447107e-02
 -2.1353124e-03
  4.0092045e-03
  6.5211797e-01
 -1.4511173e-03
 -1.8245409e-01
  6.7690038e-03
  4.9316767e-03
 -1.8219519e-02
  3.6224916e-03
  1.3550584e-03
  2.6685928e-04
  2.7372814e-03
  9.1915354e-03
 -1.7856913e-02
  2.9697521e-02
  3.5434023e-02
  1.0120225e-01
 -2.3894336e-02
 -3.6733060e-03
 -6.8558543e-03
 -2.9122056e-03
  5.6682467e-03
  4.5050403e-01
  2.9272063e-02
  9.6499006e-04
  8.9406818e-03
 -3.8845129e-03
  5.0311267e-02
  4.3853270e-04
 -1.2969838e-02
 -2.0275655e-01
  1.7292871e-03
 -3.4326587e-03
 -1.2537619e-03
 -1.7592757e+00
 -7.3617831e-04
 -6.7104134e-05
  3.3078188e-01
  1.3601971e-03
  5.8227004e-03
  2.1203503e-03
  4.0786834e-03
 -5.2097808e-03
  7.0349063e-04
  8.2046650e-03
 -5.5648759e-03
 -1.1799017e+00
  2.9474922e-04
  2.1909091e-03
 -6.6369097e-03
 -1.5752656e-02
 -5.5629993e-03
  1.3636228e-02
  1.2370973e-02
 -2.6857910e-01
 -1.2545082e-03
 -2.7912825e-03
 -5.4664141e-04
  9.0980632e-03
 -1.0928741e-02
  2.6043137e-03
 -4.4050463e-03
 -3.1864461e-03
 -7.8015188e-03
  2.1187824e-03
  5.1803929e-03
 -1.9707975e-03
  9.7463736e-03
 -2.2722331e-03
 -5.2467652e-02
 -4.1764537e-03
 -1.8785571e-03
 -5.7888067e-01
  1.2630503e-01
 -7.6087278e-01
  4.0224743e-01
 -1.4526871e+00
 -7.3890321e-02
 -2.2763903e-01
  8.9441128e-03
  1.4825680e-03
 -1.1319012e-02
 -2.2139268e-01
 -1.2191380e-03
  1.5374603e-02
 -9.5377596e-05
  1.6902138e-01
 -6.3403314e-01
 -5.5306582e-03
 -5.3536422e-03
  8.6399158e-03
 -6.3467041e-02
  7.1737759e-02
  6.9179814e-03
  8.9204125e-02
  8.9855669e-03
  5.6847725e-02
 -4.4947336e-03
  3.8422798e-03
 -7.0493750e-02
  6.7697407e-04
 -1.3655806e-02
  2.3065630e-04
 -4.6050417e-01
  9.2958368e-02
  2.8113452e-01
  5.8775628e-01
 -1.0355741e-02
 -3.4071382e-03
 -8.1142625e-03
 -3.9621997e-03
  1.6063508e-01
 -2.6687926e-01
  1.2542921e-01
 -1.3798369e-01
  2.3526703e-03
 -9.0857573e-02
  1.5520076e-01
 -1.5801504e-02
 -1.4135221e-02
 -1.3508234e-03
 -1.1948008e-02
 -1.3018753e-02
 -5.2368357e-03
 -1.9651433e-02
 -9.0279348e-02
 -5.5318335e-03
  1.8587621e-02
  3.2256134e-03
  3.1291187e-02
  1.8152384e-03
 -1.2654597e+00
  6.7665070e-02
  1.5439801e-03
  7.9371214e-01
 -1.3987942e-02
  3.7335433e-02
 -1.2779793e-02
 -4.8904243e-01
  4.8583234e-03
  1.2430107e-02
  2.8073352e-03
 -2.7168817e-03
 -4.2121345e-03
 -5.4585831e-03
  4.1648769e-03
 -1.6554787e-03
  4.2804014e-03
 -1.2309433e-02
  1.9723468e-03
  2.5661355e-02
 -6.4959899e-03
  6.3004331e-03
  2.8534071e-03
 -2.9547326e-03
  4.8416234e-03
  2.3164470e-03
 -2.4077296e-03
  1.0006407e-03
 -1.2149284e-02
  3.4354755e-03
 -1.2550575e-03
  2.8013675e-02
 -6.3980855e-02
  2.1211598e-04
  1.7356652e-01
  2.4221580e-01
  1.3692248e-02
  3.3542913e-04
 -2.9086422e-02
  1.8760288e-01
  1.7190163e-03
 -1.6427107e-01
  1.0919287e-01
 -1.0145062e-02
 -4.6792836e-03
 -3.8833581e-02
 -3.6303481e-05
  9.4912627e-07
 -1.4418775e-02
 -2.3302191e-03
  1.6386071e-01
  7.9205725e-05
 -2.3428849e-03
  1.6223874e-03
  7.6827151e-04
 -2.3337999e-04
 -3.5649315e-03
 -1.3174901e-02
  1.6936085e-03
 -3.4416333e-02
  1.3793800e-03
 -1.5500109e+00
  2.3135419e-01
  1.4054487e+00
  6.6777569e-01
  9.6605557e-01
 -4.3220690e-04
  5.8168652e-03
  2.3422155e-01
 -3.0522179e-03
  2.3480948e-02
  1.0375658e-03
 -3.3854236e-04
 -8.5148923e-03
 -7.9964390e-03
 -2.2039996e-02
 -1.4109640e-01
  1.8232308e-02
 -2.6614484e-03
 -3.6196301e-03
  3.6507056e-04
 -2.1473919e-03
 -2.4683293e-02
 -1.0279146e-03
  5.8130976e-03
 -4.8673409e-03
 -3.3886462e-02
 -8.7484727e-03
  6.1335745e-03
  6.0843229e-03
  6.8663787e-03
  4.1947005e-04
 -1.0592181e-03
 -3.6097155e-03
 -3.3719330e-03
  7.5228256e-03
 -3.0252386e-03
  1.7424803e-03
  5.1795756e-03
  2.0112356e-03
 -2.6350447e-03
 -1.7666919e-03
  1.9176239e-03
 -2.9883042e-03
  2.0675247e+00
 -2.6502789e-03
 -5.6606331e-03
 -3.4313453e-03
  2.4957932e-03
 -1.5455276e-03
 -4.6219025e-03
 -4.0390361e-03
  1.2921434e-03
  8.0354773e-03
 -5.9002326e-03
 -4.0629283e-03
 -2.0579856e-03
 -8.2524922e-03
 -7.4984750e-04
  3.8138819e-01
  4.8109842e-03
  1.2955591e-01
 -3.2360873e-01
 -2.3768980e-03
  1.7908853e-01
  2.2260322e-01
 -2.0146590e-01
  6.8928236e-01
 -6.8883516e-02
  4.1487324e-03
  2.9406378e-01
 -2.9312620e-02
  3.8181890e-02
 -1.5944096e-01
 -6.7566574e-02
 -5.3167021e-01
 -6.1620694e-01
 -5.4420099e-02
 -8.1195846e-02
 -4.5916911e-02
 -3.5888234e-03
 -1.1295628e-01
  1.2705292e-03
 -3.4102884e-01
 -5.7480805e-02
  1.6083780e-03
 -2.4076093e-03
 -6.1617256e-03
  3.7537529e-03
  1.1627751e-03
  2.9939512e-02
  1.5861843e+00
 -1.0066944e+00
 -2.9442625e+00
  1.4252384e+00
  1.8831819e-01
  2.8799993e-01
  2.3501171e-01
 -1.7112584e-01
  5.5247235e-01
 -1.2222089e-01
  1.6996486e-01
 -4.5691957e-03
 -2.6820108e-01
  1.7602715e+00
 -1.4195776e-01
 -3.6817288e-01
  1.8049799e-01
  5.9075862e-01
 -1.0988163e-03
 -8.1922603e-01
 -1.0156615e+00
  4.9489355e-01
  1.0867765e+00
 -3.9419428e-01
 -1.6342551e-03
 -4.1943428e-01
  1.4986084e-01
 -1.7304024e-01
 -1.6980216e-01
 -1.1336865e-04
  6.4828478e-02
 -3.5878803e-04
 -2.7841681e-03
  5.7045057e-05
  2.7296520e-03
  1.4298375e+00
 -7.5525296e-04
  2.0548869e-03
 -5.7510007e-03
 -7.3194555e-03
  7.9802889e-03
 -9.2763759e-05
 -1.7738593e-03
 -2.9357621e-03
 -1.2690229e-03
  8.6696409e-03
  8.3187781e-03
 -1.0808492e-02
  6.5049576e-03
  5.5522477e-04
  1.6057305e-02
 -9.2400210e-03
  5.7872478e-03
  3.3543536e-03
  8.2128253e-03
  7.4436730e-03
 -1.1411171e-03
  1.0387517e-02
  2.1189672e-04
 -2.0109259e-03
  6.5997297e-01
  1.1560522e-03
 -5.7270294e-01
 -4.5906833e-01
  9.4936508e-01
 -3.6738139e-02
  7.2843242e-03
 -1.0129867e-02
  3.4134868e-03
 -2.5118593e-02
  1.3124109e-02
 -7.8714397e-03
  4.1165091e-03
  7.3124138e-03
 -3.7297685e-04
  3.3224184e-02
  1.4395046e-03
  9.4244087e-01
 -1.5581929e-03
 -2.9655641e-03
 -1.2500701e-02
  4.9602328e-04
 -1.1890297e-03
 -1.2000487e-02
  8.3623286e-03
 -9.0293557e-05
  1.9921881e-01
  2.0830538e-03
  1.8142648e-02
  4.9226410e-03
  2.5812604e-03
 -2.9206097e-01
  3.0845462e-03
  5.4612529e-04
  7.6672737e-03
 -4.7580302e-03
  1.6403774e-02
  2.2160940e-02
  7.4418064e-04
  3.7381963e-03
  1.3456593e-03
  5.6273681e-03
  3.3465601e-03
 -3.1042730e-03
 -1.2152351e-03
 -8.0279383e-04
  1.1114256e-02
 -2.2261436e-03
  1.1622402e-02
  5.3980192e-03
  3.0150278e-03
  1.8106868e-03
 -8.9677586e-04
  9.5191943e-03
 -1.1248943e-02
 -1.5610277e-02
 -1.2345618e-01
  1.1699983e-03
  9.1253407e-03
 -1.7825532e-03
 -8.2601624e-04
 -9.3078129e-02
  4.7832620e-03
  7.2404712e-02
  4.2225476e-04
 -1.0721307e-01
 -5.4224845e-02
 -4.1608687e-02
  3.8731250e-04
 -3.4733952e-03
 -2.5038247e-03
  3.3608783e-02
 -3.8360227e-02
  4.3767536e-04
 -1.0990103e-01
  1.0841043e-02
 -4.0284864e-04
 -1.5067743e+00
 -1.0706835e-03
  7.2667171e-04
  3.9865365e-03
  1.7292787e-03
  2.2004964e-03
 -2.7803464e-03
 -9.7338893e-03
  1.8332213e-03
 -5.0017433e-03
 -2.3973763e-03
 -1.6716885e-03
  4.8308298e-03
  6.8178970e-01
 -1.0688015e-02
 -1.1592314e+00
  1.4037609e-01
 -3.1383473e-01
  6.4735335e-01
  7.9567611e-01
  2.6827231e-02
  2.6740983e-02
  2.5664580e-03
  1.5027152e+00
 -1.3797683e-01
  2.8396852e-02
  1.7818955e-01
  6.8119011e-04
 -8.5155255e-01
  3.7764721e-03
  1.6406566e-02
 -6.0422136e-03
  2.5203058e-03
 -4.6616044e-02
 -2.3277807e-03
 -1.7609827e-01
  2.5714252e-02
 -2.4019386e-01
 -1.8674549e-02
 -3.3624927e-03
 -4.5763843e-02
 -6.1265435e-03
 -4.8895078e-03
  1.0610588e-03
  2.5019208e-01
  6.6313986e-03
  4.2155096e-03
 -3.5847283e-03
  3.2183239e-03
  7.4808765e-03
  1.2608930e-01
 -2.7471252e-03
  5.9010759e-03
  3.2351294e-03
 -5.5086394e-03
  3.3547867e-03
  5.2077416e-03
  4.4106594e-03
 -6.8319172e-02
  4.2614485e-03
  2.6660203e-03
  9.1857985e-03
  5.2285246e-03
 -8.5725412e-03
 -2.0997908e-03
  4.2343521e-03
 -3.1542899e-03
  3.8846838e-03
 -1.7232787e-03
 -5.7714633e-03
 -3.0605141e-03
  7.6626660e-03
  7.9308134e-03
  1.3922012e-02
 -1.6146985e-01
  1.9725725e-02
  3.0270097e-01
  1.2511349e+00
  2.6087093e-01
 -1.3202000e-01
 -1.2547677e-02
 -2.0098228e-02
  5.7845280e-02
  2.8133318e-02
  7.6507321e-03
  2.4270115e-03
 -1.2057755e-01
 -2.9862396e-02
  7.5313471e-02
  2.2936840e-01
 -4.5398576e-03
 -4.2951159e-02
  6.7794687e-01
 -1.3632181e-03
 -7.1697286e-03
 -2.7104737e-03
 -1.4398812e-03
 -8.9289900e-03
  9.3316302e-02
  7.3022518e-04
  8.5185701e-03
  1.6686026e-03
  2.1886854e-03
  7.9146647e-01
 -2.8898579e-03
  2.0821384e-01
 -5.2349702e-03
 -3.5500473e-01
  4.8585290e-01
 -5.9857893e-01
  6.7118299e-01
  3.2741743e-01
  4.8938343e-01
 -9.2236184e-02
  6.6932850e-03
  4.0716028e-01
 -7.7449875e-03
 -4.2074025e-01
  5.6984639e-01
  7.6055503e-04
 -7.0428506e-02
 -2.2512840e-03
 -1.5052781e+00
  1.2115867e-02
 -1.6402969e-03
 -2.7626002e-01
 -4.5752959e-04
 -1.0035859e+00
 -1.0293865e-01
  2.4174147e-04
 -7.5450099e-01
  2.2674520e-03
 -1.7962898e-01
  3.8423603e-03
  1.4071633e-02
  1.8899834e-01
 -4.3686396e-03
 -6.3847619e-01
 -1.2538757e+00
  3.4784213e-01
 -8.7053466e-01
  1.8680313e-01
  1.1730998e+00
  6.1472613e-01
  5.4728580e-01
 -1.3625478e+00
 -1.8539226e-01
  1.6924748e-03
  3.9104143e-01
 -3.9290765e-01
  3.5832706e-01
 -3.9377302e-01
 -9.4158858e-01
  2.4439006e-03
 -7.3202682e-01
  1.1653907e+00
  4.0704263e-03
  2.4880025e-01
 -1.0410012e-02
 -3.3860344e-01
  3.6812863e-01
 -4.6750549e-02
 -7.0669442e-01
  4.4497323e-01
  2.6118698e+00
  1.4267989e+00
 -9.7468597e-01
 -1.5668295e-01
  3.7476104e-02
  1.1473851e+00
 -6.9400840e-02
 -1.1550487e+00
  4.8732045e-01
 -8.3668165e-02
 -1.6187871e-01
  3.9486724e-01
 -2.5582761e-01
  5.1337045e-01
  6.7591876e-02
  2.4813195e-01
  4.2260325e-01
  3.8028499e-01
 -3.8935411e-01
  2.3962138e-02
  8.9684287e-03
  3.7168613e-01
  2.1777189e-01
  1.9330494e-01
  2.5981697e-01
 -2.4355665e-02
  2.1297263e-03
  1.9844854e-01
  9.5381755e-03
  3.9419597e-01
  5.9433055e-01
  1.6571298e+00
  4.7600299e-02
 -8.6769032e-01
  8.7747239e-03
 -1.7129687e-03
 -3.3468491e-01
  2.5565594e-01
  4.9388381e-03
 -4.8181165e-02
  6.2922961e-03
  1.1223734e-03
 -3.5552740e-01
 -8.6579463e-03
  1.9064438e-01
  3.9979141e-02
  1.0236229e-02
  3.6791654e-03
  3.7782313e-03
 -7.7664237e-03
  1.6773751e-02
 -2.0698556e-03
  1.0561629e-02
 -1.7925327e-03
 -1.9841285e-03
 -3.0873464e-03
  1.3509933e-03
  2.1908905e-03
 -2.0566646e-03
 -3.8798317e-01
  6.0495788e-01
  6.2600845e-01
 -1.5325335e+00
 -2.3398373e+00
  1.2018691e+00
 -2.8882259e-01
  3.9052781e-01
 -1.8821588e-01
  2.9708332e-01
  7.7251649e-01
  3.3205679e-01
 -1.5733838e-02
  3.1467441e-02
 -4.9435750e-02
  1.7872168e+00
  1.2141228e+00
 -6.1350802e-05
  1.3265314e+00
 -1.6054894e-01
  5.9308392e-01
  8.7521134e-05
  5.3438860e-01
  1.2476331e+00
  4.0757126e-01
  1.8440377e-03
  4.6072607e-03
 -2.5116664e-04
  1.4805017e+00
 -4.9316216e-02
  1.3183720e-01
  8.0743488e-03
  1.0496162e-01
  4.3281019e-02
 -1.4180057e-01
 -2.1170438e-03
 -1.0991632e-02
  3.7676409e-01
  1.0138446e-02
  2.5714249e-03
  4.1009076e-03
  1.6868586e-02
  8.5985534e-02
  9.8571973e-03
 -8.5158674e-03
  6.3138232e-03
  6.3578975e-03
  1.5582207e-01
  3.5250324e-04
  7.4213594e-03
 -2.5910430e-03
  1.1806125e-03
  1.6660588e-02
 -6.1241379e-03
 -2.7962090e-04
 -6.0196226e-03
  4.3286339e-04
  1.1689161e-03
 -2.1461631e-01
  4.2630117e-03
 -5.8564651e-03
 -2.8887804e-04
  3.5453680e-01
  3.1003221e-03
 -1.6995568e-03
 -6.0238643e-03
  5.1451125e-03
 -5.1279797e-04
 -9.3823063e-01
 -7.4208132e-05
 -8.2596121e-03
 -3.2989588e-04
  1.6178590e-01
 -5.0628418e-03
  8.9675579e-03
  1.4867527e+00
  5.3682369e-03
 -5.0899074e-03
 -2.5246304e-03
 -3.8092787e-04
 -5.4326820e-01
 -4.9143317e-03
  8.7386259e-04
 -4.9174664e-04
  5.2231504e-03
 -4.8575425e-03
  1.5595758e-03
  3.0668916e-03
  4.5881578e-04
  1.2785652e-04
  1.5340004e-03
 -1.0270355e-03
  5.3460093e-04
  1.3880328e-03
  2.8223589e-03
 -1.8808795e-03
  9.8416721e-03
 -2.8980204e-03
  2.3406146e-03
 -4.3541277e-05
 -3.9880550e-03
  2.9868362e-03
  2.3437069e-01
 -2.6875566e-04
 -5.4469747e-03
  2.8537584e-03
  3.8908872e-01
 -2.6167983e-03
  2.8332868e-01
  9.5907546e-04
 -3.8669112e-03
 -4.9263863e-03
 -2.4443725e-03
 -1.3577183e-03
  5.5049551e-03
 -4.7683455e-03
 -2.3401000e-03
 -6.2799063e-03
 -2.9316631e-03
 -6.8036742e-03
 -2.0231743e+00
 -5.8563672e-02
 -8.1046265e-01
 -4.8685008e-01
 -1.0519621e+00
  9.0144348e-01
  9.7060388e-01
  3.2346282e-02
  1.3376884e-01
 -1.8429974e-01
  1.9451310e-01
  6.6983914e-01
 -9.6705899e-02
  1.9326578e+00
 -2.2107551e-01
  5.1350200e-01
  4.6927338e-03
 -5.1893961e-01
  8.4558107e-02
  9.6440874e-02
  9.1551943e-03
 -8.4020756e-03
 -9.7668439e-01
  4.4742068e-03
  2.4096195e-01
  3.3057567e-03
 -1.6714528e-03
 -7.5342045e-03
  1.2689742e-01
  5.0870446e-03
  1.3008094e-01
  7.7543950e-01
  7.7871853e-01
 -1.3241619e-01
 -1.9582542e+00
  3.2317970e-02
  6.1467671e-01
  3.3708963e-01
  2.5976667e-01
  1.6580045e-04
 -4.5375381e-02
 -2.9793162e-02
  1.8309398e-01
 -2.2984232e-01
  9.6691065e-03
  3.3260271e-01
  6.7641388e-04
  2.2305197e-01
 -5.6580489e-04
  2.1792476e-01
  4.6081534e-03
  6.2194449e-04
 -1.7711259e-01
  1.3676318e-02
 -1.3099831e-03
 -4.4610938e-03
 -1.2568182e-03
  1.1098114e-03
  8.6373203e-03
  7.7896840e-03
 -1.6055797e+00
  1.6243827e+00
  1.4333025e-01
  5.9847748e-03
  4.8173067e-01
 -4.8524827e-01
 -8.5738543e-03
 -3.4852840e-03
  1.4481713e-01
 -1.3643868e-02
 -1.3737679e-02
 -6.6172858e-03
  3.9109588e-02
 -2.3663010e-02
 -1.3498411e-02
  1.3690093e-01
 -6.2010868e-04
  3.6049464e-01
 -1.2110317e-01
  4.9414910e-02
 -3.0933297e-03
  1.8182429e-03
  2.9470435e-01
 -6.8438216e-03
 -2.3866454e-03
 -3.3933111e-03
 -7.1913062e-04
  1.0815127e-02
 -4.5399174e-01
  8.9850398e-03
  1.0295150e+00
  8.7946039e-03
  1.9809501e+00
  2.7387893e-01
  5.5358386e-01
 -5.6508631e-01
 -3.9412227e-01
  6.9517636e-01
  5.0113570e-02
  2.2345639e-03
 -2.7953602e-02
 -3.9712155e-01
  1.2170129e-01
  7.7762753e-03
  4.6702737e-01
  1.1245579e-02
 -1.8286668e-01
  4.1645452e-01
 -5.8267247e-02
 -3.3298191e-01
  5.9762888e-02
 -1.4402987e-01
  1.5196772e-01
  1.6833447e-02
 -2.6570424e-03
 -2.8619880e-03
 -4.8262030e-03
  5.4190550e-03
 -7.6276348e-03
 -2.1692361e-03
  5.9048271e-01
 -8.9272314e-01
  7.6268351e-01
  9.3073940e-01
  1.2500854e+00
 -1.3159667e+00
 -1.9780153e+00
 -3.9482111e-01
 -4.2311221e-01
  5.0106980e-02
 -6.2431479e-01
 -9.1475451e-01
 -8.9890055e-02
 -3.0445525e-01
 -2.6583931e-01
 -5.1265776e-01
 -1.8944930e+00
 -3.0641866e-01
 -4.9899620e-01
  7.8413326e-01
  1.2490490e-01
 -6.8043011e-01
 -1.4577193e+00
  2.5043373e-03
  1.5278312e+00
 -5.2300733e-01
  3.5959229e-04
 -1.7246991e-01
 -1.0053169e-02
  3.3046852e-03
  4.5262527e-01
  1.4675370e-03
  2.3177899e-03
  1.4527636e-02
 -1.2289202e-02
  2.0118818e-01
  3.3819110e-03
  7.0129742e-04
 -2.4816612e-04
 -8.7390907e-02
  3.4591465e-03
  9.9280206e-03
 -2.1936498e-03
  1.8455496e-02
 -8.0756750e-03
 -4.0332950e-04
 -3.5678458e-03
  3.4243937e-03
 -1.7027267e-04
  4.5359214e-03
 -1.6464122e-03
  5.8063092e-03
  3.0307514e-03
  8.9166853e-05
 -1.0256333e-02
 -2.9387211e-03
  4.2071482e-04
 -3.6823067e-03
  1.0723880e-03
 -7.5357808e-03
 -3.4151366e-01
  2.8385186e-01
  1.0232900e-03
 -7.6636518e-03
  3.8542133e-03
  3.5637165e-03
 -6.2675099e-03
 -2.1447252e-02
  2.6965176e-03
  1.2170578e-01
  6.9026131e-04
 -1.2740849e-01
 -2.6689458e-03
  8.7847793e-03
 -1.1379479e-03
 -1.1550749e-03
 -4.5559602e-03
  2.2642543e-03
  3.0575595e-03
 -3.2982177e-03
  2.9244458e-03
 -1.4709599e-03
  3.4840649e-03
  5.6791329e-03
  1.8123619e-04
 -3.6634179e-03
 -1.7957974e-03
  6.6245869e-03
 -3.1399920e-03
 -1.2783435e-03
  1.7333373e-01
  1.4348085e-01
 -4.0727580e-01
 -2.0335857e-02
 -7.5381204e-02
  8.5768197e-03
 -1.6781583e+00
  8.0187333e-01
  3.6903828e-01
  9.3468839e-01
  4.7814034e-02
 -3.1484923e-01
  3.4854123e-01
  2.5236353e-01
 -1.6503149e-01
  7.8950316e-01
  3.1711884e-02
  3.9979371e-01
  5.5659907e-03
 -5.9886187e-02
 -3.3288416e-02
  5.9955157e-02
  5.7972968e-01
 -4.3910122e-01
  1.6363847e-01
  3.2043334e-03
 -2.8708377e-03
  3.5824183e-02
 -4.0384129e-02
  2.0595379e-02
 -2.0501461e+00
 -2.3096025e-03
 -8.3802477e-02
  2.0870147e-03
 -5.3971284e-03
 -2.8328383e-03
 -1.1518368e-03
 -9.7450917e-05
 -1.3461377e-03
 -4.7412826e-04
 -6.1328760e-03
  7.9281526e-03
 -6.6813114e-03
 -1.5140657e-03
  2.9471929e-03
 -2.0192305e-02
  9.3627314e-04
 -1.0009058e-05
 -4.9655476e-01
 -1.6087165e-02
 -1.7746772e-03
 -3.3003867e-03
 -4.0092142e-04
 -8.8172294e-03
  2.6549383e-03
  1.5040135e-03
 -6.0373191e-02
 -1.1307460e-01
 -8.7600300e-04
 -6.5857139e-03
  3.0923721e-03
  2.1352093e-03
  1.4525870e-03
  1.3453403e-04
  9.0774866e-03
 -5.6216260e-04
  1.3777073e-01
  2.0926723e-03
  3.4454089e-01
  3.6813533e-03
 -8.2505215e-03
 -2.0933529e-02
 -2.3451462e-04
  4.9672541e-03
  1.8227851e-03
  7.3738968e-01
  3.5435741e-03
  5.0115754e-04
 -2.3953924e-03
  4.2384397e-03
 -2.1063632e-03
 -4.6656434e-03
  3.5108360e-03
  2.7963080e-04
  2.5889324e-03
 -6.1813709e-03
  1.3148332e-03
 -1.6053967e-04
 -1.9391944e-03
 -5.6108600e-03
 -1.2473711e+00
  2.0400479e+00
 -2.7301180e-01
 -3.2779244e-01
 -2.3482969e+00
  9.5110071e-01
  2.8020903e-01
  9.1102481e-01
  1.4461930e+00
  1.2137387e-01
 -8.3421327e-02
 -3.8135546e-01
 -3.3812928e-01
  6.6071403e-01
 -8.5906781e-02
 -6.0866541e-01
  2.8649902e-01
 -9.8804337e-01
  6.8591994e-01
  8.9503717e-01
 -5.1170456e-01
 -1.2647979e-01
 -7.1446824e-01
 -3.2005253e-01
  3.1035373e-01
  5.7192244e-02
  2.2054733e-01
  1.9558717e-03
 -3.0194163e-01
 -1.7200577e-01
  8.2823344e-02
 -5.2702820e-01
 -1.5463737e-02
 -1.1063147e-01
 -3.9806501e-03
 -2.7707366e-03
 -5.3268362e-02
 -1.4437288e-03
 -8.7667732e-03
 -8.7861298e-04
  6.1808913e-03
 -4.2576492e-03
 -3.8377577e-03
 -2.9604957e-03
 -2.8660921e-03
 -2.8857946e-02
  7.7662726e-06
  7.6365058e-04
 -1.3443545e-02
  1.1796233e-03
  2.4345396e-03
 -9.7987680e-03
 -4.2432682e-03
 -4.8827287e-03
 -3.7675390e-03
 -1.0380670e+00
  1.6079490e-03
  8.5995853e-04
 -1.0518228e-02
  1.0681422e+00
  5.4907537e-01
  1.0932942e-02
  3.1965417e-01
 -1.2712446e-01
 -6.4616591e-02
 -2.1696961e-03
  1.0643628e-03
  1.5366955e-03
  3.9491584e-03
  4.3946868e-03
  7.2802477e-02
  8.3330832e-03
  1.6220199e-02
 -7.6324934e-01
 -1.0210385e-02
 -8.5300701e-03
 -3.3799370e-04
  2.0149810e-02
  1.9458594e-03
  1.0050294e-02
  6.8935942e-06
  1.9235986e-03
 -1.2093421e+00
 -3.0307977e-03
 -6.7859897e-03
  1.9989790e-01
 -2.6056522e-03
  5.5940254e-03
 -2.3491360e-02
 -4.6581854e-03
  6.1307162e-02
  1.3300071e-02
 -1.5591694e-01
 -4.9130330e-03
 -9.5961019e-02
 -8.6555416e-03
  9.3876533e-03
 -5.6291977e-03
  2.2218830e-03
 -3.7556098e-04
 -7.0859480e-04
 -5.6285765e-03
  1.9620314e-02
  1.4160215e-03
  3.4750733e-04
 -3.8963035e-01
 -5.1301962e-04
  6.4674027e-02
 -5.4840706e-03
  7.9764478e-02
 -4.1791694e-03
  2.2868358e-01
  3.7326325e-02
 -4.4038794e-03
 -3.2102109e-03
  1.3251434e-03
 -2.7982472e-03
 -2.2588887e-03
 -2.9049743e-02
  1.3973494e-02
 -1.3670503e-03
 -2.7824165e-03
  1.4152522e-03
  4.5595146e-04
 -3.8444726e-03
 -7.1679469e-04
  6.6351946e-03
 -3.0829171e-03
 -7.6942309e-04
 -7.3475274e-03
  2.2965255e-03
  2.1389290e-03
  8.5471412e-03
  9.4459968e-04
  2.4246359e-03
 -8.6331653e-04
  5.8260519e-04
 -2.0810009e-03
  1.5084205e-02
  2.4410931e-03
 -9.2304237e-03
 -5.6570750e-03
  4.6777070e-01
  6.8601482e-03
 -8.6038010e-03
  4.3781991e-03
  6.6241198e-03
 -7.8714015e-03
  4.8181848e-04
 -8.2476874e-04
 -8.0527198e-03
 -8.3287731e-02
 -6.8933098e-04
  2.2095917e-03
 -2.4118740e-03
  3.7144748e-03
 -1.9269328e-03
 -4.0680245e-03
  2.1116296e-03
 -5.8089737e-03
  2.4615447e-03
 -1.0730545e-03
 -7.2808921e-02
 -1.3047862e-02
 -2.7512144e-03
  7.8315614e-03
 -6.4958763e-01
 -7.5397897e-01
 -3.1984176e-02
  3.0601304e-03
  9.5173325e-03
 -2.4918932e-03
 -5.9348913e-03
 -9.5606092e-03
  2.0972213e-03
 -8.0782928e-02
 -8.8255834e-03
 -1.4827300e-02
  1.2250684e-03
 -7.1740742e-03
 -1.6551126e+00
  7.1324371e-02
 -1.2937764e+00
 -1.9227324e-01
  1.6331092e-02
 -1.8296851e+00
  3.2559946e-02
  4.9894031e-02
  2.8674904e-01
 -4.9024173e-03
  1.4566162e-02
  2.6915598e-01
 -9.7662963e-02
  2.4393208e-01
 -9.1035841e-03
 -1.8146476e-03
 -2.0982197e-01
 -2.2899410e-01
 -2.8315894e-03
 -1.1458016e-02
  1.1402217e-02
 -4.5781615e-03
 -3.2950554e-02
 -4.9754404e-03
 -3.9327466e-03
 -1.8481510e-03
  2.0356141e-02
 -5.3427578e-03
  1.5784352e-03
 -7.9159746e-03
 -3.3438433e-02
  7.7653170e-01
  2.9417434e-01
  5.6686807e-01
  1.0309748e-01
 -9.8351824e-01
  4.0899158e-01
  9.1567516e-02
 -3.5016707e-01
  6.5547712e-02
 -4.6479213e-01
  3.6607366e-03
  8.8121846e-02
  6.4171284e-01
 -1.0826918e-02
  7.2289193e-03
  1.2465334e+00
  7.2071087e-01
  1.5079029e-01
  5.6822824e-01
  1.1309282e-01
  2.5065681e-02
  1.0690120e+00
 -1.7128005e-03
 -1.6130514e-02
  4.2946190e-03
 -2.4159921e-02
  2.0560534e-03
  2.8016934e-01
  1.7316844e-02
  1.5153342e-01
  4.3091727e-03
 -1.1768281e-02
  3.1292163e-02
 -7.7904150e-02
 -1.1866156e-03
  1.6563935e-02
  1.6875887e-02
  1.8998936e-02
  1.6325387e-03
 -7.2805476e-03
 -8.4210290e-03
  6.0372255e-03
 -4.2361636e-03
  1.2800390e-03
 -2.4146456e-04
 -5.6358978e-02
  2.9121281e-03
  3.8671184e-03
  3.7899953e-03
  2.5634016e-03
  6.3922390e-04
  1.6134715e-02
  1.6544143e-02
  1.3296454e-02
  1.5481542e-03
  8.7441358e-04
  1.1808904e-02
  6.3914377e-03
  9.6218595e-05
  5.5231178e-01
 -1.3307100e-03
 -1.2869464e-01
 -1.6550255e-01
 -3.3582276e-01
  1.3523448e-03
  2.8209738e-03
 -7.2130859e-01
  2.4514155e-02
 -1.7664813e+00
  1.1581372e+00
 -6.1971270e-03
 -5.9477482e-03
  4.6444279e-03
  2.2019364e-02
  1.0245451e-02
 -6.4880885e-03
 -1.3506944e-02
 -5.9414571e-03
  5.3014315e-04
 -3.0024553e-04
 -6.7458283e-03
  5.1116291e-04
 -2.7873061e-04
  2.5223619e-03
 -5.1966794e-03
 -2.1505780e-03
 -6.2446324e-03
 -5.1404637e-01
  1.2288184e-03
 -9.8299307e-01
 -1.9573646e+00
 -2.0141122e-01
  1.2587306e+00
 -1.3986734e-01
  2.8648794e-01
 -1.5626959e+00
 -6.2620640e-01
 -1.3586709e-01
 -5.5798602e-01
  3.0380392e-03
  6.4377259e-03
 -2.0656054e+00
 -5.2678779e-02
 -4.5329043e-01
  3.7910968e-01
 -7.5847131e-01
 -1.5983802e-01
 -4.8305055e-01
 -1.0310493e+00
  5.1649308e-01
  8.3174236e-04
 -7.0544726e-01
 -3.3975590e-02
  5.3214055e-01
  6.0943947e-03
 -2.9831784e-04
 -2.6652655e-01
 -3.6210604e-02
 -9.3101263e-03
  1.2350192e-03
 -3.5589235e-03
  8.2592228e-03
  2.2930690e-05
 -3.6985088e-02
  2.2874021e-03
  5.2235662e-03
 -7.0393817e-03
  9.2931135e-05
  2.1972242e-03
  7.9378374e-03
 -2.6990575e-04
 -3.0410250e-03
  2.8610392e-04
 -9.5786275e-03
 -3.4790596e-03
  8.2535427e-03
  1.2331434e-02
  1.1509046e-02
 -1.2103851e-03
  2.2339141e-01
  9.0749032e-04
 -2.8058041e-03
 -3.5901777e-03
  1.6455781e-03
 -2.9726550e-03
  3.7635916e-03
 -1.7963231e-03
 -1.0123765e+00
  4.9754498e-03
 -6.0647964e-01
 -1.0168167e-02
 -9.4858217e-01
  5.2347416e-01
  4.0436313e-01
  5.2883941e-01
  4.0380270e-03
 -8.4749669e-01
 -3.2117009e-01
 -5.9947187e-01
 -3.0451539e-01
 -1.1546698e+00
 -5.2875519e-02
 -1.2025962e-01
 -3.5659519e-01
  3.2550663e-01
 -6.6743398e-01
  9.3423164e-01
  7.1847308e-01
 -8.8141114e-01
  9.3781751e-01
 -6.6320026e-01
  9.4619110e-02
 -6.1263714e-02
  3.7160832e-01
  1.0059837e-01
  1.1000283e+00
 -9.4892662e-03
  1.3100590e-02
 -5.8070771e-02
 -4.8679914e-03
 -4.4445889e-03
 -6.7582977e-01
 -2.4980626e-03
  1.1243187e-02
  6.2266826e-03
  6.4871148e-03
 -9.1814960e-05
  3.8655063e-03
 -2.5287343e-03
  3.8357615e-03
 -9.4960025e-03
 -3.2403891e-03
  1.2508888e+00
  6.2248544e-03
  4.4613807e-03
 -1.0932785e-02
  1.3072072e-03
 -1.3558208e-03
  1.6222292e-03
 -5.5613223e-04
 -5.8826311e-03
  7.7157561e-03
  7.3929015e-03
  2.2316338e-03
 -5.2082012e-03
  2.8519244e-03
 -1.2907300e-02
  2.9045017e-04
 -1.7298285e-02
  5.6135422e-01
  6.8564028e-01
 -1.0804866e-01
 -9.2116818e-03
 -6.2379315e-03
 -1.7565900e-03
  1.1099637e+00
  4.3983349e-01
  4.8474839e-01
 -1.3328165e+00
 -2.0313380e+00
  2.0786619e-03
  1.1263294e-01
  1.0868084e+00
  9.3589816e-03
  2.7994968e-03
 -5.0708574e-01
  3.9697038e-03
 -8.7824844e-02
  4.3390444e-01
  1.1007349e-03
 -1.3459608e-03
  8.5028493e-01
 -5.2378057e-03
 -6.4489096e-03
  1.1531311e-01
  1.1863543e+00
  2.3358855e-03
 -7.5809348e-01
  2.5513296e-03
  3.9914027e-01
  1.9913469e-01
 -1.0240924e+00
  2.4469656e-01
 -4.6038684e-02
  1.5587843e-02
 -3.3075437e-01
  2.8875017e-01
  1.7047553e-01
  1.0935296e+00
 -3.1848738e+00
  5.9506450e-02
 -8.3526261e-02
  1.7664729e+00
 -1.2412575e-01
 -1.3645935e-02
 -1.1102563e+00
 -4.6737775e-02
  1.0049289e-01
  2.1166599e-01
  1.8067680e-02
 -1.0065854e-01
 -2.0169811e-01
  3.6410317e-01
  9.5764279e-02
 -2.0984034e-01
 -3.1965759e-01
 -1.8058293e-02
 -9.8846793e-01
 -3.3181289e-03
  3.0126386e+00
 -1.6911234e-01
 -1.9512875e-02
 -2.5488904e-02
 -1.1182319e-01
 -7.5808960e-01
 -1.3733377e-01
 -7.0981402e-04
 -9.8171580e-01
 -2.3038062e-01
 -4.0522116e-01
  6.5644309e-03
 -1.1497550e-01
 -4.3909285e-02
  5.6444883e-01
 -7.7008054e-02
  7.7023727e-01
  3.0059793e-03
 -1.2947552e-04
 -1.5668328e-03
 -2.6500495e-02
 -2.9452432e-02
 -1.0714994e-02
  1.6718672e-03
  1.1337850e-02
  7.4977118e-01
  3.2497510e-01
 -3.4233768e-04
 -3.1055927e+00
 -5.8035100e-01
 -3.7972131e-01
 -4.4271928e-01
  2.7601166e+00
 -1.4826500e-02
 -2.7607826e-03
 -6.3750129e-03
  1.2763037e-01
  3.0333951e+00
  8.7134372e-03
  2.3058972e-01
  1.4881418e+00
  3.5421178e-01
 -2.1866119e-01
 -2.1344749e-03
  1.2666788e+00
  3.2329622e-01
  2.3804545e+00
  3.8669959e-01
 -3.7364342e+00
 -5.4455809e-02
 -4.9582815e-01
  3.1401413e-03
 -1.5771388e-01
 -7.2462060e-02
 -3.2932696e-01
 -1.7736219e-01
  3.3528678e+00
 -1.6361465e-04
  4.0569067e+00
  1.9450430e-02
  7.1349388e-01
 -1.5493346e+00
 -8.3266394e-03
  2.1178733e-01
 -2.8836074e-01
 -1.4967747e-03
 -2.9061211e-03
 -9.3667051e-03
  1.4390118e-01
  1.9160236e-01
  6.7501194e-03
 -1.2530223e-02
 -1.2159597e-01
  1.2473215e+00
 -8.9268816e-01
 -1.2298357e-01
  4.1335917e-01
 -2.6698027e+00
 -1.3927599e+00
 -1.2932358e+00
  1.5440758e+00
  7.0786169e-03
  6.4797732e-03
  2.0050487e-02
  2.0755531e-02
 -1.7036670e-03
  6.5224953e-03
  1.6943028e-02
 -9.7575533e-01
 -1.7908291e+00
 -1.5760727e-01
  2.2734126e-02
 -6.2852010e-02
 -1.3030626e+00
  9.5818275e-01
  2.2316499e+00
 -7.2689259e-01
 -5.5691605e-03
  9.8672183e-03
 -5.5825707e-02
  1.1546264e-02
 -1.1105827e+00
 -4.3312132e-01
 -2.6392958e-01
  2.1084505e-01
  3.2804272e-01
  1.6580632e+00
 -6.7594178e-02
  1.7876067e+00
  5.3990734e-01
 -1.2194866e+00
 -5.3568918e-02
 -8.7664895e-02
 -9.3078631e-01
 -1.8987719e-02
  1.6219063e-03
  5.9355875e-03
 -5.0177407e-02
 -4.3131397e-03
 -2.7903681e-05
  7.0853502e-01
  1.7947166e+00
  1.9510226e+00
  2.8115205e-02
 -1.6142905e-01
  4.8325397e-03
 -2.0905712e+00
  1.5536052e+00
  4.1227967e-01
 -1.7415299e-01
 -7.0760891e-02
  1.5930253e-01
  2.3060399e-01
 -4.7552884e-01
 -4.4399509e-03
  3.5434267e-03
 -3.8565493e-01
  2.6808794e+00
 -3.8619161e-01
 -2.2860184e-02
 -1.3728939e-01
 -6.3833183e-01
 -4.6071312e-01
  4.9143574e-01
 -2.7001981e-02
  4.0429816e-01
 -3.9584660e-03
 -2.8876483e-04
 -1.0297111e+00
 -1.4432887e+00
  1.6644002e+00
 -6.3668948e-01
 -2.6257789e-01
 -4.1979185e-01
 -2.9272422e-02
  3.5919326e-03
  2.0174432e-01
 -4.3592033e-01
  1.0437032e+00
  8.2537574e-01
 -2.2908750e+00
 -4.8907953e-03
 -3.4743982e-05
  2.6076160e-02
 -7.1964082e-03
 -4.2449124e-02
  6.4639263e-02
  1.4295683e-02
 -8.7891555e-01
 -1.0967057e-03
 -6.7019956e-03
  2.8112219e-03
 -4.7536172e-02
 -1.0527452e+00
  3.5238460e-01
 -1.7075865e-02
  7.0239955e-01
 -1.7334799e-01
 -2.3730749e-03
 -5.2643511e-03
  7.3624551e-01
 -2.6417296e+00
  4.0365192e-03
 -1.0252951e+00
  1.0787676e-01
  9.7612843e-02
 -1.2611895e-03
 -6.8721324e-03
  8.3275968e-01
  2.0676279e+00
 -1.1183691e-01
  8.9499027e-01
  1.0057617e+00
 -1.0689557e-01
  1.0476688e-02
  4.4827709e-01
 -3.0520897e-02
 -5.5871564e-03
 -1.1861266e+00
  7.3945153e-01
  5.3818607e-01
 -2.0522635e+00
 -1.8028311e-02
 -2.6867911e-02
 -8.9291409e-02
  1.4088664e+00
  1.1805972e+00
  5.6029350e-01
 -5.2026729e-03
  3.0532569e-01
  3.1174056e-03
  3.1338545e-04
  7.8879678e-01
  1.5730101e-01
 -2.3306680e-01
 -2.9094340e-02
 -1.2958816e+00
  1.0205709e-02
  5.0844285e-03
 -6.0327230e-03
  1.2468158e+00
  1.9598332e-01
  1.3209212e+00
 -7.6795794e-02
  8.5819125e-01
 -1.0847894e-01
 -2.4250943e-02
 -6.4902739e-03
 -7.0396990e-01
  4.6011429e-02
 -4.3355441e-01
  4.4109607e-01
  1.7152829e+00
  1.9047159e-01
 -4.8164097e-03
 -1.7192754e-01
  1.2405970e+00
 -3.3269979e-02
 -3.6500442e-01
  1.4902779e+00
 -9.3671077e-01
 -1.0213123e-01
  4.3345813e-02
 -2.5390737e-02
 -1.6279441e-01
  5.0705916e-01
  3.2965075e-02
  5.6918895e-01
 -2.6953819e-01
 -1.7342302e-01
 -9.0786934e-02
 -1.8142586e-03
 -1.0602198e+00
 -7.8485924e-01
  5.6483150e-01
  8.1524456e-01
 -8.2633190e-02
  1.8521960e-01
  7.1129872e-04
  9.0244523e-04
  9.0913177e-01
  1.2494341e+00
 -6.5426412e-03
  1.5208017e+00
  6.1335854e-02
  1.3038228e-01
 -2.8685797e-03
 -7.3052002e-03
 -2.0808120e+00
 -1.2405044e+00
  1.7432398e+00
  3.7287048e-01
 -5.7902968e-01
  8.0808699e-01
 -2.9590124e-01
 -1.2602722e-02
  2.7439770e-01
  8.6107236e-01
 -1.2455294e-01
 -6.0708094e-01
 -2.3799357e+00
 -9.3416917e-01
 -5.8782846e-03
  6.3505950e-03
 -6.0210359e-01
 -1.5669982e+00
  1.1172842e+00
  1.7559562e+00
  9.6659295e-02
 -1.4686869e-01
 -5.7237735e-03
 -1.5880449e-02
  2.9277986e-02
  4.2727375e-01
  2.6650894e-01
 -6.5267545e-01
 -6.0464835e-01
 -1.0054226e+00
 -7.6613981e-01
  1.6306486e-02
  2.3980775e+00
  4.5226970e-01
  8.1620717e-01
  1.2098950e+00
 -3.7172246e-01
  9.4033021e-05
 -7.4049775e-03
 -2.3058755e-03
 -3.6368290e-01
  1.1168583e-01
  3.3014235e-03
  3.1927952e-01
 -1.0891424e+00
 -1.8394781e+00
 -5.4223306e-02
  3.3494618e-03
 -4.2890623e-01
 -2.1316409e+00
 -3.8475549e-01
 -5.9599639e-03
 -1.4903826e+00
 -9.5533738e-03
  6.6364906e-04
 -3.7430218e-04
  1.7291689e-03
 -9.1726080e-02
 -3.1608725e+00
 -1.1001347e+00
  2.6541790e-01
  5.4970646e-01
 -1.1922852e+00
  6.6744775e-02
 -5.1072884e-01
 -5.0534040e-01
  8.9148921e-01
  7.7292168e-01
 -1.2401651e+00
  1.1739925e+00
 -3.1088027e-03
  1.2961742e-02
  9.8908961e-01
 -1.6926543e+00
  1.5880861e+00
  1.3019425e+00
  7.6492232e-01
  2.6033046e+00
 -7.7100414e-01
 -6.1961273e-03
  1.3446803e+00
  1.7941196e+00
  1.2861556e-02
 -1.2673992e-01
 -3.3238220e-01
 -5.8803763e-03
  2.6520428e-01
  6.0528872e-04
  1.2028047e-02
  5.2032197e-01
 -1.4051613e-02
  2.2280641e-01
 -2.1230383e-01
  1.1776313e-01
  1.0445372e+00
  8.0906898e-02
  1.9672252e+00
 -4.8200130e-01
  1.4512254e+00
 -3.2569158e-01
 -5.8416384e-01
 -1.1038058e-02
 -1.1937092e-02
  7.7795228e-03
  4.2722172e-01
 -1.2916062e+00
  2.0526809e-01
 -1.2637148e+00
  1.0415832e+00
 -2.0758519e+00
  1.9360999e+00
 -7.4481652e-03
 -7.5605339e-01
  1.5468305e+00
 -2.2888353e-01
  1.6266023e+00
 -2.8268218e-01
 -9.7570440e-04
  6.4484397e-04
 -6.5245344e-03
 -2.4601188e-01
  3.8743746e-01
  1.5402963e+00
  7.0020062e-01
 -4.9424219e-01
 -1.7814041e+00
 -1.6772990e+00
  1.6114947e-01
 -3.3943310e-01
  1.4443598e+00
  5.4899800e-01
 -5.8864015e-01
 -9.4223177e-01
  1.1071129e-02
  1.0601306e-01
  5.0360118e-03
  1.5709610e+00
  2.0387256e+00
  4.8553798e-02
  1.2062371e-01
 -2.7912033e+00
  2.0629753e-01
 -7.8952628e-01
  5.8311126e-03
  3.2269049e-01
  1.7060602e+00
 -1.8260373e-01
 -1.3542751e+00
  1.3668911e+00
 -4.9636349e-02
 -5.1860541e-02
  1.1654481e-02
  3.5853440e-01
  1.0516177e+00
 -1.5106753e-02
  5.5553675e-01
  4.4417909e-01
  9.6063811e-01
 -8.3021510e-01
  2.2912294e-02
  1.5394399e+00
  1.0702558e+00
 -9.9592209e-01
  2.4527213e-02
  9.3370956e-01
  1.6121943e+00
  8.5875634e-03
 -8.4335660e-04
 -5.1640177e-01
  8.2555491e-01
  3.9084700e-01
 -3.3798441e-01
  1.5355457e+00
  7.0324928e-01
 -7.4212545e-01
  2.5179273e-02
 -1.5746466e+00
  3.5874990e-01
 -6.5521693e-01
 -1.7174946e+00
  5.1453686e-01
  3.0892022e-02
  9.7297295e-04
 -2.3592513e-03
 -1.5409909e-01
  3.5710567e-01
 -6.8717538e-03
 -5.9603676e-03
 -1.1588022e+00
  6.2255982e-02
  1.3813879e-02
 -3.9298797e-01
  4.9972108e-01
 -1.7709163e+00
 -4.0731240e-02
 -9.3963323e-03
  9.9568553e-02
 -3.2081869e-01
 -1.7683035e-02
 -5.9868101e-02
  4.2567387e-01
 -1.2215129e+00
  7.0329243e-01
 -2.6006016e-01
  5.2947599e-01
  1.3597286e+00
  5.7403433e-01
 -2.1300133e-02
 -3.3843920e-01
  6.2767643e-01
  1.9960444e-01
  2.9354480e-01
 -9.0147370e-01
 -7.8701931e-01
  4.5219433e-02
  2.8248327e-03
  1.7594767e+00
 -2.9460754e+00
 -1.3309892e+00
 -5.3827512e-01
 -2.0038988e-01
  3.8478443e-01
  1.0626283e+00
 -3.3879704e-03
  6.9275683e-01
 -6.2192583e-01
  6.5439206e-01
  5.6210190e-01
 -1.4325172e-01
  2.6389655e-01
  3.5657609e-04
  1.6849631e-02
 -1.2867721e+00
  2.2971678e-01
  7.2643314e-03
 -1.3137915e-03
  6.2562996e-01
  1.9529271e-01
  9.6206024e-02
  9.4380751e-02
  1.1104507e+00
 -3.2965630e-01
 -2.1579897e+00
 -2.2681588e-01
  7.5534308e-01
 -1.5821153e-01
 -6.5681809e-03
 -6.4372406e-03
  3.5655725e-01
 -8.9276797e-01
  5.2930039e-01
  1.0427041e-01
  9.2636891e-02
  8.1303310e-01
  1.5283862e-02
 -2.2639601e-02
  1.0072086e+00
 -5.8830887e-01
 -7.5044256e-01
 -1.6981951e+00
  1.4399514e+00
 -6.3037133e-01
  3.4459609e-01
 -2.9268634e-02
  1.5084389e+00
 -5.5385751e-01
 -5.3353816e-01
 -3.4396801e+00
 -1.0183151e+00
 -4.8995641e-01
  3.8927796e-01
  1.4835964e-01
  6.0166889e-01
  2.8672494e-02
 -1.3709657e+00
 -1.4874388e-01
  9.1858995e-01
  3.8821694e-01
  7.2410196e-02
  5.6464147e-02
  6.1726999e-03
  7.5642057e-02
  1.5897824e-01
  9.5234931e-01
  1.3044177e+00
 -2.1867502e-01
 -1.7189746e-01
 -1.2615414e-03
  7.0598716e-01
  4.6786729e-02
 -1.8758986e+00
 -1.0746036e-02
 -4.4075984e-01
 -3.3051413e-01
 -5.9066147e-01
 -1.6354150e-01
  6.1277840e-02
  1.4107549e-01
 -3.0886784e+00
 -1.3567350e+00
  1.6789563e+00
 -4.1872971e-02
  1.2569189e+00
  2.1431871e-02
  8.9377187e-02
  7.8013778e-01
 -8.7709373e-01
 -2.8506500e-01
 -1.5024482e+00
  1.1557755e-01
  1.5292511e-02
  5.4934872e-03
  2.9432914e+00
 -6.6245067e-01
 -7.9231471e-02
 -2.6377564e-04
 -3.8306732e-03
 -1.1105775e-01
  8.6201727e-03
 -1.4849316e-04
 -1.7450204e+00
 -6.2026894e-01
  2.1417497e-02
 -8.4762168e-01
  1.5178214e+00
 -8.3829612e-03
 -2.1708410e-03
  2.8308253e-03
  3.0499073e-02
 -7.9869974e-01
 -2.6874850e-02
 -1.9398550e-02
  3.4219932e-03
 -3.3610287e-01
  9.4315819e-03
 -4.5616371e-03
  2.5200821e-02
 -2.1005681e+00
 -9.0288842e-01
 -1.1045958e+00
  2.2439787e+00
  7.3969372e-02
 -5.1207342e-03
  5.7406597e-02
 -1.6508263e-01
 -4.3594018e-02
  2.0330912e-02
  5.0517076e-01
 -3.9962539e-01
  6.0564846e-01
  3.0576814e-02
  4.9917693e-03
 -1.3072532e+00
  2.6720507e+00
  7.6714826e-01
  1.3437488e+00
 -9.3977362e-01
 -1.3741665e-01
  9.7049465e-03
  1.7215210e-03
  8.9770585e-02
 -1.1401885e+00
 -9.5573407e-01
 -1.5364648e+00
  9.7446966e-01
 -6.2037164e-01
  2.5599231e-05
 -2.5047259e-05
 -8.0417383e-01
  2.5377908e-01
 -8.6762577e-01
 -5.4018098e-01
 -7.0262307e-01
 -1.3601548e-03
 -2.6987463e-03
 -1.1762617e-03
  3.8020265e-01
 -2.8695953e-01
  7.1743585e-04
 -3.7744114e-01
 -1.8161587e+00
  1.2957306e-01
 -9.3024509e-04
  2.0725857e-02
  1.3102064e-01
 -1.5960636e+00
 -1.4064832e+00
 -3.9112661e+00
  1.7685472e+00
  7.9048939e-02
  8.3126271e-01
 -2.5644039e-03
  1.4842895e-01
 -3.1758314e-01
 -4.2178534e-02
  3.0817392e-03
 -1.4522918e+00
 -8.2644492e-01
 -5.3147428e-02
  2.3030238e-03
 -1.5280935e+00
 -2.6913416e-01
 -4.0791315e-01
  2.1538037e-01
  6.2827927e-01
 -4.2596483e-01
 -1.0114501e-02
  1.7466566e-01
  1.0560249e-02
 -1.4224516e-01
 -4.1876480e-01
 -2.7181827e-02
 -2.4394025e-01
  1.0554048e+00
  3.9939189e-01
  2.4222452e-03
 -1.5896230e+00
  1.0117967e-02
 -1.5004736e-01
  1.0194794e+00
  8.1008655e-01
  3.5016662e-01
 -1.6168404e-03
 -5.5590227e-02
  9.8310828e-01
  2.0796198e-01
  1.0592829e-03
 -6.7146844e-03
 -3.2255793e-01
 -4.9165866e-01
 -1.6289802e-02
 -3.4465282e-03
  3.2874662e-01
 -1.0893648e-01
  4.9795013e-02
 -1.1700701e+00
  3.6611974e-01
  1.8352265e-02
  7.0654815e-01
 -6.2373513e-03
 -2.3198061e-01
 -1.2795083e-01
  1.3103690e+00
  9.1187740e-03
  8.0967617e-01
  8.5914028e-01
  3.6275765e-01
  3.8986629e-01
  7.6063174e-01
 -5.1688641e-01
 -1.3784885e+00
 -1.7563204e+00
  1.1145591e+00
  4.1695720e-01
  2.9966900e-01
 -1.2704858e+00
  6.6748822e-01
  8.5250431e-01
  1.8743703e-02
 -8.5051906e-01
  8.1986743e-01
 -5.1701391e-01
  1.3804325e-01
  2.3127173e-03
 -3.8379917e-01
 -9.0902787e-01
 -5.3974786e-03
 -1.8670425e+00
 -1.1425105e+00
 -7.1501145e-03
 -2.2081994e-03
  5.4804108e-04
 -9.9072903e-02
 -7.2268080e-03
 -4.0680848e-02
  2.8532994e-04
  1.6498282e-03
 -2.6106334e-04
 -3.4108895e-03
 -7.0054783e-03
 -7.5831866e-01
 -3.0755827e-01
  4.7936419e-01
  9.5848209e-01
 -2.1303550e-03
  2.9979929e-01
  4.5339040e-02
  9.1462946e-03
 -1.6993145e-02
  1.3833502e-02
  1.8265547e-03
 -7.4119943e-01
 -8.8076502e-01
  5.2880114e-01
  3.0859029e-01
  1.4290356e-03
 -1.2196412e+00
 -7.2777343e-01
  2.5492868e-01
 -9.1770343e-02
  4.7505370e-01
 -1.8358074e+00
  2.3543784e-01
 -5.3637397e-01
  5.0571364e-01
  2.4670444e-03
 -5.1014093e-03
  1.0509411e-01
 -1.3411793e+00
 -5.5719143e-01
 -4.8447996e-03
 -4.2740577e-03
 -8.6098164e-01
  4.1052226e-02
  2.0363955e+00
  2.9763780e+00
 -4.4601780e-01
 -3.2367757e-01
  4.0511543e-01
  9.1955349e-02
  3.3574641e+00
  4.0435734e-01
  4.3648072e-03
 -3.1039101e-01
 -1.8772047e-02
  5.6602854e-01
  2.0036116e-01
 -7.4155559e-03
 -6.2268209e-01
 -3.1969768e-01
  9.5214987e-01
  1.5648159e+00
  6.4769512e-01
  3.7373781e-01
 -1.6655478e-01
 -1.0102522e+00
  6.2637192e-01
  4.0735400e-01
 -9.5972963e-02
  9.3418115e-01
 -2.2583749e+00
 -6.4869797e-01
  2.4742568e-03
  2.0382978e-02
  3.7169996e-01
  5.1165718e-01
  4.0817574e-01
 -8.4033388e-01
 -1.2437257e+00
 -6.2737757e-01
  2.4205016e-01
 -9.2713439e-01
 -8.4450507e-01
  4.9752947e-03
 -1.5819846e-02
  4.7301687e-03
 -1.3298050e-01
 -5.3621009e-03
  6.2077010e-01
 -1.9097734e-03
 -5.4731566e-01
  1.2662798e+00
  2.6809183e-01
  3.4380966e-01
 -8.9507036e-02
 -1.1042273e+00
 -3.1050661e-01
  1.7345461e-01
 -1.3937690e+00
  9.7973245e-01
 -4.3509007e-03
  5.8649149e-02
 -1.9629207e-01
  4.2099270e-01
  2.0699605e-01
  3.2665774e-03
 -1.2490683e+00
  1.0773675e+00
  3.8849209e-02
  3.8227409e-01
  5.2348298e-01
 -4.1042346e-01
 -2.7129233e-01
 -4.1475305e-01
 -1.4884920e-04
 -2.7476075e-01
  1.5966935e-02
 -1.1176352e-02
 -5.6988436e-01
  7.8234619e-01
  1.7208076e-01
  2.2722681e-03
  8.2674104e-01
  6.2388796e-01
 -2.7999941e-01
  9.7977138e-01
  3.8515097e-01
 -3.0479494e-01
 -9.0353385e-02
  1.9084727e-02
  3.7971702e-01
  3.4619274e+00
 -1.7973234e-01
 -3.2605064e-01
  2.4695404e+00
  6.9206107e-01
 -3.4146979e-01
 -2.8916302e-03
  4.3408850e-01
  6.1771518e-01
  1.0601112e+00
  1.9870144e-01
 -3.9871767e-01
 -2.6354862e-03
 -2.5457093e-03
  5.0896895e-03
 -5.2430062e-03
 -6.8720267e-03
  1.6081096e-04
  2.2873810e-01
  2.8135473e-01
 -8.6864524e-02
  6.3132369e-03
 -6.5710545e-02
 -6.3881716e-03
  7.7983636e-01
  2.4581544e-02
 -1.9473833e+00
 -2.8054307e-03
 -3.5567322e-01
 -3.1615628e-04
  6.2236930e-03
 -1.8296543e-03
 -3.9719660e-02
 -1.3415691e-01
  7.9104014e-02
 -4.8440307e-01
 -9.2928849e-02
 -7.0490092e-02
 -2.0445739e-03
 -1.7066810e-02
  1.4402843e+00
  3.1651508e-02
  9.7981536e-01
 -3.8087615e-01
 -5.4284704e-01
 -4.1589062e-03
  1.0839377e-01
 -9.4611335e-01
 -8.8022691e-01
 -1.1235132e+00
 -5.1573530e-04
  2.1175915e-01
 -8.0879855e-01
 -7.8630103e-03
  5.4630895e-05
 -6.6166079e-01
 -6.1943817e-01
 -1.6376156e-01
 -6.9620591e-01
  1.4130003e+00
 -8.3257575e-03
 -5.2210600e-03
 -5.1034484e-03
 -2.2332172e+00
 -1.1888727e+00
 -1.0979361e-02
 -4.1524222e-04
  5.4066297e-02
 -3.1885118e-03
 -2.4291301e-02
  4.0243234e-02
  6.4608383e-01
  4.9195367e-01
  4.2989862e-01
  1.4043065e+00
  6.6338944e-01
 -3.7623042e-01
 -4.4793722e-01
  8.7529436e-02
 -3.5825618e-02
 -1.0785028e+00
 -1.4529256e-02
 -7.3406154e-01
 -8.8744789e-01
 -1.1692263e+00
 -1.1157509e-03
 -9.0226009e-03
 -4.4401151e-01
 -5.7367694e-02
  7.7569056e-01
  7.2861813e-02
 -2.2716850e-01
 -5.9231621e-01
  2.5110429e-03
  4.1947821e-03
  8.4633720e-01
 -1.0059273e+00
 -9.5336316e-03
  8.6493010e-04
  3.8287097e-01
 -2.5294820e-02
 -1.1046200e-02
  3.3661156e-04
 -4.2425045e-01
 -6.3103014e-01
  1.5771822e+00
  5.8876872e-01
  1.3331053e-01
  1.1933554e-01
  1.0701402e+00
  2.1606822e-01
  6.4223528e-01
 -1.6267744e+00
 -1.6950747e-01
 -2.2211279e-01
 -5.5564594e-01
 -9.1997087e-02
 -2.2794785e-02
 -1.7042636e-03
 -5.9165365e-01
 -9.2575485e-01
  3.5772569e-02
  2.5341818e+00
  9.9399638e-01
  2.2437816e-02
 -2.5695662e-03
  3.2124132e-01
 -6.9148511e-01
 -6.8912941e-01
  1.4099666e-03
 -5.3343787e-03
  2.7288937e-03
  3.1504461e-01
 -2.6917031e-02
  9.3849137e-02
  1.9740921e+00
 -7.4957889e-01
 -1.4914391e+00
  2.4178548e-01
 -6.9603004e-02
 -2.9895261e-01
  1.7318003e+00
  4.2257253e-02
 -3.6355957e-01
  1.8877827e-02
  4.7691932e-01
  5.1853687e-01
  2.1425824e+00
 -1.4985977e-01
 -1.2803205e+00
  1.7411512e-01
  6.5268539e-02
 -1.0724767e+00
 -5.3505892e-01
 -1.2982731e+00
  1.4543703e-01
 -2.7470263e-03
  1.4506793e-03
  3.4173494e-03
 -1.5135868e+00
  3.6122799e-03
 -6.3115186e-03
  1.8008660e-03
  6.6410255e-01
 -1.4364845e-03
 -2.0445643e-02
 -3.9207349e-03
  8.1534006e-02
  1.6722373e+00
  7.2923636e-01
  7.5896907e-01
  1.1917391e+00
  1.7965931e-02
  2.2908185e-02
 -2.1422161e-02
  4.6405888e-01
  8.6387098e-03
  1.2967171e-01
  2.5563455e-01
 -6.7738622e-01
  1.5430743e+00
 -1.5105757e-01
  6.5310854e-03
  1.3756882e+00
 -1.2478073e+00
  3.5480478e-01
 -2.4641669e+00
  3.1690127e-01
  4.4632670e-02
  5.2096944e-02
  8.5677572e-02
  1.0884796e+00
  4.6222862e-02
  7.6064500e-03
  1.4103620e-02
 -4.6044651e-01
 -1.7601039e+00
 -5.2439731e-01
  2.6045786e-03
  1.0405762e+00
  2.7675310e-02
  8.0315769e-01
 -6.6174829e-01
  6.7232591e-01
  1.3441756e-02
 -2.8909348e-02
 -9.9894051e-03
 -9.5587003e-01
  3.8820624e-03
  2.1098217e-01
  2.5685914e-02
  1.5330105e+00
  2.1492071e-01
  1.5357836e-03
 -2.2293699e-03
 -1.4551934e+00
  3.3408022e-01
 -9.8496474e-02
  5.4915571e-01
  1.0272588e+00
  1.9259145e-02
 -1.3834321e-01
  1.3735345e-01
  6.1970373e-04
 -1.7457597e-02
  1.8324779e-02
  5.4393488e-01
 -1.4150766e+00
  4.5073634e-01
 -1.5554583e+00
 -1.0177144e+00
  6.9482064e-01
  7.1113241e-01
 -1.4221559e+00
 -6.2317409e-02
 -1.0154152e+00
  1.3663472e-02
  1.8031918e-02
 -3.2544753e-03
 -2.6147041e-01
  6.1572129e-01
  1.8941116e-02
  9.9297008e-03
  1.1877838e-01
 -1.2210037e+00
  7.4061483e-02
  7.0881392e-03
  5.2077085e-01
  4.5121111e-02
  1.7346126e-01
  9.9251240e-01
  1.4935424e+00
  9.7127082e-03
 -5.3589368e-01
  1.5309021e-02
 -1.6983829e+00
 -2.7208382e-01
 -1.9882838e-03
  5.1855063e-01
 -2.1267533e-02
 -4.4923499e-01
 -1.5784440e+00
  3.4803883e-03
 -7.9728293e-01
 -1.0541653e-01
 -7.3090774e-01
  1.2146962e+00
  1.0718544e+00
  8.5731849e-02
  5.6058127e-01
  6.7168288e-02
 -1.4792075e+00
  4.4293264e-01
  5.1271878e-03
  2.5933778e-02
 -2.4243319e-02
  6.2261421e-02
  1.2373950e-01
  1.2193885e-02
 -1.0809406e+00
  5.7571623e-02
 -5.6466186e-01
 -3.2958174e-01
  1.1624701e+00
  1.0492452e-02
 -6.1023016e-03
  1.4944093e+00
 -3.0510575e-01
 -1.5783384e+00
  5.9098322e-03
  3.6645245e-02
  3.2858595e-01
 -2.2156358e+00
 -3.7246618e-01
 -2.9030072e-03
  8.6274689e-01
 -1.2121867e+00
  5.8835143e-01
 -2.2243051e-01
  9.6139449e-01
  3.2899726e-02
  3.2930761e-03
 -1.6233142e-03
  4.4944736e-01
  3.7749247e-03
 -6.9017580e-04
  1.5112071e-01
 -1.6724999e-03
 -3.7430031e-03
  1.1406121e-01
  3.2115374e-03
  1.4755452e-03
  1.2268944e+00
  1.2085988e-01
 -1.1200793e+00
 -2.4135041e-01
 -2.4687070e-01
 -4.1828290e-02
 -4.0934145e-01
 -8.7786919e-01
 -4.7021747e-01
  2.5034840e-03
  6.6956948e-03
 -1.9872041e-02
 -2.2502308e+00
 -4.0468621e-01
 -2.6352557e-03
  1.8973744e+00
  1.1276255e+00
 -3.4646446e-01
 -1.2479316e-01
  3.2595962e-02
 -5.3102881e-01
 -4.5455024e-02
 -2.5584278e-01
  1.6226329e+00
 -1.4594604e-02
  4.9005006e-03
  1.4732970e-02
  8.9914858e-01
  1.0631400e+00
 -1.8714663e-03
  2.9274360e-03
 -8.2407111e-01
  3.1026259e-01
  1.4735246e+00
 -1.3463566e+00
  1.0351843e+00
 -3.6589117e-03
 -1.0816937e-02
 -1.6634708e-02
  1.4113288e+00
 -9.3243234e-03
  1.7885640e-03
  6.8506175e-03
  1.9851732e-01
  9.4488037e-01
 -1.1617336e-01
 -1.2852579e-01
  9.6708000e-01
 -1.9180390e-01
  1.6070621e+00
  7.7071327e-01
  1.7486960e-01
  3.8357106e-01
 -1.1693488e-02
 -8.2767659e-01
  5.1727319e-01
  2.7092590e-03
  2.1723646e-03
  2.1945210e-02
  2.9679087e-01
  3.1485793e-01
 -2.6912710e-02
 -1.5736122e-03
  1.0183851e+00
 -4.1512549e-01
 -1.2258517e+00
  1.0295226e-01
 -2.1689795e-01
 -2.0592752e-01
  9.5394971e-03
 -3.6097402e-04
  4.4898253e-02
 -1.0201052e+00
  5.8978605e-03
  3.6449658e-03
  5.9362359e-02
  4.6067736e-01
 -1.0333344e-02
  2.1244667e-03
  3.5227334e-01
  2.7848440e-01
 -9.8766655e-01
 -7.6269925e-01
 -1.1623853e+00
 -2.5995651e-01
 -1.1754069e-01
 -1.3071632e-01
  1.4228199e-01
  3.4952924e-01
 -7.7812951e-03
  1.0290241e+00
 -3.0337512e-03
  6.4653206e-01
 -2.4601024e-01
 -1.0642241e-03
 -1.5340783e-01
 -1.4669514e-01
  9.5381081e-01
 -4.8095739e-01
 -7.5138372e-01
  8.0395723e-03
 -6.4777166e-02
 -2.3149157e-02
 -5.7211753e-02
 -2.4281146e-01
  8.4039045e-04
  4.7196071e-03
  2.3271348e-03
  2.1097068e-01
  3.3612556e-03
 -4.3215007e-03
  2.2508866e-01
 -9.0372339e-02
  1.4889808e+00
  4.2004439e-01
 -1.6497721e-01
  2.2860296e-02
 -1.0941146e-01
 -3.9580444e-01
  2.7963641e-01
 -4.7701922e-01
 -3.5187989e-03
  1.3445833e-01
 -2.4237940e+00
  3.4679032e-03
  5.8371347e-01
 -2.2641888e-03
 -9.9454902e-02
 -1.3872447e+00
 -7.6658940e-01
 -1.9577166e+00
  8.9328307e-01
 -2.2160183e-03
  1.8416380e-03
 -9.0898918e-03
 -1.7565683e-03
 -1.2213587e-02
 -7.4821846e-03
  8.3176959e-01
  2.9171400e-03
  1.7464915e-03
  1.0275316e-02
 -2.2630156e-03
 -1.6560803e-01
  2.3287516e+00
 -4.9078378e-01
  4.8672631e-01
 -5.1545429e-01
  5.2720498e-02
 -8.4262406e-03
 -1.9192150e-01
  4.2905068e-01
 -8.8668334e-01
 -3.7461745e-03
  3.8783487e-02
 -5.8525330e-01
 -1.0920285e-03
  4.7645840e-01
 -3.0376595e-03
  5.0649709e-01
 -6.2312019e-01
 -1.2793196e+00
  7.6087105e-01
  1.1276628e+00
  1.0782575e-01
 -5.7569329e-02
 -4.7895169e-01
 -1.0165375e-02
 -7.2305642e-02
 -5.0079906e-01
  5.2803075e-03
  2.1243303e+00
  1.1437645e-01
 -5.3801909e-03
  4.6767393e-04
 -8.1272775e-01
  1.3531749e-01
 -2.0268279e-01
 -1.3206737e+00
 -1.3998415e+00
  2.0669341e-02
 -4.4367681e-03
 -5.1281000e-03
 -1.7477373e-02
 -6.3780648e-01
 -7.1580582e-03
  1.7507675e-01
 -5.9573998e-04
 -2.1124231e-02
  3.5255867e-01
 -3.3027612e-04
  1.0705712e-01
  1.5765288e+00
 -1.1002666e-03
  1.6928502e+00
 -4.1073915e-03
  3.2084990e-01
 -4.7587398e-02
 -1.4421284e-01
  3.1964511e-01
 -4.2793047e-01
  5.4490776e-03
  4.8624226e-04
  6.7769043e-02
  2.0798162e-01
  1.5547065e-02
  7.6647829e-03
  1.5952812e+00
  9.2881656e-01
  2.1147564e-02
 -1.0738435e+00
 -8.8381171e-01
  1.3334659e-01
 -1.1445081e-03
 -5.9161372e-03
  4.4321342e-04
 -5.1175368e-01
 -3.8490287e-04
  1.9268118e-02
 -3.6466911e-01
  1.8683414e-01
  1.5666071e-01
 -1.7176693e-03
 -4.2374903e-01
 -1.7867117e-01
 -7.2971195e-02
  3.9000323e-01
 -3.6782524e-01
  1.5282576e-01
 -1.4200785e-02
 -1.5145603e-01
 -5.0812764e-03
  9.8142326e-01
  5.0470675e-03
  7.6720389e-03
  2.1750937e+00
 -3.5219499e-01
  8.6831570e-02
 -3.7148613e-03
 -5.0312042e-01
 -6.4649493e-01
 -3.2100287e-01
 -1.5614694e+00
  7.4258173e-01
  3.2794140e-02
 -2.4915466e-01
 -1.5977570e-01
 -3.6695272e-01
  1.6511558e-03
  8.6927637e-03
  4.9767112e-03
  4.3183669e-02
  1.1868688e-04
  4.3643853e-03
 -7.9284431e-03
  4.1864593e-02
 -1.4326596e-01
 -9.5568985e-02
 -2.3671953e-01
  7.2771960e-01
  4.6828941e-02
  4.6828941e-02
  4.6828941e-02
  4.6828941e-02
  4.6828941e-02
  2.7381089e-01
  2.7381089e-01
  2.7381089e-01
  2.7381089e-01
  2.7381089e-01
  1.6558123e-01
  1.6558123e-01
  1.6558123e-01
  1.6558123e-01
  1.6558123e-01
  5.7737924e-02
  5.7737924e-02
  5.7737924e-02
  5.7737924e-02
  5.7737924e-02
  1.7484842e-02
  1.7484842e-02
  1.7484842e-02
  1.7484842e-02
  1.7484842e-02
  2.5736472e-01
  2.5736472e-01
  2.5736472e-01
  2.5736472e-01
  2.5736472e-01
