Distance (Å)  Energy (eV)  Force (eV/Å)
0.10 0.098321 1.407955
0.11 0.082713 1.699313
0.12 0.065135 1.755962
0.13 0.049061 1.376327
0.14 0.039344 0.478946
0.15 0.041208 -0.934486
0.16 0.059571 -2.808221
0.17 0.098616 -5.054436
0.18 0.161555 -7.569005
0.19 0.250525 -10.242175
0.20 0.366565 -12.965332
0.21 0.509652 -15.635020
0.22 0.678766 -18.155270
0.23 0.871969 -20.439155
0.24 1.086505 -22.410317
0.25 1.318918 -24.004938
0.26 1.565184 -25.174254
0.27 1.820880 -25.887278
0.28 2.081370 -26.132988
0.29 2.342012 -25.921138
0.30 2.598363 -25.281027
0.31 2.846356 -24.258123
0.32 3.082438 -22.909075
0.33 3.303657 -21.296057
0.34 3.507688 -19.481470
0.35 3.692811 -17.523776
0.36 3.857860 -15.474821
0.37 4.002150 -13.378584
0.38 4.125395 -11.271077
0.39 4.227631 -9.181000
0.40 4.309148 -7.130797
0.41 4.370438 -5.137845
0.42 4.412141 -3.215592
0.43 4.435021 -1.374557
0.44 4.439931 0.376850
0.45 4.427806 2.031700
0.46 4.399639 3.584089
0.47 4.356483 5.028844
0.48 4.299436 6.361361
0.49 4.229643 7.577564
0.50 4.148284 8.673949
0.51 4.056573 9.647701
0.52 3.955746 10.496850
0.53 3.847055 11.220441
0.54 3.731755 11.818696
0.55 3.611094 12.293132
0.56 3.486296 12.646639
0.57 3.358550 12.883478
0.58 3.228996 13.009223
0.59 3.098713 13.030624
0.60 2.968706 12.955428
0.61 2.839898 12.792155
0.62 2.713126 12.549853
0.63 2.589134 12.237851
0.64 2.468570 11.865525
0.65 2.351994 11.442085
0.66 2.239870 10.976396
0.67 2.132579 10.476835
0.68 2.030420 9.951186
0.69 1.933618 9.406567
0.70 1.842330 8.849391
0.71 1.756653 8.285351
0.72 1.676629 7.719432
0.73 1.602256 7.155933
0.74 1.533490 6.598510
0.75 1.470255 6.050216
0.76 1.412447 5.513559
0.77 1.359939 4.990555
0.78 1.312585 4.482783
0.79 1.270228 3.991439
0.80 1.232699 3.517393
0.81 1.199821 3.061232
0.82 1.171413 2.623313
0.83 1.147293 2.203800
0.84 1.127276 1.802705
0.85 1.111178 1.419922
0.86 1.098817 1.055258
0.87 1.090013 0.708456
0.88 1.084589 0.379221
0.89 1.082371 0.067235
0.90 1.083188 -0.227823
0.91 1.086872 -0.506271
0.92 1.093259 -0.768408
0.93 1.102187 -1.014515
0.94 1.113497 -1.244843
0.95 1.127032 -1.459617
0.96 1.142638 -1.659032
0.97 1.160162 -1.843259
0.98 1.179453 -2.012442
0.99 1.200361 -2.166704
1.00 1.222738 -2.306155
1.01 1.246435 -2.430892
1.02 1.271307 -2.541008
1.03 1.297207 -2.636596
1.04 1.323991 -2.717757
1.05 1.351515 -2.784603
1.06 1.379636 -2.837266
1.07 1.408213 -2.875900
1.08 1.437107 -2.900687
1.09 1.466181 -2.911843
1.10 1.495300 -2.909616
1.11 1.524330 -2.894294
1.12 1.553143 -2.866206
1.13 1.581613 -2.825720
1.14 1.609617 -2.773246
1.15 1.637039 -2.709237
1.16 1.663765 -2.634184
1.17 1.689688 -2.548617
1.18 1.714705 -2.453103
1.19 1.738719 -2.348240
1.20 1.761640 -2.234660
1.21 1.783385 -2.113017
1.22 1.803876 -1.983990
1.23 1.823043 -1.848274
1.24 1.840822 -1.706582
1.25 1.857157 -1.559631
1.26 1.871999 -1.408147
1.27 1.885307 -1.252857
1.28 1.897046 -1.094482
1.29 1.907189 -0.933737
1.30 1.915715 -0.771327
1.31 1.922612 -0.607940
1.32 1.927873 -0.444247
1.33 1.931498 -0.280899
1.34 1.933494 -0.118520
1.35 1.933874 0.042290
1.36 1.932655 0.200963
1.37 1.929863 0.356959
1.38 1.925527 0.509772
1.39 1.919680 0.658932
1.40 1.912362 0.804002
1.41 1.903615 0.944584
1.42 1.893486 1.080315
1.43 1.882026 1.210871
1.44 1.869287 1.335967
1.45 1.855326 1.455354
1.46 1.840200 1.568823
1.47 1.823970 1.676200
1.48 1.806697 1.777351
1.49 1.788444 1.872176
1.50 1.769274 1.960609
1.51 1.749253 2.042619
1.52 1.728443 2.118208
1.53 1.706910 2.187407
1.54 1.684716 2.250276
1.55 1.661925 2.306904
1.56 1.638599 2.357402
1.57 1.614797 2.401907
1.58 1.590580 2.440575
1.59 1.566005 2.473581
1.60 1.541127 2.501118
1.61 1.516000 2.523393
1.62 1.490676 2.540623
1.63 1.465203 2.553037
1.64 1.439630 2.560873
1.65 1.414000 2.564373
1.66 1.388356 2.563784
1.67 1.362738 2.559354
1.68 1.337181 2.551335
1.69 1.311722 2.539974
1.70 1.286392 2.525517
1.71 1.261221 2.508207
1.72 1.236237 2.488281
1.73 1.211463 2.465969
1.74 1.186924 2.441497
1.75 1.162640 2.415079
1.76 1.138629 2.386924
1.77 1.114907 2.357229
1.78 1.091489 2.326185
1.79 1.068387 2.293968
1.80 1.045613 2.260750
1.81 1.023175 2.226688
1.82 1.001081 2.191930
1.83 0.979338 2.156615
1.84 0.957950 2.120870
1.85 0.936922 2.084815
1.86 0.916255 2.048556
1.87 0.895951 2.012194
1.88 0.876011 1.975818
1.89 0.856434 1.939510
1.90 0.837220 1.903342
1.91 0.818367 1.867380
1.92 0.799872 1.831681
1.93 0.781732 1.796295
1.94 0.763945 1.761268
1.95 0.746505 1.726636
1.96 0.729410 1.692432
1.97 0.712655 1.658682
1.98 0.696235 1.625410
1.99 0.680145 1.592633
2.00 0.664381 1.560364
2.01 0.648936 1.528615
2.02 0.633807 1.497392
2.03 0.618987 1.466699
2.04 0.604471 1.436539
2.05 0.590254 1.406910
2.06 0.576331 1.377811
2.07 0.562696 1.349237
2.08 0.549345 1.321184
2.09 0.536271 1.293644
2.10 0.523470 1.266611
2.11 0.510937 1.240076
2.12 0.498667 1.214030
2.13 0.486655 1.188464
2.14 0.474896 1.163369
2.15 0.463386 1.138735
2.16 0.452120 1.114552
2.17 0.441093 1.090811
2.18 0.430302 1.067503
2.19 0.419742 1.044617
2.20 0.409408 1.022144
2.21 0.399298 1.000077
2.22 0.389406 0.978405
2.23 0.379728 0.957121
2.24 0.370262 0.936217
2.25 0.361003 0.915684
2.26 0.351947 0.895517
2.27 0.343091 0.875707
2.28 0.334432 0.856248
2.29 0.325965 0.837133
2.30 0.317688 0.818357
2.31 0.309597 0.799914
2.32 0.301688 0.781799
2.33 0.293960 0.764006
2.34 0.286407 0.746530
2.35 0.279028 0.729367
2.36 0.271819 0.712512
2.37 0.264777 0.695961
2.38 0.257899 0.679710
2.39 0.251182 0.663755
2.40 0.244623 0.648092
2.41 0.238219 0.632717
2.42 0.231967 0.617628
2.43 0.225865 0.602820
2.44 0.219910 0.588291
2.45 0.214099 0.574037
2.46 0.208428 0.560055
2.47 0.202897 0.546342
2.48 0.197501 0.532894
2.49 0.192238 0.519710
2.50 0.187106 0.506786
2.51 0.182101 0.494118
2.52 0.177222 0.481705
2.53 0.172466 0.469543
2.54 0.167831 0.457630
2.55 0.163313 0.445963
2.56 0.158911 0.434538
2.57 0.154621 0.423353
2.58 0.150443 0.412406
2.59 0.146372 0.401693
2.60 0.142408 0.391212
2.61 0.138547 0.380960
2.62 0.134788 0.370934
2.63 0.131128 0.361131
2.64 0.127565 0.351549
2.65 0.124096 0.342184
2.66 0.120720 0.333034
2.67 0.117435 0.324096
2.68 0.114238 0.315367
2.69 0.111127 0.306845
2.70 0.108100 0.298526
2.71 0.105156 0.290408
2.72 0.102291 0.282488
2.73 0.099505 0.274762
2.74 0.096796 0.267229
2.75 0.094160 0.259884
2.76 0.091597 0.252726
2.77 0.089105 0.245752
2.78 0.086682 0.238957
2.79 0.084325 0.232341
2.80 0.082034 0.225899
2.81 0.079807 0.219629
2.82 0.077641 0.213529
2.83 0.075536 0.207594
2.84 0.073489 0.201823
2.85 0.071499 0.196212
2.86 0.069564 0.190758
2.87 0.067683 0.185460
2.88 0.065854 0.180313
2.89 0.064076 0.175316
2.90 0.062347 0.170465
2.91 0.060666 0.165758
2.92 0.059032 0.161191
2.93 0.057442 0.156762
2.94 0.055896 0.152469
2.95 0.054392 0.148309
2.96 0.052929 0.144278
2.97 0.051506 0.140374
2.98 0.050122 0.136595
2.99 0.048774 0.132938
3.00 0.047462 0.129400
3.01 0.046186 0.125978
3.02 0.044942 0.122671
3.03 0.043732 0.119474
3.04 0.042553 0.116386
3.05 0.041404 0.113404
3.06 0.040284 0.110525
3.07 0.039193 0.107746
3.08 0.038129 0.105066
3.09 0.037091 0.102480
3.10 0.036079 0.099987
3.11 0.035091 0.097585
3.12 0.034127 0.095269
3.13 0.033186 0.093038
3.14 0.032266 0.090888
3.15 0.031368 0.088818
3.16 0.030489 0.086824
3.17 0.029631 0.084903
3.18 0.028791 0.083053
3.19 0.027969 0.081272
3.20 0.027165 0.079555
3.21 0.026378 0.077901
3.22 0.025607 0.076307
3.23 0.024852 0.074770
3.24 0.024112 0.073287
3.25 0.023386 0.071855
3.26 0.022674 0.070472
3.27 0.021976 0.069135
3.28 0.021292 0.067841
3.29 0.020619 0.066588
3.30 0.019960 0.065373
3.31 0.019312 0.064193
3.32 0.018676 0.063047
3.33 0.018051 0.061930
3.34 0.017437 0.060842
3.35 0.016834 0.059779
3.36 0.016241 0.058740
3.37 0.015659 0.057723
3.38 0.015087 0.056724
3.39 0.014524 0.055743
3.40 0.013972 0.054777
3.41 0.013429 0.053825
3.42 0.012895 0.052885
3.43 0.012371 0.051956
3.44 0.011856 0.051036
3.45 0.011350 0.050124
3.46 0.010854 0.049218
3.47 0.010366 0.048319
3.48 0.009887 0.047424
3.49 0.009417 0.046534
3.50 0.008957 0.045647
3.51 0.008505 0.044764
3.52 0.008061 0.043883
3.53 0.007627 0.043006
3.54 0.007201 0.042131
3.55 0.006784 0.041259
3.56 0.006376 0.040390
3.57 0.005976 0.039525
3.58 0.005585 0.038663
3.59 0.005203 0.037806
3.60 0.004829 0.036953
3.61 0.004464 0.036106
3.62 0.004107 0.035266
3.63 0.003759 0.034432
3.64 0.003419 0.033606
3.65 0.003087 0.032790
3.66 0.002763 0.031983
3.67 0.002447 0.031187
3.68 0.002139 0.030402
3.69 0.001839 0.029630
3.70 0.001546 0.028871
3.71 0.001261 0.028127
3.72 0.000984 0.027398
3.73 0.000713 0.026685
3.74 0.000450 0.025988
3.75 0.000193 0.025309
3.76 -0.000056 0.024647
3.77 -0.000300 0.024004
3.78 -0.000536 0.023379
3.79 -0.000767 0.022774
3.80 -0.000992 0.022187
3.81 -0.001211 0.021620
3.82 -0.001424 0.021071
3.83 -0.001632 0.020541
3.84 -0.001835 0.020030
3.85 -0.002033 0.019536
3.86 -0.002226 0.019060
3.87 -0.002414 0.018601
3.88 -0.002598 0.018158
3.89 -0.002778 0.017729
3.90 -0.002953 0.017315
3.91 -0.003124 0.016913
3.92 -0.003291 0.016523
3.93 -0.003454 0.016143
3.94 -0.003614 0.015772
3.95 -0.003770 0.015409
3.96 -0.003922 0.015051
3.97 -0.004071 0.014698
3.98 -0.004216 0.014348
3.99 -0.004358 0.013998
4.00 -0.004496 0.013649
4.01 -0.004631 0.013297
4.02 -0.004762 0.012943
4.03 -0.004890 0.012587
4.04 -0.005014 0.012229
4.05 -0.005134 0.011869
4.06 -0.005251 0.011507
4.07 -0.005364 0.011144
4.08 -0.005474 0.010778
4.09 -0.005580 0.010411
4.10 -0.005682 0.010042
4.11 -0.005781 0.009672
4.12 -0.005876 0.009300
4.13 -0.005967 0.008927
4.14 -0.006054 0.008554
4.15 -0.006138 0.008179
4.16 -0.006218 0.007803
4.17 -0.006294 0.007427
4.18 -0.006366 0.007051
4.19 -0.006435 0.006674
4.20 -0.006500 0.006298
4.21 -0.006561 0.005921
4.22 -0.006618 0.005545
4.23 -0.006672 0.005170
4.24 -0.006722 0.004795
4.25 -0.006768 0.004421
4.26 -0.006810 0.004049
4.27 -0.006849 0.003678
4.28 -0.006884 0.003308
4.29 -0.006915 0.002941
4.30 -0.006942 0.002575
4.31 -0.006966 0.002212
4.32 -0.006987 0.001851
4.33 -0.007003 0.001493
4.34 -0.007017 0.001138
4.35 -0.007026 0.000787
4.36 -0.007032 0.000438
4.37 -0.007035 0.000093
4.38 -0.007034 -0.000248
4.39 -0.007030 -0.000585
4.40 -0.007023 -0.000917
4.41 -0.007012 -0.001246
4.42 -0.006998 -0.001569
4.43 -0.006980 -0.001888
4.44 -0.006960 -0.002201
4.45 -0.006936 -0.002510
4.46 -0.006910 -0.002813
4.47 -0.006880 -0.003110
4.48 -0.006848 -0.003402
4.49 -0.006812 -0.003687
4.50 -0.006774 -0.003967
4.51 -0.006733 -0.004240
4.52 -0.006689 -0.004507
4.53 -0.006643 -0.004767
4.54 -0.006594 -0.005020
4.55 -0.006542 -0.005267
4.56 -0.006488 -0.005506
4.57 -0.006432 -0.005739
4.58 -0.006374 -0.005964
4.59 -0.006313 -0.006182
4.60 -0.006250 -0.006392
4.61 -0.006185 -0.006595
4.62 -0.006118 -0.006790
4.63 -0.006049 -0.006978
4.64 -0.005979 -0.007158
4.65 -0.005906 -0.007330
4.66 -0.005832 -0.007494
4.67 -0.005756 -0.007651
4.68 -0.005679 -0.007799
4.69 -0.005600 -0.007940
4.70 -0.005520 -0.008072
4.71 -0.005439 -0.008197
4.72 -0.005356 -0.008313
4.73 -0.005273 -0.008422
4.74 -0.005188 -0.008522
4.75 -0.005102 -0.008615
4.76 -0.005016 -0.008699
4.77 -0.004928 -0.008776
4.78 -0.004840 -0.008845
4.79 -0.004752 -0.008906
4.80 -0.004662 -0.008959
4.81 -0.004572 -0.009005
4.82 -0.004482 -0.009043
4.83 -0.004392 -0.009073
4.84 -0.004301 -0.009096
4.85 -0.004210 -0.009112
4.86 -0.004118 -0.009120
4.87 -0.004027 -0.009121
4.88 -0.003936 -0.009115
4.89 -0.003845 -0.009102
4.90 -0.003754 -0.009083
4.91 -0.003663 -0.009056
4.92 -0.003573 -0.009024
4.93 -0.003483 -0.008984
4.94 -0.003393 -0.008939
4.95 -0.003304 -0.008887
4.96 -0.003216 -0.008829
4.97 -0.003128 -0.008766
4.98 -0.003040 -0.008697
4.99 -0.002954 -0.008622
5.00 -0.002868 -0.008542
5.01 -0.002783 -0.008457
5.02 -0.002699 -0.008368
5.03 -0.002615 -0.008273
5.04 -0.002533 -0.008173
5.05 -0.002452 -0.008070
5.06 -0.002372 -0.007962
5.07 -0.002293 -0.007850
5.08 -0.002215 -0.007734
5.09 -0.002138 -0.007614
5.10 -0.002063 -0.007492
5.11 -0.001988 -0.007365
5.12 -0.001915 -0.007236
5.13 -0.001844 -0.007104
5.14 -0.001773 -0.006969
5.15 -0.001704 -0.006832
5.16 -0.001637 -0.006693
5.17 -0.001570 -0.006551
5.18 -0.001506 -0.006408
5.19 -0.001442 -0.006263
5.20 -0.001380 -0.006116
5.21 -0.001320 -0.005968
5.22 -0.001261 -0.005819
5.23 -0.001204 -0.005669
5.24 -0.001148 -0.005519
5.25 -0.001093 -0.005368
5.26 -0.001040 -0.005216
5.27 -0.000989 -0.005065
5.28 -0.000939 -0.004913
5.29 -0.000891 -0.004762
5.30 -0.000844 -0.004611
5.31 -0.000798 -0.004461
5.32 -0.000754 -0.004311
5.33 -0.000712 -0.004162
5.34 -0.000671 -0.004014
5.35 -0.000632 -0.003868
5.36 -0.000594 -0.003723
5.37 -0.000557 -0.003579
5.38 -0.000522 -0.003437
5.39 -0.000489 -0.003296
5.40 -0.000456 -0.003158
5.41 -0.000425 -0.003021
5.42 -0.000396 -0.002887
5.43 -0.000368 -0.002755
5.44 -0.000341 -0.002625
5.45 -0.000315 -0.002498
5.46 -0.000291 -0.002374
5.47 -0.000268 -0.002252
5.48 -0.000246 -0.002133
5.49 -0.000225 -0.002016
5.50 -0.000205 -0.001903
5.51 -0.000187 -0.001792
5.52 -0.000170 -0.001685
5.53 -0.000153 -0.001581
5.54 -0.000138 -0.001480
5.55 -0.000124 -0.001382
5.56 -0.000110 -0.001288
5.57 -0.000098 -0.001197
5.58 -0.000086 -0.001109
5.59 -0.000076 -0.001024
5.60 -0.000066 -0.000943
5.61 -0.000057 -0.000865
5.62 -0.000049 -0.000791
5.63 -0.000041 -0.000720
5.64 -0.000034 -0.000653
5.65 -0.000028 -0.000588
5.66 -0.000022 -0.000528
5.67 -0.000017 -0.000470
5.68 -0.000013 -0.000416
5.69 -0.000009 -0.000365
5.70 -0.000006 -0.000317
5.71 -0.000003 -0.000273
5.72 -0.000000 -0.000232
5.73 0.000002 -0.000193
5.74 0.000004 -0.000158
5.75 0.000005 -0.000126
5.76 0.000006 -0.000097
5.77 0.000007 -0.000070
5.78 0.000008 -0.000046
5.79 0.000008 -0.000025
5.80 0.000008 -0.000006
5.81 0.000008 0.000010
5.82 0.000008 0.000024
5.83 0.000008 0.000036
5.84 0.000007 0.000045
5.85 0.000007 0.000052
5.86 0.000006 0.000058
5.87 0.000006 0.000061
5.88 0.000005 0.000063
5.89 0.000004 0.000064
5.90 0.000004 0.000063
5.91 0.000003 0.000060
5.92 0.000002 0.000057
5.93 0.000002 0.000052
5.94 0.000001 0.000046
5.95 0.000001 0.000040
5.96 0.000001 0.000033
5.97 0.000000 0.000025
5.98 0.000000 0.000017
5.99 0.000000 0.000009
6.00 0.000000 0.000000
