600	600.11	0.000	-0.000	0.000	140517.462	52.423	52.412	51.142
650	650.05	0.000	-0.000	-0.000	140904.200	52.449	52.446	51.224
700	699.74	-0.000	0.000	0.000	141295.767	52.466	52.462	51.334
750	749.83	0.000	0.000	0.000	141700.022	52.481	52.469	51.459
800	799.77	0.000	0.000	-0.000	142119.248	52.430	52.426	51.703
850	850.44	-0.000	0.000	0.000	142561.109	52.262	52.243	52.214
900	900.03	-0.000	0.000	0.000	142982.263	52.297	52.290	52.286
1000	1000.01	0.000	-0.000	-0.000	143882.079	52.415	52.407	52.380	
1100	1099.75	-0.000	0.001	-0.000	144814.060	52.524	52.512	52.504
1200	1200.06	0.000	-0.000	-0.000	146024.530	52.668	52.655	52.655
