nep4_zbl 4 Li La Zr O 
zbl 0.9 1.8
cutoff 6 4 95 30
n_max 4 4
basis_size 8 8
l_max 4 2 0
ANN 30 0
  4.4139600e-04
  1.0200866e-02
 -1.2872263e+00
 -7.2827148e-01
 -1.3670474e-02
  2.9218584e-02
 -7.5694118e-03
  1.4329691e-02
  6.7766351e-03
  1.6445801e-01
 -1.8337780e-03
 -1.8057685e-02
  1.1857350e-02
 -1.8910085e-03
 -2.6379706e-02
  1.4838482e-01
 -1.6241182e-02
 -1.3956449e-02
 -1.3224485e-03
 -1.2415850e-02
 -3.3930005e-04
  1.2774174e-02
  1.0854437e-02
  1.4911946e-03
  1.8074296e-03
  6.5036630e-03
 -1.0727077e-03
 -7.5962208e-03
 -1.9540517e-02
 -3.9794934e-03
  5.4646008e-02
 -4.9980313e-01
 -6.0153592e-01
 -1.4003477e+00
  3.5723343e-01
 -3.6531433e-02
 -2.2914424e-03
 -3.6747018e-01
 -1.7385541e-01
 -4.4642594e-01
  1.1203893e-01
  2.5995836e-01
 -7.6317608e-01
 -2.9851624e-01
 -1.2951963e+00
  2.2226450e-01
  2.1592181e+00
 -5.1236004e-01
 -9.3817019e-01
 -6.2769854e-01
 -8.1715845e-02
  1.1923504e+00
 -8.7253100e-01
  5.9987037e-03
 -1.0145321e+00
 -4.4731530e-03
 -8.3718728e-03
  1.4993083e-02
  8.0276020e-03
 -5.6847748e-03
  4.5976575e-04
 -2.8352049e-01
  1.6802831e-02
  8.4074121e-03
  2.7537692e-01
  7.0262407e-03
  3.2980968e-03
  6.4357603e-03
  5.1615480e-03
 -3.1251151e-03
 -4.0507814e-04
 -2.1581415e-03
 -2.3815501e-02
 -7.1803150e-03
 -4.6509656e-04
 -2.9179726e-03
  3.0035134e-03
 -1.7342714e-03
  5.2337125e-03
 -1.0293734e-02
 -8.0360398e-03
  1.2442852e-02
 -1.3543408e-02
  2.2812488e-02
  2.5871594e-03
 -1.6644116e-02
 -1.5141154e-02
  1.7581437e-02
 -8.7775392e-03
  2.5191072e-02
 -1.4767904e-02
 -4.2659792e-01
 -2.0098907e-01
 -1.6452791e-01
  4.0057781e-01
 -9.2638411e-02
  5.4903310e-02
 -1.0420213e-01
 -2.3688804e-02
 -3.2624719e-01
  4.8274070e-02
  1.4281501e-01
 -3.6514064e-03
 -2.3852218e-02
 -3.7376955e-01
  8.3991989e-02
  6.1355479e-02
 -6.4355874e-01
 -8.5133329e-02
 -3.7628844e-01
  4.3809792e-01
  5.1464814e-01
 -1.3857996e-01
  2.1539284e-03
 -1.7783727e-01
  6.3137463e-03
  3.9543696e-02
  3.1990721e-03
  1.1534259e-03
 -1.0976926e-02
  6.9725108e-03
 -7.7053811e-03
 -4.7962307e-03
 -1.2115876e-02
 -2.5018463e-02
 -2.6285163e-01
  1.0581665e-01
 -3.4829127e-03
  1.6635615e-02
  5.4643960e-03
  9.4081676e-03
  3.0321020e-03
 -5.4732682e-03
 -3.0299192e-02
 -8.3902571e-03
  1.1308586e-01
 -1.8001404e-02
 -4.5078979e-03
  6.2027508e-03
  2.0368082e-02
  1.7962668e-03
  6.9609727e-03
  1.2704857e-02
  7.1777566e-03
 -3.8811699e-03
  5.6898829e-02
  1.4858644e-02
  5.9662750e-03
  2.6958188e-02
  4.5370706e-03
 -3.3192638e-02
 -8.5067218e-03
 -2.1320313e-02
  1.1743055e-02
 -1.2012990e-01
 -7.8771800e-02
 -6.7612473e-03
  4.0061768e-02
 -2.2827417e-02
  1.7982705e-01
 -9.7353468e-03
 -8.2196176e-02
  2.7286625e-03
  3.5573640e-03
  2.8124556e-01
 -5.5311292e-02
 -4.3445593e-03
  8.1438231e-01
  1.0371363e-01
  1.4891902e-01
 -3.1221785e-02
 -1.9477616e-01
  9.4263263e-02
  1.7582425e-03
 -1.7265578e-04
 -4.8972541e-03
 -1.5515191e-02
  6.7385370e-03
 -6.8809977e-04
 -5.3411522e-03
  1.0887638e-02
  1.3842220e+00
  2.0727612e-02
  2.0956505e-02
  1.3899737e-03
 -1.2193113e-02
 -1.1697438e-02
 -1.5042447e-02
  3.7551874e-03
 -1.2312649e-02
 -8.6217787e-04
  1.6984629e-03
  3.0857326e-02
  9.5312530e-04
 -4.8909285e-03
  2.5122594e-03
  2.5300104e-02
 -1.6483786e-02
 -6.8534054e-03
  1.0143668e-02
  5.1827831e-03
  4.8482190e-03
  2.9378297e-02
  1.4164295e-02
  4.6072444e-03
  6.8634572e-03
  8.6375363e-03
  3.8793546e-03
  8.3614560e-03
  1.3385891e-02
 -6.0514100e-02
 -7.9363631e-03
 -9.0482533e-03
  7.4940925e-03
 -6.7365407e-03
 -6.9477232e-03
  1.4316100e-03
  1.8153561e-02
 -7.2238329e-03
 -7.4303830e-03
 -6.4834827e-03
 -1.2595834e-02
 -5.1599685e-03
 -1.8892081e-02
  4.7316230e-04
 -6.0207439e-03
  1.7921541e-02
 -6.1605673e-04
  1.1005243e-02
 -2.4304401e-02
 -2.4974423e-02
 -2.3895390e-02
 -5.4266974e-03
 -1.4986729e-03
  1.2309163e-02
  1.0332336e-02
  9.9481381e-03
 -1.3881107e-02
  1.8333978e-03
  7.6526883e-03
 -1.2573106e-02
  6.0381009e-03
 -5.3788805e-01
 -3.0813336e-02
 -5.8997917e-04
 -6.1678939e-04
 -5.5797254e-03
  1.2647014e-02
 -8.9933566e-04
 -2.0972835e-02
 -1.8469835e-02
 -2.2265276e-04
 -4.6550133e-03
  3.4167459e-03
 -2.6965586e-02
 -7.4815988e-03
  2.5149304e-02
  5.7556690e-04
  1.2975405e-02
 -1.7234292e-02
  4.3802448e-03
  2.5003224e-03
 -1.3370569e-02
  7.0144543e-03
  7.9690166e-02
 -1.3769466e-02
  1.4381353e-02
 -2.4654632e-02
 -1.2410390e-04
  1.5361322e-02
  3.4299372e-03
  3.2444710e-01
 -2.5456515e-01
 -5.8845254e-03
  1.2918608e-02
 -8.2763387e-03
 -1.8961668e-02
 -7.7437060e-03
  2.4876575e-04
 -2.4749294e-02
 -8.4092626e-03
  8.2072578e-02
  2.7068791e-03
 -4.0218811e-02
 -9.3494333e-02
  5.1122945e-02
  8.7721869e-03
 -2.3414681e-02
 -7.6657883e-03
 -1.0022847e-01
  4.9565017e-02
  2.4485063e-02
 -1.7383484e-02
 -8.6629447e-03
 -4.1228291e-02
  1.5513804e-02
  3.7258381e-01
  5.2974117e-03
 -2.1306485e-02
  7.4778165e-04
  2.1780785e-02
  6.2820623e-03
 -9.8458054e-03
  7.2557755e-02
 -2.2820918e-01
  2.1131085e-02
 -6.4636231e-03
  4.8381118e-03
 -4.7810385e-03
  5.1477659e-03
 -4.2127655e-03
 -4.9094286e-02
  7.2845377e-02
 -9.1414396e-03
  1.5342243e-01
 -1.5072499e-01
  7.5547510e-01
  4.6150852e-02
  8.9178681e-02
  7.2813191e-02
 -5.4447684e-03
 -1.6594540e-01
  3.9687485e-02
 -1.4910022e-03
  3.7382534e-03
  1.3903677e-02
 -2.0181816e-02
 -3.7685591e-03
 -1.2560452e-02
  1.8695425e-02
  4.6065389e-03
 -2.1028136e-01
 -8.7020254e-01
 -1.9477135e+00
  2.4076324e+00
 -4.7628233e-01
 -1.0587382e+00
 -4.7511509e-01
  3.1662199e-03
 -3.3615220e-02
 -3.8160842e-02
 -5.6758201e-01
 -8.8829505e-01
 -8.3175793e-02
 -2.7008139e-02
  6.1258793e-01
 -1.1727539e+00
 -3.0539513e-01
 -3.7536401e-01
 -5.8627105e-01
  2.8307959e-01
 -7.0164031e-05
  6.1243083e-02
  7.4880430e-03
 -1.2347791e-03
 -3.9839051e-03
  1.2513463e-02
  2.5520765e-03
 -2.3831295e-02
  1.0293311e-03
  1.9174241e-02
  1.3415703e-03
 -2.2856243e-02
  1.6535634e-01
 -1.1644681e-02
 -1.1955811e-02
 -2.1832583e-04
 -2.3748897e-02
 -5.0178552e-03
  9.8113734e-03
  7.5872015e-04
  6.4850850e-03
 -7.7812402e-03
 -1.4142441e-03
  2.1325333e-01
 -1.5785923e-02
  4.9392777e-03
 -1.9907046e-03
  1.5440473e-03
 -9.3326066e-03
  1.1922657e-02
 -5.2375823e-02
 -2.9012170e-02
  1.3058818e-03
  1.5753987e-03
  6.8888185e-03
 -3.4843717e-02
 -1.5213373e-02
  6.2605029e-01
 -7.5290003e-03
  9.1903731e-03
 -2.3408473e-02
 -4.1555798e-01
  1.8969730e-02
 -1.1645148e-03
  5.7844841e-03
 -7.6923547e-03
  5.9163116e-02
  1.4592457e-01
 -4.4331313e-03
 -9.9730049e-04
 -6.1825132e-01
 -1.0930238e-02
 -1.2374878e-02
  2.9890729e-02
 -3.9748013e-02
 -8.4102703e-03
  1.0871105e-05
 -5.7249544e-03
  9.9744392e-04
 -4.9747801e-03
 -7.5427187e-03
 -5.2370196e-03
 -4.2674843e-02
 -4.8491252e-03
 -2.7000797e-03
  6.0762805e-03
  3.6231097e-02
 -1.9151364e-03
 -1.6512919e-02
 -3.1035778e-03
  3.3405151e-03
  1.0595521e-01
  1.4476283e-02
  2.0698098e-02
 -2.6924349e-03
 -1.4728993e-03
 -1.1820636e-03
 -1.0056048e-02
 -1.4252476e-02
  2.0326141e-02
  3.5962460e-04
  4.7613746e-03
 -1.6320243e-03
 -1.0756616e-02
 -5.5813660e-05
  5.4308008e-03
 -1.5235019e-02
  2.1050014e-03
  1.4994173e-02
 -3.0486202e-03
  3.1586716e-04
 -3.3195972e-02
 -1.9685192e-02
 -1.7909499e-02
  7.0695188e-03
  5.4700486e-03
 -2.0949758e-04
  2.6926750e-03
 -4.2900159e-03
  1.6116118e-02
 -1.4437952e-02
  1.9877812e-02
 -1.3308875e-02
  1.6446754e-01
  1.3212934e-02
  2.2515642e-02
  2.5756937e-02
  4.3668966e-03
 -2.6175082e-03
 -3.4773453e-05
  5.9375629e-02
 -2.0710353e-02
 -8.4500229e-03
 -1.9802514e-04
 -3.6846837e-03
 -8.9342676e-02
 -1.5721012e-02
 -1.0287114e-02
 -8.8091334e-03
 -1.5406113e-02
  5.2277751e-02
  3.1700969e-02
 -1.3818774e-02
 -1.6021131e-02
 -1.4500126e-02
  2.4061119e-02
  9.5904907e-03
  3.7038464e-02
  1.8862495e-02
 -6.3043246e-03
  2.0898362e-01
  3.2009520e-02
 -9.5522963e-02
  4.2029449e-01
 -5.1546153e-02
  1.3599508e-02
 -2.1099283e-01
 -7.4620591e-03
 -4.6080533e-01
  8.4056417e-03
  2.4719173e-01
 -1.3392648e-01
 -2.1098354e-01
 -2.1484414e-01
  1.0993512e-01
  9.2426063e-03
 -4.9241696e-02
 -1.6269396e-01
 -2.5824383e-01
  6.8053268e-03
  5.7699645e-01
 -5.8575666e-01
  1.6888396e-03
 -3.9812854e-01
 -7.5108925e-04
 -9.6200565e-05
 -2.4717113e-02
  2.0303357e-02
  2.3738928e-03
  1.1477260e-02
 -2.3397647e-03
 -5.0727390e-03
  5.1914304e-03
 -4.8622314e-02
  2.2573644e-02
 -9.1826487e-03
 -7.3380186e-03
  2.0546665e-02
 -1.4307016e-02
 -7.1061283e-01
  2.5170203e-03
 -1.3321113e-03
  2.1157698e-03
  1.9915551e-03
 -4.0267347e-04
  1.8342793e-03
  8.8768243e-04
 -1.0001957e-04
  1.1850113e-02
 -8.6354213e-03
  5.9494101e-03
  1.5681457e-02
  7.5416975e-03
  7.4006524e-03
 -4.4048848e-03
 -2.6727687e-03
 -7.0383474e-03
 -6.4925384e-03
  5.7437434e-03
  5.4181957e-01
  1.3107251e+00
  2.3177180e-01
 -1.1667409e-01
  3.4098537e-03
 -9.3246130e-03
 -9.3970872e-02
 -3.7076678e-03
 -5.9123840e-03
 -1.5102208e-02
 -7.4149049e-03
  4.1105855e-02
 -5.8179861e-03
  6.2937709e-03
 -1.0237269e-03
  1.0730155e-02
 -7.3360810e-03
  6.5856269e-03
  2.3438927e-02
  2.2551375e-03
 -9.6663591e-03
 -6.1038760e-03
 -5.5323326e-04
  7.2759774e-04
  1.1340420e-02
  5.5020838e-03
  7.5477227e-03
 -2.0827137e-02
  1.5324962e-02
  1.7424952e-03
 -8.4288493e-03
 -4.3579379e-01
  4.7121835e-01
 -1.8575219e-02
 -1.1324453e-02
  1.9308532e-03
  3.7317742e-02
 -8.5392945e-02
  1.0468828e-02
  1.2312066e-02
 -1.5460283e-03
  6.2179053e-05
 -2.6751719e-03
 -1.7153203e-02
  3.5330837e-03
  1.1650710e-03
 -4.9319379e-03
 -6.8742171e-04
  1.7277369e-02
  4.8850019e-02
 -4.5598736e-05
 -7.4850587e-04
 -1.9247623e-02
  2.9982149e-03
  2.8073197e-04
 -1.3746773e-03
  3.5946965e-03
  1.7534651e-02
  9.7322702e-02
 -9.0192555e-04
 -5.6678909e-01
  9.9841356e-01
  4.2605218e-01
 -4.4034682e-02
  5.3766917e-02
 -4.0787968e-01
  1.2914848e+00
 -3.5450301e-01
 -5.2131783e-02
 -5.9819845e-03
  1.1532693e-01
  3.3278775e-01
 -1.1072754e+00
 -2.3796514e-01
 -3.6021626e-01
  2.4503742e-01
  9.9363720e-01
 -3.4715015e-01
 -1.9629551e-02
 -3.0422311e-03
  3.3922455e-01
  4.2681247e-01
 -4.9970105e-01
  1.1437815e-02
 -7.0205536e-03
 -3.9487919e-03
  5.3082681e-01
  8.1397586e-02
 -2.3411929e-03
  6.7052073e-03
  5.4095378e-03
  1.3004957e-03
 -2.5218118e-03
 -5.2766087e-03
  6.3079651e-03
 -5.8526699e-03
  5.8832723e-03
 -1.7751954e-04
 -1.4421898e-03
 -4.0218672e-03
 -3.3008426e-02
  2.2989945e-03
 -1.3908089e-02
  6.5424829e-03
 -1.2759784e-02
 -2.2517605e-02
  6.3491944e-04
  2.3529230e-02
  8.8425130e-03
  5.8723553e-03
  1.9434244e-04
 -1.7647389e-02
  1.5958599e-03
 -9.8808827e-03
  7.0561154e-04
  1.9702855e-02
  2.8627191e-02
  1.2411144e+00
  2.7830536e-02
  1.1987830e+00
 -7.1466239e-03
 -1.4328493e-01
 -7.8203571e-01
  8.2448311e-03
 -1.2982847e-01
  8.8128773e-03
 -1.5124765e-02
 -1.0176332e-01
  5.4502692e-03
  1.8295070e-02
  1.3373638e-02
 -9.6258437e-03
 -6.0785534e-03
  5.5916277e-03
  2.0005373e-02
  2.0155266e-02
  1.2793195e-02
 -1.2217792e-04
 -2.0990612e-03
 -6.4825594e-02
 -1.0497687e-02
  3.8380849e-03
  5.3517311e-03
  8.2437508e-03
 -5.1197060e-04
 -1.1369861e-02
  7.2172880e-02
 -8.7922169e-03
  2.7277978e-02
 -1.0880628e-02
 -7.8661023e-03
 -1.5483201e-02
  2.5433225e-03
 -2.7078707e-02
  2.5111858e-02
  1.1478629e-03
  1.4433816e-02
  3.8842254e-03
  1.1287096e-02
 -5.2409235e-04
  1.8110346e-02
 -3.0951623e-02
  7.3807151e-03
  9.9108210e-03
 -1.3444787e-03
 -3.7272069e-01
  1.3705065e-02
 -3.6729779e-02
  8.8659108e-02
  1.9661379e-03
 -9.2466492e-03
 -1.1454126e-02
  1.8143257e-02
 -4.5925453e-03
 -1.4339179e-02
 -7.1768598e-03
  1.1697333e-02
  1.0445519e-02
  4.3827384e-03
  5.0062262e-03
  9.0911106e-04
  6.5488172e-01
  5.6975728e-01
 -1.7694804e-01
 -3.3947739e-03
 -3.7473124e-01
  2.2195434e-02
 -4.6706159e-02
 -2.5793979e-02
 -1.2800649e-02
 -1.7658852e-02
  3.5572355e-03
 -5.5358056e-03
  5.7994961e-03
 -2.0447383e-02
 -3.9095371e-03
  2.9159943e-03
 -2.7409678e-02
 -6.6361236e-03
  9.5864087e-03
  1.7999856e-02
  3.4102764e-02
 -5.0310600e-03
  2.7271742e-01
 -3.5558771e-02
 -4.9891716e-01
 -1.2341686e-02
 -8.5638901e-03
  5.5096019e-03
  1.3154891e-03
 -5.1609189e-03
  6.4364821e-02
  1.9752727e-01
 -4.5381500e-03
 -2.4050809e-01
 -1.4623601e-02
  7.8909248e-03
  4.9866226e-02
 -9.9227289e-03
  3.5193898e-02
  1.8226916e-03
 -1.7292863e-02
  6.3461639e-02
  4.2772945e-04
  4.4747904e-02
 -7.1070436e-03
 -1.3811714e-02
  8.7689862e-02
  1.2514338e-02
 -8.6863358e-03
  2.5970992e-04
 -3.6576115e-02
  7.9593711e-02
  6.7687500e-03
  6.8346977e-02
 -1.6319461e-02
  3.9600264e-02
 -2.3860220e-02
  3.8023978e-03
 -7.0430845e-04
  1.3270009e-02
 -4.9131857e-03
 -8.1715919e-03
 -1.1994010e-02
 -9.8897442e-03
 -1.1023878e-02
 -1.3080293e-02
 -8.5416306e-03
 -8.9750253e-04
 -1.1782269e-02
 -4.7227458e-04
  2.0215768e-02
 -1.2424686e-02
 -5.2462388e-03
 -1.3177122e-03
 -1.5136029e-02
 -1.6660037e-02
  1.5454938e-02
 -1.4188000e-02
  1.0602698e-03
  1.8098671e-02
  5.9157033e-03
  8.9091985e-03
 -9.6212310e-04
  1.1873056e-02
 -1.7405165e-02
  3.7182890e-02
  7.2170426e-03
  3.7249129e-02
  1.4075429e-02
  7.1215719e-02
 -1.9219933e-01
 -1.0796596e-03
  9.3302912e-01
 -7.5477272e-01
  6.5624028e-02
 -1.4859325e-01
  7.4766979e-02
  4.1656006e-02
  1.2910675e-02
 -2.3187587e-02
 -1.4465141e+00
  1.1817940e-01
  1.0232878e-03
  4.2512115e-02
 -1.2480389e-01
  2.2850718e-02
  3.8967919e-01
  4.0630508e-02
  3.5222316e-01
 -2.8417554e-01
 -9.0150431e-02
  7.5357430e-02
 -1.8198056e-02
  2.1867502e-02
  1.4083152e-02
 -6.8282890e-03
 -4.2880909e-03
 -2.3561200e-02
  2.7483196e-03
 -6.9158454e-03
 -6.4559832e-02
  6.2368680e-03
  8.3196843e-03
 -8.1897482e-02
  7.1180318e-03
 -9.1159530e-03
  1.2597440e+00
  2.9449811e-02
 -1.2594961e-03
 -4.3356409e-03
 -5.4446783e-02
 -8.3437655e-03
  5.8167875e-03
 -8.2227409e-02
 -1.0719090e-02
  3.2515716e-02
 -1.7514386e-03
  1.7665522e-02
  1.1185445e-02
 -4.9222168e-03
 -3.6964647e-02
  6.1068092e-02
  7.3407561e-02
  1.6495993e-02
  3.4463322e-03
  3.0646918e-02
  3.3234181e-03
  4.7614211e-03
  7.8154579e-03
  1.3508485e-01
 -1.3249760e-02
  2.3946590e+00
 -9.2768547e-04
  2.5638608e-02
  6.0207737e-03
  7.4883614e-04
 -5.7687247e-03
  8.0410847e-03
 -7.9972374e-01
 -1.9701457e-02
  1.4053835e-02
 -1.6245716e-03
  2.4512248e-02
 -3.5328606e-01
  1.3656475e-02
  1.1831233e-02
  1.0023995e-02
 -2.5516136e-02
 -1.3070196e-02
  4.3310705e-03
 -5.8859214e-03
 -1.4294227e-02
 -8.6218463e-03
 -1.5010024e-02
  2.8803276e-02
  2.7300813e-03
  1.6055176e-02
  2.0782226e-03
  1.8358300e-02
 -6.0558631e-03
  5.5027741e-01
 -1.2855510e+00
 -2.1974535e-01
 -1.4346294e-02
  2.9728783e-03
  1.4862911e-02
  2.5290926e-03
 -6.9439425e-03
 -5.7184480e-02
  3.2802324e-03
 -1.2885407e-01
 -4.1430797e-02
  2.9803625e-01
 -2.9773919e-02
 -3.0601393e-03
  3.0790074e-03
 -4.5201462e-03
 -4.9696624e-01
 -1.1482821e-01
 -6.8607152e-02
  8.8567566e-03
 -2.6187223e-01
 -3.1228963e-02
  1.3989608e-02
 -2.7005782e-02
 -7.5339884e-03
  1.1040492e-01
 -3.9597317e-03
 -1.3342410e-03
 -1.7999388e-02
 -5.1480329e-01
 -6.6528425e-02
 -3.5659659e-01
 -3.2250274e-03
  3.2630041e-01
  1.8271381e-01
 -3.2861304e-02
 -1.6514193e-01
 -6.1943102e-01
  2.1019651e-01
 -4.2170203e-01
  1.3629550e-02
  1.1731223e-01
 -9.8828807e-02
 -1.2654784e-01
 -4.1087693e-01
  3.8431186e-02
 -4.9354336e-01
 -2.5152802e-01
 -5.5156541e-01
  5.1368672e-02
  4.7769722e-01
  2.3487486e-02
 -1.2475924e-01
  2.1097590e-01
 -3.4895416e-03
  2.7349874e-01
  1.1095337e-01
 -3.7599973e-02
 -4.7802515e-02
 -6.6353664e-02
 -4.7587052e-01
 -1.8187428e-01
 -5.6159345e-04
  8.2197227e-03
  3.9070798e-03
  6.7183366e-03
  4.9053216e-03
  4.7382820e-02
 -1.2676699e-02
 -6.8904515e-03
  1.4751079e-02
 -5.1081600e-03
  2.7239839e-02
 -4.4707861e-03
 -3.1694476e-02
 -3.3480285e-03
  5.5502737e-03
 -1.0280188e-02
 -1.9640196e-02
  2.4287459e-02
  1.0176684e-02
  1.6571691e-02
 -6.3043917e-03
  4.5658988e-03
 -6.5714023e-03
  1.2075225e-02
  2.4796971e-03
 -3.0283399e-03
 -2.9720273e-02
 -1.5150300e-03
 -1.1303853e-02
  2.6739016e-02
 -2.3777147e-03
 -3.2480504e-02
  2.1165760e-02
  4.0316814e-01
  5.7707191e-02
 -1.0470955e-02
 -1.5709291e-03
  6.0389205e-03
 -3.9465416e-02
 -1.8594246e-02
 -1.3770548e-02
 -1.0140848e-02
  1.0719925e-02
 -2.7644855e-03
  2.0804885e-03
  1.6362645e-02
 -6.4200340e-03
 -5.2230316e-03
  1.5357666e-02
  1.4011671e-02
 -1.0997657e-01
 -3.5462356e-03
 -1.2953654e-03
  7.9300636e-03
  1.6057801e-02
 -7.8085349e-03
  9.3110573e-01
  6.9630682e-01
 -4.7607774e-01
  3.2288903e-01
  8.8176295e-02
  7.8788400e-03
  4.1255516e-01
 -5.5039857e-02
 -4.1420761e-02
 -3.6055821e-01
  7.6957472e-04
 -7.4050166e-03
 -1.7604411e-01
  1.4768737e-02
 -5.4472733e-01
  3.4535962e-01
 -4.5635498e-01
 -4.6394113e-03
 -8.6125825e-03
 -2.7986363e-01
 -4.6354022e-02
 -7.1467862e-02
  2.4684912e-01
  1.5817825e-02
 -1.0385625e-01
 -1.5692396e-02
 -7.4775573e-03
 -4.8701973e-03
 -1.2391536e-02
  2.2049144e-02
 -1.0875825e-02
 -3.5560384e-01
  3.1204257e-02
 -2.8963367e-02
 -1.1672043e+00
  2.2380495e-02
 -2.2741398e-03
  9.6608456e-03
  2.5563371e-01
  1.8103790e-02
 -5.5992687e-03
 -4.8521552e-03
  3.1150209e-02
  9.4695220e-04
  3.0367712e-03
 -1.1521568e-02
  1.5767690e-02
  3.3936333e-02
 -2.2001949e-03
  2.1610921e-03
  4.4857569e-02
  1.6325645e-02
  4.5258990e-03
  7.0048397e-04
  1.7348301e-02
 -1.0744048e-03
  2.7424451e-03
 -7.8712252e-04
 -1.3750904e-03
 -2.0777246e-03
  2.0968078e-01
  1.3380246e-01
 -2.5722111e-02
 -1.3944259e-02
  1.4267412e-01
 -4.0788325e-03
 -6.0466183e-03
 -4.7030086e-03
 -8.7907556e-03
 -8.9604221e-02
  1.3503771e-02
 -3.0605976e-02
 -7.3589133e-03
  1.9502845e-02
 -6.0071811e-02
  6.7358781e-03
 -3.1034086e-02
 -7.6076947e-04
 -2.3548218e-05
 -1.1833094e+00
 -9.4742365e-03
 -6.7211591e-02
  4.6088216e-03
  1.3088908e-02
 -1.0278986e-01
 -2.5984088e-03
 -6.1490983e-03
  6.2746211e-04
  1.2727474e-02
 -3.5016511e-03
 -5.4737777e-01
  1.5182315e+00
  4.3974331e-01
 -8.3173200e-02
 -3.1557065e-02
  2.0541837e-02
 -3.7707411e-02
 -3.5999697e-02
 -7.6413057e-03
  1.2665009e-03
  1.2455756e-03
 -1.3228307e-03
  2.2047602e-02
  2.6141277e-02
 -1.0636295e-02
 -2.0067643e-01
 -1.4117694e-02
  2.1364149e-03
  1.6554749e-03
 -3.8569063e-02
 -5.2452250e-03
  1.0703448e-03
  1.7724736e-03
  3.0011525e-03
  1.4013484e-02
  1.8220263e-02
 -6.2688888e-04
  4.0782522e-03
  9.4208065e-03
  1.7836159e-02
  8.5727042e-03
  1.9085078e-02
  2.8238259e-02
  7.8087673e-03
 -6.4198114e-02
  4.5008388e-01
  5.6810235e-03
  4.6383370e-02
 -3.2926577e-03
  2.1893034e-02
 -3.5092460e-03
 -8.7465189e-04
  3.2045047e-03
  1.0958919e-03
  2.7849863e-03
 -1.1550427e-02
  1.3074234e-02
  1.2611746e-02
  1.1320831e-04
  2.0391041e-02
  2.0624341e-03
 -2.3827808e-02
  1.0835041e-02
 -2.4362688e-03
 -3.2112817e-03
 -1.7695587e-02
 -1.3455763e-02
  1.6723422e-02
 -2.9976883e-03
 -4.2232503e-03
  3.6046821e-01
 -2.7035716e-01
  4.7027585e-01
 -3.4221847e-02
  1.0190256e+00
  8.4583223e-04
 -2.7599674e-01
  6.6351388e-03
  8.5391767e-02
  3.1410518e-01
 -9.2605591e-01
  3.0575844e-02
  2.6627257e-01
 -1.4981305e-02
  3.4207073e-01
  1.2266843e-02
  2.3193450e+00
 -2.8150144e-01
 -6.0438220e-03
  2.6829401e-01
 -2.6044585e-02
  3.9891917e-02
 -4.3711066e-02
  3.1241977e-03
  9.3918979e-02
  1.2465736e-02
 -8.9601969e-04
 -9.2657888e-03
 -4.4682357e-03
  8.0075953e-03
 -1.1148492e+00
 -2.2120759e-04
 -2.5898832e-01
  1.3290879e-01
 -2.9634469e+00
  3.0354779e-02
 -1.6775974e+00
  3.2538065e-01
  8.6937612e-01
  7.4584877e-01
 -4.0827855e-01
  1.3121678e-01
  1.2784970e-01
  2.5373316e-01
  9.6370578e-01
 -2.9953634e-02
 -1.0675668e+00
 -4.0679544e-01
  2.6217049e-01
  9.2177874e-01
  1.7341121e-01
  5.7256079e-01
 -2.6868382e-01
 -1.4696186e-02
  2.3852615e-01
  2.3268293e-01
  1.8838031e-02
  7.1575947e-02
 -4.4932853e-02
 -2.0715298e-02
  5.0256710e-02
 -3.5037243e-01
  5.5011273e-03
  3.7105716e-04
  5.2731603e-01
 -7.4611288e-03
  8.6097985e-05
 -9.7888580e-04
 -1.6040964e-02
  5.7363412e-03
  7.1243028e-04
  2.6959207e-02
 -2.4684155e-03
  7.3864881e-04
 -2.0123161e-02
 -4.8067324e-02
  7.0073879e-03
  8.2654459e-03
 -1.4543834e-02
 -2.2112259e-01
  1.4741692e-02
 -2.3242233e-02
  6.4814426e-03
 -6.5458654e-03
 -1.0156588e-02
  6.2039616e-03
  1.6717725e-02
  3.3916633e-03
  2.5445365e-03
 -7.7320018e-04
 -8.3046546e-03
  7.1711829e-03
 -1.4805504e-03
  4.6062171e-03
 -2.2695267e-03
  1.7086174e-02
 -1.0942623e-03
  1.2655084e-02
 -3.4811061e-02
  3.1323668e-02
  1.6374666e-02
  3.4227795e-03
 -2.2778668e-02
  1.5631184e-02
  7.2370726e-03
  3.6379164e-03
  8.8029793e-03
 -3.9610774e-03
 -8.9492993e-03
  1.6348852e-01
 -3.7071956e-03
 -2.8661918e-02
  5.2430923e-03
  1.7932324e-02
  2.1572686e-03
  1.0931127e-03
 -1.5206637e-02
  1.0866550e-02
 -1.7154915e-02
  1.1974079e-02
 -7.8739226e-03
 -3.7252544e-03
  7.7834283e-03
  3.3374678e-03
 -1.1723349e-01
 -2.2157777e-02
 -7.1588587e-03
  3.3208388e-03
  5.3471480e-02
 -9.7928960e-03
 -2.3845783e-03
 -7.3929536e-03
  2.0793060e-02
 -3.0713156e-01
  6.3583836e-02
 -3.2038982e-03
  2.6021339e-03
  1.4348564e-03
  6.0717651e-04
  9.8845828e-03
  2.7696393e-02
  6.5904617e-02
 -7.3261270e-03
  5.9234450e-04
  3.7789457e-03
  5.7267128e-03
 -5.1404582e-03
 -2.6905416e-03
 -1.9496499e+00
 -1.4869759e-02
  1.1383477e-01
 -1.6844803e-02
  2.4497350e-01
  4.0782025e-01
  1.6595874e-02
 -2.2732090e-02
  2.5364460e-02
  1.9939853e-02
 -1.7531771e-02
  4.7689639e-03
  4.6377368e-03
 -3.1586185e-01
 -7.0255235e-02
  6.1014527e-03
 -3.5364337e-02
 -4.0303194e-03
 -4.7872674e-01
  2.2538374e-03
  9.3803380e-04
 -2.0607762e-02
  5.1125633e-03
 -6.8486273e-02
  2.4217684e-03
 -4.0102836e-02
 -1.6608184e-03
 -8.6374683e-03
  4.6295673e-03
 -6.9904461e-04
  1.9066893e-04
  1.1484085e-02
  4.0985413e-02
  4.8478645e-01
 -7.3778009e-01
  2.5493342e-02
  1.4677812e-01
  1.6732553e-02
 -4.0116566e-03
  1.0806679e-02
  6.1255111e-03
 -3.7153524e-03
 -3.3706829e-02
 -7.6576010e-03
 -3.1576153e-02
 -3.6750196e-03
 -3.3229377e-02
  5.3833395e-02
 -5.3441077e-02
 -6.4286299e-04
 -1.3891434e-02
  1.5524914e-02
 -7.1269929e-02
 -2.4843974e-02
  7.7452422e-03
 -4.7768423e-04
 -2.7238060e-02
  3.8869174e-03
 -1.2303957e-02
 -1.0948211e-02
 -8.4340815e-03
 -6.1019883e-03
  2.9928366e-02
 -3.0809453e-01
 -2.8369958e-02
 -2.7386788e-02
  1.3073395e-03
 -6.5057622e-03
  1.2874118e-02
  3.8634505e-04
  3.9773472e-03
  1.1768187e-02
 -2.4906227e-02
  9.0351392e-04
 -1.8204581e-03
  1.8063813e-02
 -1.0137167e-02
  7.4691237e-03
 -1.0121284e-02
  4.8765400e-03
 -2.0496473e-03
 -1.1313740e-02
 -6.4722691e-03
 -9.0808775e-03
 -7.3306183e-03
 -2.3060486e-02
  1.2855703e-04
 -3.7695579e-02
 -3.5604907e-03
  7.1702845e-04
  5.9152651e-03
  1.5369882e-02
  1.2913885e-02
  7.0316028e-03
 -1.6841125e-01
 -4.9526105e-03
  9.8050814e-03
  1.4497791e-02
 -1.4318066e-03
  1.2859546e-02
  1.3097227e-02
 -1.4575395e-02
 -2.4090461e-02
  8.0394130e-03
  3.3411700e-03
 -9.0928636e-03
 -2.0562276e-02
 -1.6066059e-02
  1.4093685e-03
 -2.4826096e-03
  3.5492245e-02
 -3.3344841e-03
 -8.2173757e-03
  1.8854960e-03
  7.6751965e-03
  2.3879441e-02
 -1.0041159e-02
 -6.6211531e-03
 -4.1488903e-03
 -1.0593155e-03
 -6.9505633e-03
 -4.6782172e-03
 -1.8867688e+00
 -1.5271028e+00
  7.4189264e-01
 -1.8108354e+00
 -2.1513281e+00
 -7.4157035e-03
 -1.6956331e-02
 -5.5360466e-02
  8.2109995e-02
  8.6667515e-02
  7.3382379e-03
  1.5300636e-01
  2.4448161e-01
 -3.8456354e-02
  6.3209814e-01
 -7.5261526e-02
  1.3807341e-02
  1.1073534e-02
  7.4650557e-03
  7.4848510e-02
 -1.9133426e-02
  8.4175962e-01
 -5.7072300e-01
 -8.2579814e-03
  4.7514148e-02
  3.7878845e-02
  5.1179592e-04
 -1.5699917e-02
  1.9650880e-02
 -3.6792111e-02
 -3.6371972e-03
 -1.0988113e-02
  1.6234329e-02
  3.1852680e-03
  6.2386943e-03
 -3.5275740e-03
  3.8743280e-02
 -1.1779313e-03
  3.1360476e-03
 -3.3493745e-03
 -6.3182838e-04
 -1.8536741e-02
 -9.5181251e-03
 -1.2458061e-03
 -6.7122974e-03
 -6.4591388e-03
 -1.0613495e-02
 -2.1602488e-03
 -1.5566368e-03
  2.8898348e-03
 -1.0714130e-02
 -2.3133615e-03
 -1.2096085e-03
  1.5958933e-02
  2.3902513e-03
 -2.8537174e-03
 -1.0176213e-02
  1.5645387e-02
  8.0081177e-01
  1.6567494e-04
 -6.5625021e-03
  2.0329854e-02
 -1.2025662e-03
 -3.2924835e-03
 -2.2166416e-04
  2.6153392e-04
  1.7291773e-02
 -3.3785886e-04
  1.4699820e-03
 -1.4284485e-02
 -5.5326121e-03
  2.1543680e-02
  2.0552678e-02
  1.6105510e-02
 -5.7243123e-03
 -6.6491019e-04
 -7.5850165e-03
  1.0918504e-02
  1.8784760e-03
  6.6073821e-04
  2.3290783e-02
  1.0450297e-02
 -3.3527685e-03
  2.3509908e-02
 -1.2733720e-02
 -8.8477070e-03
  2.4741471e-03
 -1.7025141e-02
  3.0774730e-03
 -4.5848289e-03
  2.0124989e-02
  2.9283054e-02
 -6.3944462e-04
  9.5873903e-03
 -1.9523299e-03
 -6.7444746e-03
  1.7191527e-03
  9.0610674e-03
 -5.6587156e-02
 -2.6400207e-02
  8.3835274e-03
  1.1831944e-02
 -1.5688585e-02
 -1.1896072e-02
  2.6395088e-03
  1.2029589e-01
  3.3586942e-02
  3.4040892e-03
 -4.6350867e-03
 -1.3710316e-02
  1.3532445e-02
 -2.5674645e-02
 -3.4424465e-02
 -3.2753199e-03
  2.3088709e-02
 -1.1045104e-03
  5.0259032e-04
  8.7061487e-03
  5.4220133e-03
  6.7285490e-03
 -1.3042666e-03
  1.2140766e-02
 -3.4755538e-03
  1.6330791e-03
  6.2177698e-03
 -1.0723145e-02
 -2.7589828e-02
  9.2364559e-03
  5.6675295e-03
 -2.0271481e-03
  9.0512179e-04
 -1.8541473e-03
 -1.1985196e-02
 -3.0194365e-03
  8.7676868e-03
  7.8233322e-03
  9.4113732e-04
 -2.2909924e-02
 -2.8801778e-02
 -2.6105535e-03
  2.3362224e-03
 -7.5297095e-03
 -2.8156249e-03
  2.6312806e-03
 -1.6144730e-02
 -1.2336028e-02
  9.7512510e-03
  6.1746575e-03
  1.9293156e-02
  1.2301344e-02
 -1.9279349e+00
 -1.0624950e+00
 -4.3030486e-01
  2.5432548e-01
 -3.7654048e-01
  3.6140967e-02
 -5.2375202e-03
  2.8355338e-03
  1.2080589e-02
  2.9014673e-02
 -5.5791666e-03
  2.2790663e-02
  2.1167865e-02
 -5.6829844e-03
  3.2351332e-04
  1.7440984e-02
 -2.0189065e-01
  4.7407024e-02
  3.6349247e-04
  4.7459356e-02
 -2.4374886e-03
  1.1079842e-02
  5.5701430e-03
  1.3041136e-02
  5.5237105e-03
 -4.2617009e-03
  2.6907614e-03
  1.2257628e-02
  2.8284060e-02
  1.6276827e-03
 -2.8356346e-01
  2.7479309e-01
 -8.8415718e-01
  6.3015968e-02
  4.1214547e-01
  2.8440149e-03
 -2.7700260e-02
 -2.1503285e-02
  1.0674532e-02
 -4.9140751e-02
  1.5682945e-02
  1.0000690e-02
 -4.6711002e-02
  1.9203519e-02
 -1.9052031e-02
 -6.5617019e-01
 -1.4747364e-02
 -3.5497241e-03
 -4.6380892e-04
 -5.5781757e-03
 -2.5179058e-03
 -2.5092852e-01
 -5.1584900e-03
 -7.3035145e-03
 -3.4144532e-02
 -2.4487585e-02
 -1.0032252e-02
 -7.5688720e-02
  4.6388423e-03
 -5.9164524e-01
  4.2242717e-02
 -4.1958719e-01
  8.3207613e-01
  1.6987044e-01
  5.1764506e-01
 -9.8824212e-03
 -7.1700707e-02
  8.0972165e-03
  1.7070353e-02
 -2.2996036e-02
  8.0268615e-04
 -3.6543817e-03
 -9.3046697e-03
 -3.5446791e-03
 -1.4017563e-01
  2.2172465e+00
  2.8864036e-03
 -3.1431329e-02
 -3.9740168e-03
 -4.4560295e-02
 -5.0637946e-03
 -3.8978457e-03
  9.5645813e-03
  9.9965115e-04
 -2.2070174e-01
 -3.3141500e-03
  7.6550213e-03
 -6.7864279e-03
  8.5969949e-03
 -7.7496502e-03
 -1.3461253e-03
 -2.0905966e-03
 -2.2305693e-01
  3.9988910e-03
 -1.7198313e-02
 -3.2187914e-03
  1.8534070e-03
 -3.2900404e-03
 -6.7482861e-03
  5.9522395e-03
 -3.4791041e-02
 -1.2983041e-02
  6.2696314e-03
  4.2087361e-03
  3.2494019e-03
  4.5280301e-04
 -4.9671595e-04
 -1.3801790e-02
 -3.3109265e-03
 -3.5569123e-03
 -1.9064063e-02
 -8.2078972e-04
 -2.2192599e-02
 -1.5208262e-02
  7.6216894e-01
  1.9460537e-03
 -1.8878126e-01
 -1.3363101e-03
  2.2572882e-02
  9.1615302e-04
 -3.5178843e-03
 -1.4646477e-02
  1.4643768e-02
 -8.3403913e-03
  1.5996629e-02
  4.1208541e-04
 -6.2715942e-03
 -2.9054241e-02
 -3.3411130e-03
 -1.3049948e-02
 -3.8286259e-03
  1.6872810e-02
  5.3475485e-03
 -5.8202599e-03
  3.5175190e-03
  8.9031691e-03
  2.3089380e-03
 -1.9097509e-02
  3.7377467e-03
  3.5703127e-04
 -1.2700965e-03
 -1.0029408e-02
  7.4125500e-03
  7.7694040e-03
 -9.5167225e-03
 -3.4612431e-03
 -2.3164192e-02
 -6.5311301e-04
 -5.7132193e-03
 -6.8546628e-04
  1.6252465e+00
  1.0094453e-01
 -1.5251691e+00
 -1.1176307e+00
  2.6112762e-01
 -5.8957165e-01
  5.4287446e-01
  8.2623269e-03
  2.2807816e-01
 -2.2485670e-01
 -1.8046182e+00
  3.0109483e-01
  4.9530545e-01
  6.7157251e-01
  5.1696673e-03
 -9.8965055e-01
  7.0245022e-01
  1.0176204e-01
  6.5173882e-01
 -4.6751893e-01
 -5.5431449e-01
 -5.2224103e-02
  5.7400573e-02
 -2.4741525e-03
 -2.0289941e-01
 -1.2806356e-02
 -4.3283230e-01
 -4.5547001e-02
  8.6006276e-02
  6.3549560e-03
 -2.2916256e-02
 -2.4180967e-02
 -1.0300283e+00
 -1.8168684e+00
  1.4494425e-01
 -3.3688650e-02
  3.0882119e-03
  5.7631945e-03
 -1.4695810e-03
 -3.7027560e-02
 -1.1607141e-01
 -1.1192390e-03
  1.7741935e-02
 -9.4572427e-03
  6.6205594e-03
  2.8835136e-01
  1.0747723e-01
  1.8527435e-02
 -5.2630532e-01
 -2.9663728e-03
 -1.2324771e-02
 -1.1649821e-02
  1.5931140e-03
  6.8928952e-05
  1.4193259e-03
 -4.8045088e-03
 -2.4485452e-02
  1.0037566e-02
  5.7485467e-03
  2.0510491e-02
  1.3328545e-03
  1.1690346e-02
  5.5489242e-02
  2.4018730e-03
  1.8478311e-03
 -9.4748121e-03
  9.9358568e-03
 -3.2405548e-03
  2.1626598e-04
 -8.0200406e-03
 -3.2671671e-03
 -1.1634548e-02
 -2.1152753e-01
  1.5921624e-02
 -1.3326729e-02
  1.1959301e-02
  6.3901027e-03
  7.9062590e-03
  2.6262065e-02
  3.3431704e-04
 -1.7330246e-02
 -3.4779015e-03
 -1.1904732e-03
  1.5999585e-02
  8.5630827e-03
 -2.8327389e-03
 -2.0939078e-02
  3.8435862e-03
  1.9231386e-02
  3.4836088e-03
  1.7115365e-04
 -5.1123613e-01
  1.0411330e-01
 -2.7298270e-02
  1.0207614e-01
 -2.2759798e-03
 -6.6136476e-03
 -8.4049879e-03
 -6.1948229e-02
 -1.3633251e-02
  1.2015987e-03
  2.4292555e-02
 -6.8658893e-04
 -1.4016761e-02
  6.9857290e-04
  2.0402896e-03
  3.4423287e-03
 -3.7449629e-03
 -2.6432035e-02
  7.7817054e-03
 -1.0528974e-02
 -2.2864409e-02
  1.6933925e-02
  1.6543339e-03
 -5.7563828e-03
  1.0038693e+00
  1.6047539e-03
 -1.0786287e-02
 -4.9787909e-03
  2.8875005e-03
  1.6201456e-01
 -2.0565247e-02
  4.1377056e-01
  3.5716441e-01
 -7.3119402e-02
 -1.4858637e+00
  4.1857646e-03
 -8.9764349e-02
 -5.2034721e-02
  1.4700657e-02
  6.9338097e-03
 -8.7166196e-03
 -4.3128863e-02
  1.4125867e-02
  1.6185820e-02
 -3.1047154e-03
  2.7062176e-02
  3.8453443e-03
  6.6589838e-04
  4.7436563e-04
 -1.3946521e-02
  1.6587188e+00
  4.4342983e-01
 -8.6543985e-02
 -4.4049535e-02
  5.2730823e-03
  1.3467664e+00
 -7.9943591e-01
 -2.3336892e-03
  1.1945677e+00
  4.7962153e-01
  9.0253092e-03
 -1.0489600e+00
  3.2435831e-01
 -6.0791731e-01
 -1.0798806e+00
  1.4902991e-01
  9.2029655e-01
  1.6491940e+00
 -3.4164551e-01
  2.3910904e-03
  4.1173965e-01
 -4.1600317e-01
 -3.1500420e-01
 -2.1432236e-01
  1.3871289e-02
  7.1221304e-01
 -2.2815110e-02
  1.9412678e-03
  5.9870095e-03
  4.9125445e-03
  4.4090101e-01
 -4.5562783e-01
 -2.3351413e-01
  1.8971181e-01
 -6.7016357e-03
 -2.1412430e+00
 -1.2880552e+00
 -1.0250391e-02
 -2.8261083e-01
  4.1580293e-02
 -5.8655047e-01
  2.3147359e-01
 -3.6000100e-01
  1.9892038e-01
  2.0597360e-01
  7.3145173e-02
  3.2877438e-02
  2.8153745e-02
 -2.2370620e-01
  2.7620593e-02
 -4.6483029e-02
 -1.9657606e-01
  4.1265255e-01
  1.6997281e-01
  6.3576758e-02
 -2.9955181e-01
  1.7984338e-01
  8.5737586e-02
  1.5521233e-01
  1.0837940e-02
 -5.1611299e-03
  5.2966154e-03
 -2.5781790e-02
  3.6125806e-01
 -3.3197936e-02
  4.0894034e-03
 -3.6142052e-03
  2.5778941e-03
 -5.9881143e-04
 -2.3518056e-02
  7.7161485e-01
  2.1468534e-03
 -6.6758417e-02
 -3.7885696e-02
  2.5297768e-02
 -2.2169792e-03
 -1.8679556e-02
  2.0255530e-02
  3.5277661e-02
  5.2245799e-02
  1.6440248e-02
 -1.5323189e-03
 -1.2834477e-02
 -1.4054238e-02
  5.0949375e-03
  1.7750906e-02
 -2.2204414e-02
 -1.2009942e-02
  4.0170364e-02
  1.3702675e-02
  9.2887026e-01
  1.5808424e-02
  8.7454300e-03
  2.9393197e-03
  1.6837867e-02
  4.8713014e-03
 -1.4000569e-02
 -5.9527956e-02
  2.7508961e-02
 -2.2599662e-02
 -8.0296462e-03
 -1.8390745e-02
 -1.1734849e-02
 -2.4954553e-01
  3.7582505e-03
  4.7818320e-03
 -5.1288721e-03
 -3.8190622e-02
  9.5511051e-03
 -1.6564943e-02
 -1.3812546e-04
  1.5493644e-03
 -3.0736548e-03
  2.3029658e-03
 -3.8725475e-04
  2.9833771e-03
 -1.4821965e-04
 -2.4370882e-03
 -2.7935151e-03
 -3.7770933e-03
  6.4899782e-03
 -8.3909007e-03
  3.3695921e-03
 -1.3590354e-02
  3.1524622e-03
  6.4299833e-03
  2.5408939e-01
  1.4805922e-03
 -7.4686594e-03
 -1.9642284e-02
  1.2356284e+00
 -6.5723324e-01
 -7.9063296e-01
 -1.3142259e-01
 -1.2196380e-02
 -1.1445141e-03
 -9.9705327e-03
 -3.0589906e-02
  6.9565564e-02
  4.9921531e-02
  1.5623937e-02
 -3.1023577e-01
 -1.8360555e-01
 -6.5052581e-01
 -5.1620267e-03
  2.8827083e-03
 -7.3594255e-03
 -4.1202765e-02
  2.5874677e-01
 -4.9148072e-02
  2.4695931e-02
  2.1296580e-01
 -1.9065832e-03
 -8.5309899e-01
 -4.8811622e-03
  9.0390760e-03
  8.0032051e-03
 -1.0133539e-02
 -1.8800767e-02
  9.6886396e-02
 -1.5857001e-01
 -4.8490828e-03
 -8.2044765e-02
  4.3530977e-01
 -2.7813258e-02
 -2.7636830e-02
 -6.2327038e-02
 -3.6137950e-02
 -9.7684516e-03
  1.2778382e-02
  3.3386850e-03
  1.3624439e-02
 -3.1049225e-02
 -1.5625605e-01
 -3.1929379e-03
  2.8226947e-02
 -1.7107191e-02
 -7.5547948e-02
  9.2062104e-01
 -2.0669054e-02
  5.6572640e-01
 -1.3932635e-01
  2.3153893e-04
 -2.3273714e-01
  3.7140332e-03
  1.3577527e-01
  8.8767931e-03
 -7.6770346e-04
  5.6700138e-03
  6.6165021e-03
 -3.2749694e-02
 -4.9009370e-03
  1.7475894e-01
  8.4923983e-01
  5.1451190e-03
  2.6381778e-02
  4.2542491e-02
  1.0168333e-01
 -1.0125547e-03
  4.9323817e-03
 -5.1794201e-02
  4.8771218e-04
  2.3708500e-01
  5.0478709e-01
  2.8161231e-02
 -2.5945835e-02
  9.2127599e-02
  1.1418927e-01
 -3.4175366e-02
  9.6230917e-02
 -1.9487150e-02
 -3.7117934e-04
 -3.0374938e-01
  3.1014518e-03
 -1.4161064e-02
 -2.1714492e-02
  1.5822187e-04
 -1.2896611e-02
 -3.0068867e-03
  4.7579017e-01
  8.3138868e-03
  4.7834944e-02
  1.9089723e-01
  5.5390149e-03
  3.2210313e-02
  3.3360659e-03
  2.1728553e-02
  1.0828419e-04
 -5.9595855e-04
 -7.8427028e-03
 -5.2161813e-03
 -2.3861650e-02
 -1.2482982e-02
  4.2465962e-02
 -1.3862470e-02
  9.4770147e-03
 -5.1970184e-03
  3.8477197e-02
  7.8374175e-03
 -5.5655134e-03
 -3.6157969e-01
  3.9561774e-04
 -8.3672738e-01
  3.2715049e-02
 -1.0000632e-02
  1.5927253e-02
  8.9499913e-03
 -1.2925985e+00
  2.7169200e-02
 -4.7659692e-03
 -1.1117069e-02
  8.5271271e-03
 -1.3235745e-02
  9.7976560e-03
 -8.3461143e-03
 -7.3504919e-01
  2.8686685e-04
 -1.2564042e-02
 -2.4311195e-01
 -6.7093670e-03
 -5.2906647e-03
  1.5753575e-03
 -3.0697880e-02
 -1.3545368e-02
 -2.0136658e-02
 -1.1174458e-02
 -3.5477985e-02
 -1.8584657e-02
  5.1569525e-02
  1.0303100e-02
  1.3516918e-02
  6.1555505e-03
  4.2185880e-02
  1.1141259e-02
 -3.3824204e-03
  8.5102385e-03
  2.3978572e-01
 -2.0967134e-04
 -9.3900664e-03
 -7.3204022e-03
 -1.9649902e-02
  4.0937901e-02
  1.0134857e+00
 -1.1375715e+00
 -4.6317163e-03
  1.3220488e-03
  1.1979136e-02
 -3.1670563e-02
  4.0937783e-03
 -2.1414666e-02
  3.6133176e-03
 -1.5064275e-02
  6.3185873e-03
  2.6885051e-02
 -7.6438910e-03
  2.5614458e-03
 -6.8149758e-03
 -5.1815868e-03
 -2.7349245e-02
 -1.1315527e-02
 -7.0745046e-03
 -2.4699010e-03
 -8.6057950e-03
  3.5008937e-03
 -3.5618260e-03
 -5.3690951e-03
 -1.5554901e-02
 -2.2848705e-03
  1.3717011e-02
 -5.9230906e-01
  4.8368838e-02
 -7.6079732e-01
 -1.5735046e+00
 -1.5435839e-01
 -4.9038041e-01
 -6.3254908e-02
 -2.1992886e-01
 -1.1035192e+00
  8.6833251e-01
 -1.9332205e-01
 -3.6729053e-03
 -2.2583726e-01
 -2.4736516e-01
 -5.7842827e-01
 -2.4517597e-01
  6.3844371e-01
 -2.6243013e-01
 -2.9597530e-01
  4.8113161e-01
 -3.6441216e-01
  4.8900623e-02
 -6.3569993e-01
 -2.2134276e-03
  2.1727109e-02
  6.0724153e-04
 -1.7914458e-03
  3.1118957e-02
 -1.0245084e-03
  4.4094827e-03
  4.8956173e-03
 -1.6126281e-01
 -1.8961269e-01
 -5.0429779e-01
 -9.9623399e-03
 -9.8154768e-03
  5.0299810e-03
 -1.1861574e-01
 -3.1832722e-03
  6.6128582e-02
 -1.5875038e-02
  1.3719355e-03
 -5.5784225e-03
 -2.8697429e-02
  1.4275140e-02
 -6.9239743e-02
 -3.1861685e-02
 -1.2868243e-02
 -1.8282735e-01
 -9.4552511e-01
 -2.9141799e-02
  1.5259651e-02
  1.3460721e-02
 -1.7773243e-02
 -2.5685471e-01
 -7.3609785e-03
 -3.7275620e-03
  1.6380528e-02
 -9.9897925e-03
 -2.2800473e-02
 -2.5962325e-02
 -9.4070248e-03
  2.8544908e-02
  4.4755775e-02
 -1.1646040e-02
  1.0122983e-04
  7.4207317e-04
 -7.8238593e-03
  1.2493830e-03
  5.6251162e-03
 -4.7025071e-03
 -1.1329204e-02
 -3.4847488e-03
 -1.3321552e-04
 -1.2797597e-03
  1.3632491e-03
 -1.4737014e-03
  2.3252128e-02
 -2.9395478e-02
 -3.6719406e-04
 -1.1905224e-02
  2.9059109e-01
 -4.4542453e-03
  6.5886280e-03
  1.2880974e-02
 -1.1630960e-02
  1.5628673e-02
 -4.9944859e-02
 -8.6353561e-03
 -2.6308240e-02
  9.1282696e-01
 -2.0065961e+00
  4.4624105e-01
  8.4695511e-02
 -8.2224590e-01
  1.1760568e-03
  6.1772750e-03
  2.3037079e-03
  3.9190915e-01
 -4.2326757e-01
 -7.7027597e-02
  2.7938507e-02
  1.8116555e+00
  1.5570909e-01
 -1.3550272e+00
 -2.9240713e-01
 -3.1375545e-01
 -4.4846814e-02
  1.4605883e-01
 -1.3705951e+00
 -5.3781133e-02
 -4.1930351e-02
 -1.2456867e+00
  6.7973840e-01
 -6.6805816e-01
  2.1453420e-02
  4.7960594e-02
 -2.2046541e-01
  2.8737044e-02
 -1.0044880e-02
  7.0548715e-04
  4.9152309e-03
 -9.2895490e-01
  4.1485825e-03
 -5.1735057e-03
 -2.4172723e-02
  1.5780957e-02
 -7.0975642e-03
  1.4681923e-02
 -4.4515342e-03
 -2.2192476e-02
  1.8872367e-03
 -2.8252327e-05
  2.6185589e-03
 -7.0975116e-04
 -1.3701137e-03
  2.7006011e-02
 -6.2533384e-03
  5.4331408e-03
 -2.2713472e-03
  2.1665683e-03
  1.3632572e-02
 -1.1225908e-02
  1.1531908e-02
  7.2356373e-02
  2.1891061e-02
 -8.3759353e-03
 -1.1523649e-02
 -1.2765672e-02
 -1.2700154e-02
  2.3325255e-02
  1.0149343e-02
  8.1203682e-03
 -1.4712692e-03
  3.0621849e-03
  1.9810128e-03
  5.0688605e-03
 -5.2401870e-03
 -7.9813797e-04
  2.7987860e-02
  9.7313174e-04
 -1.5747052e-03
  1.2894316e-02
  1.5928976e-02
 -6.0214186e-03
  1.3857128e-02
 -7.2428854e-03
  1.2406270e-02
  1.0567782e-02
 -3.9496496e-03
 -2.3946522e-03
 -1.0848638e-03
  1.0686193e-02
  9.5100673e-03
 -2.4555797e-02
 -6.0460265e-03
 -7.5781778e-03
 -5.5829680e-01
 -2.9795663e-02
 -3.2301031e-02
 -4.6845082e-02
 -1.0782682e-01
  4.5903152e-01
 -6.3952756e-01
 -5.1269095e-02
 -1.9146638e-02
  1.1188798e-01
 -3.0079648e-01
 -6.1190136e-02
  9.3518935e-02
  2.6020601e-02
  8.8094212e-02
  7.6182656e-02
 -3.9397547e-01
 -4.8238938e-03
  1.6739070e-03
  1.3304070e-01
 -1.3648912e-01
 -1.6205314e-01
 -2.0856453e-01
 -2.4019018e-01
  8.4755430e-04
 -2.7258566e-03
 -4.3189628e-03
  3.4033205e-02
  1.9162480e-02
  4.0217288e-02
  9.2187107e-02
 -5.0845895e-02
 -1.2259358e-02
  2.1127593e-03
  6.7961827e-02
 -5.9649628e-03
  3.7859391e-02
  8.9883571e-03
  4.5404457e-03
  8.0033885e-03
  5.4615773e-02
  5.9161030e-02
 -4.2085121e-03
 -2.5007527e-02
  8.6868713e-03
  1.2535910e-02
  8.2407268e-03
  4.5992862e-02
  2.2467927e-03
 -5.7083344e-01
  3.0399006e-02
  9.7671539e-02
 -1.5374376e-01
 -5.7867104e-03
 -5.2678706e-03
 -3.1195251e-02
 -3.3736546e-02
  4.3494212e-03
  9.5173847e-03
  2.2769164e-02
  3.9052177e-02
 -1.3471410e-02
 -2.6605822e-02
  3.7825922e-03
  5.3476249e-03
  2.1883545e-02
  7.7429684e-03
  7.0737437e-03
  1.2650274e-02
  1.0128357e-02
  1.0043578e-02
  2.5746167e-02
  4.1042585e-03
  8.1894174e-03
 -1.4810860e+00
 -1.7012097e-03
  1.5228730e-01
 -2.3947027e-02
 -6.8428074e-03
 -3.2064445e-02
  4.3328428e-03
  7.4658319e-03
  1.1065662e+00
  7.7432743e-03
  6.5695574e-03
 -1.7602095e-02
 -8.3200531e-03
 -9.0513499e-03
  4.0633660e-03
 -4.1726820e-02
 -8.7879365e-03
  7.0826485e-05
  6.3691894e-04
 -6.7572576e-01
 -3.7834829e-01
  1.0849867e+00
 -6.5866184e-01
 -8.5527873e-01
 -5.1614616e-02
 -1.6477844e-02
 -3.4123167e-01
 -4.4674907e-02
  6.6091649e-02
  3.0783024e-03
  4.7913007e-03
 -7.0976037e-01
 -1.4496443e-02
 -1.5093398e+00
 -6.6408938e-01
  2.2808518e-02
 -1.4974363e-01
 -3.4333900e-01
  2.3421715e-01
 -1.1071417e-02
  2.8369213e-02
  5.7703030e-01
  5.1387254e-02
  1.4947291e-02
  1.2134509e-02
  3.3836290e-01
 -1.6093574e-02
  2.8838038e-03
 -1.4278521e-02
 -1.0207531e+00
  1.1886420e+00
 -3.1131902e-01
 -1.5712459e+00
  1.5313433e-02
 -1.4042872e-02
 -3.0017555e-02
 -1.1756138e+00
 -4.2790821e-01
  5.2287787e-01
  4.2314735e-01
 -3.9887026e-02
 -6.2030524e-01
 -4.6953902e-01
 -4.0062171e-01
 -7.1857035e-02
  2.8495628e-01
 -1.5203719e-01
 -8.0015635e-01
 -5.8042926e-01
  5.6755710e-03
  9.9697381e-02
  2.5079715e-01
 -1.3217720e+00
  2.9498003e-02
  1.1429259e-01
  1.2036636e+00
  1.7436357e-01
 -2.5441265e-02
 -7.3484599e-04
 -1.1897448e-01
  4.6272311e-02
  1.0950099e+00
 -1.7804186e-01
 -4.4208322e-02
 -3.6675990e-02
 -8.8057943e-02
 -2.0612944e-02
 -7.3873907e-02
  2.0676149e-02
 -5.1188800e-03
  6.1521842e-03
 -5.4112577e-01
 -1.5693155e-01
  9.9182618e-01
 -1.0172332e-02
 -1.1954875e-02
 -6.8494849e-02
 -3.1664959e-01
  1.0509204e+00
 -2.0881610e-03
  2.0593406e-01
 -3.6533725e-01
 -4.1905042e-02
  1.0270860e+00
 -6.7474893e-03
  7.9957899e-03
  9.5794357e-02
  1.4344121e-02
  3.4266744e-02
  2.2431371e-01
  4.3688668e-03
 -1.6588623e-03
 -4.9984255e-03
  3.0730749e-02
  1.6892802e-04
  5.9594843e-03
 -4.4575140e-02
  3.4081485e-02
 -5.4270841e-02
  1.5058807e-02
  2.1257368e-04
 -4.7317543e-03
  1.0420585e-02
 -2.8534869e-03
 -4.5564715e-03
 -1.2302185e-02
  9.7661726e-03
  4.6233987e-03
 -2.2320179e-03
 -1.1647930e-02
 -9.4516687e-03
 -8.3272969e-03
  1.2325351e-02
  2.1170639e-02
  2.6697982e-03
  1.0688195e-01
 -1.3638726e-02
 -9.3947528e-03
  1.5318153e-03
 -9.4908267e-01
  9.1235495e-01
  1.1967620e-01
 -1.1138269e+00
 -7.5218487e-01
  5.3276177e-02
  1.1614754e-03
 -1.5614134e-02
 -7.2533786e-03
  2.6124543e-02
  8.8052250e-02
  1.8776767e-02
 -3.7926707e-01
 -8.1982650e-02
 -3.7535268e-01
  2.0357224e-03
  4.3469373e-02
 -1.2409124e-03
  3.6143130e-03
 -2.1281945e-02
  1.0193201e-02
  2.3959666e-02
 -3.1670979e-01
 -2.4009927e-01
  1.2499262e-02
 -1.8228315e-04
  2.0695277e-03
  3.6588851e-02
 -1.6828479e-02
 -4.4770460e-04
  1.6589396e-02
  1.6807286e-02
  6.6545879e-04
  2.9777689e-02
  3.9891593e-02
 -3.5932255e-03
  3.9601475e-02
  2.3200115e-02
  1.1770966e-02
 -1.1326322e-02
 -8.5213669e-03
  1.7794030e-02
  1.6534224e-02
  6.8528051e-03
  3.8097635e-02
 -9.2079006e-03
 -3.0933840e-03
 -7.0699784e-03
 -4.9765497e-03
 -4.6635899e-01
 -3.0007958e-02
 -4.2888485e-02
  2.3512153e-02
 -4.5082406e-03
  3.1454826e-03
  3.9287332e-02
  1.6126733e-02
  1.7788906e-04
  1.9238254e-03
 -3.4513939e-02
 -5.1137686e-02
  1.3067119e-02
 -8.9129200e-03
 -4.6210298e-03
 -5.3314851e-03
  7.6973545e-03
 -3.3251723e-04
  3.8724169e-03
 -1.5165781e-02
 -3.8254843e-03
  1.8828036e-03
  3.0098089e-03
  1.5771780e-02
 -1.4298975e-02
 -2.3247190e-02
 -2.4190389e-02
  1.3382013e-03
  2.1325411e-02
 -1.0949377e-02
 -5.2197883e-03
 -6.5088319e-03
  1.7382343e-03
 -9.4674146e-03
  1.0638847e-02
  7.1223322e-03
 -7.0436252e-03
 -1.4404413e-02
  2.6660566e-03
 -8.6927069e-03
  1.6476339e-02
 -4.0865480e-03
  8.6601097e-03
  5.9329947e-03
  4.2284452e-03
 -1.2847316e-02
  6.7993263e-03
  9.5273023e-03
 -6.8865223e-03
 -2.4104528e-03
 -7.6809567e-03
  1.5980395e-02
 -8.7257046e-03
  3.7092660e-02
 -4.1590305e-03
 -3.9333696e-03
 -1.5720403e-02
  5.0818040e-03
  1.7350011e-02
 -4.5708301e-03
  2.5617029e-03
 -8.1333518e-02
 -1.2113335e-02
 -1.2682617e-02
 -2.6637907e-03
  1.2605648e-03
  1.2011941e-02
 -4.2175809e-03
 -1.1689986e-01
  2.4534583e-03
 -8.9673102e-03
 -6.1392826e-03
 -1.1103001e-03
  5.4968307e-03
  5.9377332e-04
 -1.3001772e-02
 -9.4882175e-03
  1.9578650e-03
 -4.3126214e-02
  1.4155402e-02
 -5.2441675e-02
 -2.0250786e-02
  1.9415651e-04
 -1.5681816e-02
  9.4956569e-03
 -1.3412715e-02
 -6.6690804e-03
  9.8577617e-03
  2.5610612e-03
  2.5397227e-03
 -9.0613617e-03
 -2.7660623e-03
 -9.5654099e-04
  2.5856507e-03
  1.5151195e-02
  4.3192995e-03
 -4.2420137e-03
 -9.8085292e-03
 -2.6490581e-03
 -8.5358624e-04
 -1.0491929e-02
 -3.3438063e-01
 -6.4482659e-01
  7.5827479e-01
 -1.5482363e+00
 -4.8779601e-01
 -1.7302254e-01
 -1.4175884e-01
 -6.9383077e-02
 -8.4080815e-01
  1.5703473e-02
 -1.9193009e-03
  6.1960083e-01
  1.4361781e-01
 -3.0217612e-01
 -2.2109593e-01
 -1.1736858e-01
  1.5570270e-01
 -7.2358578e-01
 -1.0203266e+00
  4.5631868e-01
 -7.4766880e-01
  3.3622608e-01
 -1.3510280e+00
 -6.4900631e-01
  4.3746969e-01
  5.2612446e-02
  8.0068046e-03
 -1.1861555e-02
 -1.0920501e-02
 -6.4885914e-02
  4.8477218e-02
 -1.0675021e+00
  1.4404718e+00
 -6.8030930e-01
 -3.4584820e-01
 -1.3903441e-03
  3.3251522e-03
  8.9835085e-04
 -7.2377094e-04
  3.9898437e-03
  6.1763185e-03
  2.8221019e-02
  1.3024636e-01
 -4.7072116e-02
 -1.2461217e-01
  1.2646238e-02
  4.1469101e-02
 -5.2655143e-01
 -1.1700899e-02
  6.3884296e-03
 -7.6661065e-02
  5.8507519e-03
  2.3609648e-02
  6.0379546e-02
 -9.3938775e-02
  4.4243359e-03
 -7.1447841e-03
 -4.4886968e-03
  1.8528518e-03
 -1.9828072e-02
  6.2078270e-03
 -1.1638543e-02
  4.7703250e-03
  1.2803606e-02
 -3.0373144e-03
  6.7279907e-03
 -1.9752881e-03
  2.9475195e-02
  2.0367164e-02
  6.6802511e-03
  4.3148208e-02
  1.1207134e-02
 -1.2049328e-02
 -2.4458217e-03
  3.5251966e-03
  7.7885231e-03
  2.1835354e-03
 -1.0689843e-02
  1.8305661e-02
 -8.2758609e-03
  4.6218771e-02
  7.8132907e-03
  8.9796716e-01
 -4.1390178e-03
 -4.1498323e-03
  5.5280752e-03
 -7.7375956e-03
  1.2832344e-02
 -5.1957625e-03
  1.6060112e-02
 -5.0779372e-01
 -3.0233050e-03
 -2.6203072e-01
 -1.4421793e-02
 -2.5544865e-02
 -1.1228162e-02
  3.4060294e-03
 -8.0488119e-03
 -2.2235163e-02
  9.5557399e-02
  6.2355804e-03
 -5.1014793e-01
 -6.4994144e-01
 -4.2881276e-02
  4.4333758e-03
  1.3115641e-01
  2.6945656e-03
  7.7171195e-03
  5.3641087e-01
  1.9860154e-01
  4.4266570e-02
 -3.5414556e-03
 -4.3270817e-01
 -1.6274388e-01
 -1.2774393e-02
  1.4486337e-01
  3.8952271e-06
  1.1761310e-01
  1.9555335e-01
  1.6840227e-02
  1.2296613e+00
 -8.0099642e-02
 -1.0458086e-01
 -4.8614377e-01
 -3.3498728e-01
  5.2801156e-01
  2.6494035e-01
 -1.5266907e-01
  2.7652571e-01
 -8.5238433e-01
 -3.5352781e-01
 -4.2659570e-02
  7.5087178e-01
 -1.2743337e-01
  1.4827156e-02
 -1.0886734e+00
  2.8435552e-01
  1.3058972e-01
 -5.4859805e-01
 -1.0719464e+00
 -1.0668290e+00
  2.3212511e-02
 -8.1797791e-01
  2.8283259e-01
 -2.0585169e-01
 -5.4968365e-02
 -1.1986531e-01
 -1.0030038e+00
 -4.5973355e-01
  8.2663171e-02
  7.9813428e-02
 -1.6424380e-01
 -1.4970318e+00
  3.0536690e-01
 -1.7874491e-01
  4.7588784e-01
  8.3108479e-03
 -1.7162633e-01
 -7.9778379e-01
 -2.6983613e-01
 -5.9560019e-01
 -1.0983652e-02
  2.2705719e-01
  1.7987910e-01
  3.5273024e-01
  5.2356040e-01
  2.3837075e-02
  4.2590028e-01
  5.6887943e-01
 -4.1270226e-02
 -1.0385566e-01
  4.3992292e-02
  9.2682891e-02
  2.3348993e-01
  2.9768896e-01
 -1.0019876e-02
 -6.3495212e-03
 -7.3446925e-03
  1.8182687e-02
  9.2818767e-02
  2.1016523e-03
  8.5571861e-01
 -1.6120255e-01
 -9.0572339e-01
  4.4919285e-01
 -5.7065349e-02
  1.1428529e-01
  3.4395168e-03
 -1.5900200e-03
 -1.9171898e-01
  2.7327910e-03
 -9.9509498e-03
  3.6476771e-03
  1.7239447e-01
 -4.7681025e-01
  1.3552620e-01
 -5.7335164e-02
  1.3420206e-02
 -7.6457530e-02
 -1.3190454e-02
 -4.9378946e-03
 -4.8170111e-01
  1.1342990e-03
 -1.4693215e+00
 -3.2030486e-02
 -1.9479051e-02
  4.0401984e-03
 -2.1279924e-02
 -1.0249511e+00
  2.1164683e-01
  7.9325533e-01
 -5.2109462e-01
 -1.3068680e-02
 -6.7101501e-02
  1.2446079e+00
 -5.1337451e-02
 -1.3282014e-02
 -1.2124333e-03
  1.2732770e-02
  1.3096987e-02
 -6.4280648e-03
 -2.8546134e-02
 -2.3400909e-03
 -6.2378538e-03
  1.4601211e-01
 -3.6889862e-02
 -7.9391494e-02
  2.8652722e-02
 -9.9422164e-02
  1.6998779e-02
 -5.9879641e-03
  7.9771448e-03
 -7.0989071e-03
  9.1596832e-03
  1.4178558e-04
  9.9183992e-03
 -6.9310283e-03
 -1.1623616e-02
 -3.9135646e-02
 -1.3507375e-02
 -6.4805412e-01
 -6.4251727e-01
 -2.3830432e-01
  4.1639850e-01
  5.0876880e-01
 -2.9786241e-01
 -2.0414982e-02
  3.0632994e-01
 -2.6039340e-02
 -1.3439911e-02
 -3.9260730e-04
 -4.1228633e-02
  1.8186376e-03
  1.5527552e-02
  4.5744133e-01
  6.1718473e-04
 -2.7371239e-02
  1.5762206e-02
 -9.5631473e-02
 -5.0322078e-02
 -1.8322174e-02
 -5.5772703e-02
 -5.1784893e-03
 -6.9514453e-02
 -1.6441995e-02
 -5.4656316e-02
  1.2279917e-02
  1.6683292e-02
  1.1749534e-02
 -4.7002957e-04
 -8.2231325e-04
 -2.4635431e-01
 -3.7809864e-02
 -4.3195982e-02
 -1.5264450e-02
 -1.2640948e-02
  7.7086115e-01
  1.8936574e-03
  1.0431114e-02
 -8.8701479e-04
 -7.3333029e-03
  3.4524402e-01
  9.7697061e-03
  1.2211960e-03
  7.0429426e-03
 -3.6431323e-03
 -1.1863997e-02
  3.9902218e-03
 -4.7987998e-02
  1.3219675e-03
  6.6251964e-03
 -1.5438622e-04
 -3.2439514e-03
 -7.8676734e-03
  1.3346374e-02
 -6.2494498e-04
  1.6034476e-02
  1.1973428e-02
  1.0690260e-03
  2.5558244e-02
 -1.4444061e-02
  8.4906954e-01
  2.7430999e-01
 -4.9648654e-02
  1.2631190e-02
 -8.4222760e-03
 -1.1414380e-02
  3.0808851e-02
  1.4290253e-03
  6.3988876e-01
  1.1547166e-02
  1.7979632e-04
  5.2206814e-03
  2.3467436e-02
 -2.4797975e-03
  1.3872754e-03
 -3.3045143e-02
 -3.7759653e-04
  1.2176419e-01
 -1.2184218e+00
 -2.1282937e-02
 -8.4884493e-03
 -9.1686631e-03
 -8.2249558e-01
 -1.7582858e-02
 -4.4707052e-02
 -3.8175532e-04
 -9.0105913e-04
 -2.7477846e-01
 -1.0654761e-02
 -6.2824458e-02
  6.5387875e-01
  5.3518504e-02
 -6.1031562e-01
  1.1779567e-01
  8.4696850e-04
  1.6602857e-02
  6.4475603e-02
 -2.4432562e-02
  2.1089115e+00
  3.5656642e-04
  2.3460018e-02
 -3.1042672e-03
 -2.1178577e-02
 -4.3509725e-02
 -4.4948362e-02
  2.5133899e-01
  1.1502649e-03
 -5.1566935e-03
  1.4310645e-01
 -2.9418516e-01
  7.9554673e-03
  6.0727126e-03
  6.5318689e-02
  2.2397682e-02
 -1.7859924e-04
 -4.2795134e-03
 -1.2233369e-02
 -4.4066757e-03
 -1.1605064e-03
  4.7631403e-03
 -5.6813434e-03
  2.7306057e-03
  1.1603255e-03
 -8.4228748e-03
  2.6875867e-03
 -4.9296096e-03
 -4.7486550e-03
 -4.3986249e-01
  8.6979577e-03
 -4.1708831e-02
 -5.0294339e-03
 -5.1893345e-03
 -7.5923582e-03
 -9.9517629e-02
 -1.3768199e-02
 -1.2737947e-02
  1.4162553e-02
  1.2487341e-02
 -1.6861832e-02
  2.5918284e-02
  4.6959496e-03
  1.5854950e-03
 -7.5941719e-03
 -5.3751264e-02
  2.4528238e-03
 -1.1767116e-03
  1.5259402e+00
  6.5295555e-04
 -7.4344310e-03
  2.1614373e-02
  3.8819022e-02
  1.5502158e-03
 -7.0295590e-03
  8.4145209e-03
  3.2215752e-03
 -1.7856022e-03
 -2.9099808e-04
 -2.1536766e-02
 -8.7597463e-03
  2.1950560e-02
 -9.6013528e-06
  2.3244040e-02
 -2.4762385e-02
 -1.6186155e-02
  2.2475973e-02
 -6.1776629e-03
  2.7662455e-03
 -6.3294359e-03
  1.2552887e-02
  2.3379184e-02
 -9.1063315e-03
  3.4812959e-03
  2.7492018e-03
 -6.1220671e-03
 -7.1546033e-02
 -6.6878740e-03
  2.5711684e-05
  8.6349556e-03
  1.3257085e-03
 -1.7210305e-02
 -1.4069185e-01
 -6.6469680e-03
  2.3341818e-02
 -5.9975311e-04
  1.9047443e-02
 -3.9344653e-03
 -3.6357676e-03
  3.0147687e-03
  1.4423832e-02
 -1.0820222e-02
  1.0945971e-02
  8.5131321e-03
  8.6691082e-03
 -7.4489084e-03
  1.3040161e-01
 -1.1128309e-03
  1.6507430e-02
  1.3062035e-02
  5.6617833e-03
  8.2154470e-03
  2.1916288e-03
 -1.1315179e-02
 -1.0225984e-02
 -6.5647247e-03
  1.4465064e-02
  1.3832781e-02
  6.0191089e-03
 -5.9736753e-03
 -1.7651473e-03
 -1.0351259e-04
  3.2366318e-01
 -8.0816105e-02
  3.1323279e-03
 -1.6339020e-01
  7.0632403e-03
 -5.9344312e-03
 -1.3753513e-01
 -1.2713453e-01
  1.2093873e-01
  2.5712483e-02
 -1.3818630e-02
  1.3923327e-02
  1.4780547e-02
  3.2112800e-02
 -9.6701952e-03
  8.0066448e-04
  6.4608832e-03
 -7.6094586e-01
  2.0718094e-02
  6.4311537e-04
 -1.6306035e-02
 -7.9219667e-03
  1.8466040e-02
 -1.2133298e-02
 -2.6657270e-02
  3.7852332e-03
  6.9884718e-03
  9.4252219e-03
 -4.3795038e-02
  1.6951656e-01
 -1.5283869e-01
 -2.4899159e-01
 -2.0433936e-01
 -4.9172986e-01
 -3.0238226e-02
 -7.0789963e-02
  3.1608727e-02
  1.6940890e-02
 -3.1811780e-01
 -8.1208014e-01
 -9.3070477e-02
  2.4775493e-01
  3.8402838e-01
  3.4691777e-02
  5.0723559e-01
 -9.0253338e-02
  9.6143611e-02
  5.9875232e-01
 -9.1380000e-02
  5.2189809e-01
 -4.6615984e-02
  1.8377610e-02
 -1.3848092e-01
  1.0432553e-01
 -6.2413186e-02
 -2.5201153e-03
  3.0329342e-03
 -2.8947347e-01
  3.3522107e-02
  4.2794859e-03
  3.7576944e-01
  1.4105543e-02
 -1.9091842e-03
  1.4352112e-02
 -1.9791102e-01
 -2.8635241e-02
  1.1308202e-04
 -1.0289908e-03
 -1.9979371e-02
  4.5533147e-02
  1.9312602e-04
  4.0752739e-03
 -1.4836821e-02
 -1.4360872e-02
 -1.4795700e-01
  2.2795087e-02
 -7.7325907e-03
  2.6125349e-02
 -8.8885175e-03
  1.2874719e-02
 -1.5318423e-02
  7.2973040e-03
 -6.6805827e-03
 -3.2719497e-03
  6.9490145e-04
 -7.1925423e-03
 -5.6203161e-03
 -3.7764930e-03
 -3.1207567e-03
 -5.7776332e-01
 -8.6677176e-01
  1.8262017e+00
  6.2239859e-02
  2.2148178e+00
  1.2861657e+00
  2.1758807e+00
  1.1469984e-01
  1.6117191e+00
  1.3041943e+00
  2.8218290e-01
  1.6509154e+00
 -2.5528046e-01
  3.9538658e-01
  6.2516981e-01
 -3.5605887e-01
  6.6101897e-01
  3.2026716e-02
  5.5968314e-02
  1.5402589e-02
 -3.9887297e-01
  1.1410158e+00
 -7.7190095e-01
  9.8790504e-02
 -5.8481085e-01
  2.3177768e-01
  3.0204190e-02
 -7.3105350e-02
  4.2381477e-02
 -2.6862091e-01
 -7.3539212e-02
 -3.0051178e-01
 -8.6323506e-01
  6.1634028e-01
 -6.1467177e-01
  1.3380886e+00
  5.3381544e-02
 -3.4247779e-03
 -8.8457072e-01
  7.7686530e-01
  3.0891576e+00
  1.2334677e+00
  1.8724237e-01
  4.5651042e-01
 -6.5863806e-01
 -4.8972562e-01
  2.4675119e-01
  4.4730943e-01
  8.6586076e-01
 -8.3836889e-01
  2.6810125e-01
  7.3732644e-01
  1.9943519e-01
 -5.2966300e-02
 -9.1393238e-01
  1.1392983e+00
  2.8891193e-03
  1.5467077e-01
 -4.3845631e-02
  3.2381418e-01
  2.2434396e-01
  3.9052870e-02
 -3.9848365e-02
  3.4874966e-04
 -4.7688308e-01
 -1.3752040e-01
  3.5827544e-03
  1.2143361e-02
  4.5209818e-02
  1.1719930e-01
 -3.1836230e-02
  7.6930304e-03
  1.4068602e-02
  1.1379442e-01
 -3.4612656e-01
  2.6641286e-03
 -6.6540097e-03
  2.9128443e-03
 -7.6661929e-02
 -2.3087184e-03
 -6.9337107e-02
 -2.3377735e-02
 -4.2937668e-03
 -1.4554308e-02
  3.8705186e-03
 -8.8951904e-03
 -2.7158285e-02
 -4.3000318e-03
 -4.4605294e-03
  2.9060054e-03
 -1.7245811e-03
 -2.0639451e-01
  1.9458219e-02
  4.1685821e-03
 -1.7491717e-02
 -8.1289271e-03
  3.8058795e-02
  2.0911060e-03
  1.5030800e-02
 -6.0430169e-03
  2.0027647e-03
 -4.0330976e-02
  2.1869908e-03
 -2.4888834e-03
 -9.4345184e-03
  1.2998177e-02
 -4.6748132e-02
 -2.5974862e-02
 -8.1000999e-03
  7.1930308e-03
 -2.0372039e-02
  3.8773792e-03
 -3.3971858e-03
 -4.5951884e-03
 -7.8945135e-04
 -2.3390252e-02
 -8.5228495e-03
 -9.2453845e-03
  5.1760883e-03
 -8.2584443e-03
 -3.1923577e-01
 -5.3897952e-03
 -8.1362873e-03
 -1.3072032e-02
  9.7119911e-03
  8.9036990e-03
  5.2076885e-03
 -6.4907628e-03
 -4.5884466e-03
  2.6135597e-01
 -1.4537387e-03
 -1.1830109e-01
  6.0804710e-03
  1.6142907e-02
  3.0510044e-03
 -1.0101844e-02
  2.3737927e-03
 -2.1871817e-03
  8.6099366e-03
  7.7889976e-03
 -4.7535216e-03
 -1.2068616e-02
 -9.5226122e-03
 -3.1264543e-03
  8.7643648e-04
 -1.4064600e-03
 -1.3033283e-02
 -9.1869145e-04
  1.6049240e-03
  3.1415208e-03
 -1.1155813e+00
 -3.3861595e-01
  6.0977584e-01
 -8.5384494e-01
  1.8162297e+00
 -1.9603905e-01
 -5.1998383e-01
  8.6016899e-01
  2.1383743e+00
  2.7007046e-01
 -9.4166242e-02
 -1.4194000e-01
  4.5873743e-01
  1.0542905e+00
 -7.5283521e-01
  1.5406443e-01
  5.1472884e-01
  5.8407712e-01
  7.8302282e-01
  4.6595785e-01
  1.9395195e-02
 -5.9395885e-01
  1.5405366e+00
  1.5452918e+00
  1.9912274e-01
 -7.4358863e-01
 -4.6527334e-02
  3.2769653e-01
  1.3927670e-02
 -7.1488410e-01
 -4.1616902e-01
 -1.3603894e+00
 -4.1312918e-01
  5.0074279e-02
  5.7638671e-02
 -3.7652835e-01
  1.3334768e-02
 -4.3470468e-03
 -1.0445289e-02
  2.5598966e-02
 -5.4278066e-03
 -3.3266854e-01
  1.6026376e-02
  3.1867377e-02
  3.3039290e-01
  2.4744473e-01
 -6.8549365e-03
 -3.9464426e-03
 -2.3287737e-01
 -9.5861875e-02
 -3.5108119e-02
  3.3848514e-03
  1.3971369e-02
 -4.5658408e-06
 -4.0553254e-03
 -3.1269424e-02
 -2.7423719e-02
  7.0304358e-03
 -3.2129018e-03
 -5.2174205e-01
  9.6526383e-05
  3.8717757e-03
  7.2069415e-03
 -1.2885048e-02
  1.6755954e-03
  5.6231888e-03
 -3.2028467e-03
  2.4225407e-03
  2.0924216e-02
  9.3128728e-03
  5.9239259e-03
  1.2265053e-02
  7.0100701e-03
 -1.8548589e-02
  1.3449973e-01
  1.9113546e-02
 -1.0596827e-02
  1.0437681e-02
  1.4359110e-02
 -3.1111960e-03
 -1.0977430e-02
 -9.2240177e-02
  4.7690455e-02
  7.4601606e-03
 -1.4334141e-02
 -9.6743545e-03
 -7.2278909e-04
  6.0385965e-02
  1.7105967e-02
 -2.2474875e+00
 -7.8266044e-04
 -2.1179628e-03
 -7.7996473e-03
  1.4415578e-02
 -9.4480260e-04
  1.1357918e-02
 -1.3294704e-03
 -1.2052374e-02
 -1.8142933e-02
 -3.3341072e-02
 -1.3351250e-02
 -3.5537246e-03
 -4.3735449e-04
  5.3469915e-02
  7.8526242e-03
 -3.0533604e-02
 -1.0662111e-02
 -5.0424556e-03
 -7.2068665e-03
  1.2107770e-02
 -7.3940544e-03
 -4.2059541e-02
 -1.9112829e-02
  3.1109164e-03
 -4.0722275e-03
  9.3160861e-04
 -4.4724643e-03
  3.8459406e-03
  6.9876891e-01
 -2.4853881e-02
  1.0912040e-02
 -5.3271979e-01
  1.3009392e-02
  7.6251961e-03
 -1.7298509e-01
 -1.2692715e-02
  9.5398212e-03
  9.3645684e-02
 -9.3246503e-03
 -1.2784698e-02
 -6.1120454e-02
  2.5590505e-02
 -3.2679939e-03
  7.6130661e-03
 -2.2356693e-02
 -4.1194167e-02
 -3.8767084e-02
  1.4361493e-02
 -7.7309818e-03
 -3.6597308e-03
  4.3728575e-03
  1.6136054e-02
 -4.5748297e-03
 -1.6312960e-03
  3.0513043e-02
 -8.3894208e-03
 -8.0738347e-03
  1.9126005e-02
  9.9996969e-02
  2.4107893e-03
  1.1376678e+00
  4.3890510e-02
  9.4609028e-01
 -1.5721202e-01
  8.6807288e-02
 -8.6435521e-01
  1.7483616e-01
  8.5621085e-03
  1.1691639e+00
  1.1777940e+00
  2.0091138e+00
  9.4303545e-03
 -2.7553609e-02
 -7.2103626e-01
 -1.4904635e+00
 -3.2152691e-01
  1.0218861e+00
 -1.4459634e-01
  5.9619974e-02
 -4.1316351e-01
  2.2935313e-01
 -3.1258840e-02
 -9.1480790e-03
  4.4771107e-03
  5.5432236e-01
  1.0807512e-02
  2.0575881e-02
 -4.8609083e-03
  1.0186690e-02
  1.8342878e-01
  2.1141013e-02
 -4.4459659e-01
 -6.1284018e-01
  5.1467080e-02
 -3.3579409e-01
 -1.4501956e-01
 -1.4141162e-02
 -4.3126140e-03
  3.6162022e-03
  5.7427458e-02
 -1.7775010e-01
 -1.1323574e-02
  5.2685690e-01
  1.1965859e-01
 -1.2694325e-01
 -3.6216233e-02
 -5.0261658e-02
  1.1253747e-01
 -3.1029187e-02
  4.6278495e-02
  8.5585229e-03
 -1.5364066e-01
 -9.1461865e-03
  6.1315268e-02
 -4.2718247e-01
 -9.5873438e-02
 -1.1752663e-02
  1.4144468e-02
  4.2802580e-03
  6.1718109e-03
 -7.2860062e-01
  2.1678571e-01
 -3.0587769e-01
 -9.0074718e-01
 -2.9078326e-01
  1.3927485e+00
  6.0942993e-03
 -3.0045983e-01
  2.5323987e-02
 -4.8402753e-01
  1.9442366e-02
  4.0224921e-03
  2.8849073e-02
  3.6584415e-02
 -3.1824356e-01
  7.2948116e-01
  1.3007137e-03
  4.0487419e-03
 -1.6173348e-03
 -1.5278834e-01
 -9.7336946e-03
  2.0315573e-02
 -7.5680912e-03
 -8.7404139e-03
 -1.7142888e-02
  6.0792840e-03
 -1.4652873e-02
  1.1832628e-02
  5.6454509e-01
  1.2771139e-01
 -2.8726655e-01
 -3.9547625e-01
  8.9130015e-04
 -2.8308335e-01
  5.2743517e-02
 -1.7279029e-02
  6.2569869e-03
 -8.0122123e-04
  3.3959525e-03
  2.9356362e-02
  1.7541716e-03
 -7.3589035e-03
  3.4293108e-02
  3.3339951e-02
  3.8349146e-01
 -4.9299435e-03
 -1.0294043e-02
 -9.2993275e-04
  1.0824664e-02
 -1.6378179e-04
  7.4986229e-03
 -5.5432697e-03
  1.1583184e-02
 -1.8513491e+00
 -8.5437344e-03
 -1.3596489e-04
 -1.4390550e-03
 -6.8159457e-03
  8.6283926e-03
 -7.3952377e-03
 -1.0465498e-02
 -1.7239162e-03
  1.4433160e-03
 -2.1093148e-01
 -1.7675960e-02
  1.1204280e-02
 -8.7285019e-04
  3.1679761e-02
  7.9463245e-03
 -5.5074436e-03
  1.2449545e-04
  6.1852899e-03
  7.0891292e-03
 -6.5173591e-03
 -2.0629735e-05
  2.3699263e-02
  9.2139263e-03
  1.5682168e-02
  1.1988419e-02
 -1.6453309e-02
 -6.8079713e-03
 -3.8997438e-03
 -2.1148557e-04
  8.1439056e-03
 -2.5411071e-03
  7.4559593e-01
  4.6551242e-03
  4.2901984e-03
  9.5230332e-03
 -7.0384704e-03
  2.4295766e-03
 -3.3711517e-01
  3.9097099e-03
  2.0183858e-02
  7.0129484e-03
  3.3035802e-03
  6.5091597e-03
  8.5417191e-03
 -5.6758206e-03
 -6.8136496e-03
 -4.1570898e-02
 -1.6718563e-02
 -2.9123295e-03
 -1.3435778e-02
  9.7679272e-03
 -6.9803693e-03
  1.4325105e-02
 -9.6127251e-03
  1.3197638e-02
 -1.5617929e-02
 -3.2815107e-03
 -1.3572207e-02
 -8.7978970e-03
  1.4404731e-02
  1.1281630e-02
 -2.3869375e-02
 -7.1370560e-03
 -5.8307080e-03
 -1.3091202e-02
  5.8271815e-03
  9.0689883e-03
  7.5534168e-03
 -1.5416037e-02
  1.0349368e-03
  2.5061094e-03
  8.3985357e-03
  2.8543391e-03
  1.3657782e+00
 -1.7559854e-02
 -4.9183331e-03
 -1.5510402e-02
 -1.6520992e-02
  2.7149370e-02
  5.1089684e-03
  8.8253180e-03
 -3.4630590e-03
 -2.9124490e-03
  1.0016350e-02
  2.9771018e-03
  1.2036936e-02
  2.7797490e-02
  3.5611284e-03
 -2.5168279e-02
 -1.2462587e-02
  1.2650531e-02
  1.5877578e-02
 -4.6249977e-03
 -1.2460131e-02
  1.1218924e-02
 -5.3779068e-03
 -1.2035847e+00
 -7.2912544e-01
  4.1636223e-01
  3.4301225e-02
  1.5416465e-02
 -1.9918086e-01
 -3.9812690e-01
  1.1309876e-02
 -6.3626158e-01
  1.2199223e-02
 -3.0918298e-03
 -3.4629908e-01
 -7.5422390e-03
  7.6035477e-02
 -1.1141624e-01
  2.2943458e-03
  4.1395151e-03
  3.4112262e-03
  1.2951615e+00
 -1.1975734e+00
  2.1899031e-03
  8.3076216e-02
  7.1697742e-02
 -6.3760084e-01
 -2.2067054e-01
  6.6064097e-02
  7.0767248e-01
  3.7163296e-03
  8.9071747e-03
  1.6055848e-02
  1.1488817e+00
  7.6173037e-01
  4.3365872e-01
  2.4933676e-01
  1.1606548e-01
  4.8879671e-01
 -7.0742202e-01
  4.3989588e-02
 -4.3171565e-03
  5.5327203e-02
  2.1067615e-01
  4.1089767e-01
 -1.3117039e-01
 -1.4039887e+00
  1.0442814e+00
  1.5120785e-01
 -7.3525280e-02
  1.1947183e-01
  1.3158774e+00
  4.2124483e-01
  1.3467614e-02
  4.9361087e-02
  1.5725268e-01
 -2.9824796e-01
  7.7589923e-01
  2.2644460e-01
  6.2183242e-02
 -4.1627171e-03
  9.8120116e-02
 -1.4204962e-02
  5.7321768e+00
 -9.5975716e-03
  6.8073981e-03
  2.4150437e-04
  4.3996570e-01
  1.1132476e-01
  5.3983986e-01
  2.7813891e-02
  4.1096094e-01
  9.7122175e-01
  1.7245641e-03
  1.8216564e-03
 -7.3696661e-01
 -1.7041253e+00
 -3.6190799e-01
  3.7872706e-02
  1.1834241e+00
 -2.0065850e-02
  3.1465672e-02
  6.6586467e-03
  6.8121138e-03
 -4.1703463e-02
 -9.9171385e-02
  3.3881906e-03
  1.7465478e+00
  2.2838148e-01
  3.4110562e-03
 -1.1128356e-01
 -6.2500560e-01
  3.4422949e-01
 -2.5001490e-02
 -4.2800345e-02
  1.3503152e-01
 -1.3943701e-02
 -4.9154344e-03
  1.4720434e-02
 -7.7547529e-03
  1.6487548e-01
  2.7069885e-02
  1.0128130e+00
 -3.9693889e-01
 -9.3683526e-02
 -2.5234565e-01
 -3.4856507e-01
  1.2632439e+00
  6.9544351e-01
 -6.1874735e-01
 -5.1413369e-01
  1.2009435e+00
  4.0808651e-03
 -5.2501801e-02
  2.0874811e-02
  7.6636202e-03
  6.0538709e-01
 -2.0041797e+00
 -1.0224754e+00
 -8.3212413e-02
  3.3012680e-03
  9.8568839e-01
  4.7551063e-03
  1.5679908e+00
 -6.1328000e-01
  8.2366794e-01
 -3.2867751e-01
  1.2030742e-01
 -1.2667210e-02
 -7.3069418e-03
  3.2583922e-02
 -2.8693655e-01
 -7.8972739e-01
  8.6539322e-01
  9.3575083e-02
  8.8203984e-01
  6.5256305e-02
 -4.4264237e-04
 -2.4579901e-01
  1.8225566e-01
 -1.8042579e+00
 -6.1816663e-01
 -7.1756706e-02
 -6.5263314e-03
  7.9199253e-03
 -1.6105302e-02
 -1.1044827e-02
  7.8628816e-02
 -5.7528532e-01
  1.9208591e-01
 -7.6515645e-01
 -1.0033060e+00
 -7.2391748e-01
 -1.1999778e-01
 -7.3701176e-03
 -2.5170732e-01
 -7.5590283e-01
 -1.0059047e+00
 -6.4746970e-01
  3.6204234e-01
  2.3288964e-03
 -4.2363750e-03
 -1.4654439e-02
 -3.6881093e-03
 -1.4590824e+00
 -8.7340616e-02
 -6.8133312e-01
 -3.4385670e-02
 -6.6380602e-01
  9.3344516e-01
  2.0006944e-03
  5.6514412e-01
 -1.7885513e+00
 -1.8518490e-01
 -9.1896262e-03
  5.7441950e-01
  5.2341465e-03
  4.5253478e-02
 -1.1132909e-03
 -2.2404233e-01
  1.3976431e-01
  2.3752277e-01
 -5.1984057e-04
  1.3549511e+00
  2.3591237e+00
 -1.8848773e-02
 -2.0352801e-02
 -7.9786444e-01
 -4.0721676e-01
  1.9103888e-01
 -6.5769129e-02
 -8.3937883e-01
  1.2218746e-02
 -9.3278587e-03
  8.9025889e-03
  3.1592026e-01
 -4.2893235e-03
 -2.2429280e-01
  1.5692886e+00
  1.1577532e+00
  3.1509963e-01
  1.2553778e-01
 -1.7464686e-03
 -7.2896427e-01
 -4.9495375e-01
 -1.0787913e+00
 -1.6980256e+00
 -2.6482740e-01
 -4.5556299e-02
  4.0819142e-03
  1.2772470e-02
  1.5248072e+00
  3.5075286e-01
  2.1983314e-02
  5.2166125e-03
 -5.0410813e-01
 -1.0789127e+00
 -6.3201004e-01
  1.8306689e-03
  5.4468453e-01
  1.6314951e+00
 -1.2659496e-01
 -9.5261621e-01
  5.1601297e-01
 -1.3069290e-02
 -1.4033260e-02
 -4.2334045e-03
  8.9640224e-01
  3.5476869e-03
  3.3613141e-03
 -9.9410862e-03
  5.6680147e-02
 -1.4348823e-01
 -2.3310168e-01
  8.6903507e-03
  5.4304987e-01
  2.2095002e-02
 -1.9663462e-02
 -1.0771766e-02
 -7.2792612e-02
  1.3407744e-02
  9.1668293e-03
 -7.0458073e-03
  8.3283446e-04
  1.0005989e-02
  2.4049385e-02
  4.0480014e-02
 -6.3135308e-01
 -3.0762190e-01
  3.8397554e-02
 -4.4921767e-03
 -5.2674329e-01
 -3.4735173e-01
 -6.3683182e-01
 -2.2898421e-01
  7.8161824e-01
  2.3928685e-03
  1.1710421e-02
 -8.3821937e-03
 -8.6669165e-01
  4.5123780e-01
 -1.1493830e-01
  3.2770219e-03
 -1.8553717e+00
 -4.3587878e-01
 -1.3739254e+00
 -7.4756797e-04
  2.7289039e-01
 -9.3159817e-02
  8.3872890e-03
 -5.1950975e-03
  8.6621785e-01
  2.5535563e-03
  1.2420350e-02
  1.1033904e-02
  1.5924325e+00
  8.1466156e-01
  1.1705024e-02
  3.4401339e-02
  1.5618786e-01
 -5.0126128e-03
 -2.6221764e-03
  1.0910912e-03
  2.8015292e+00
  1.6405335e-02
 -5.2788800e-01
 -9.1527000e-02
 -1.1182940e-01
  3.6319825e-03
  1.7097961e-02
  4.5134723e-02
 -1.5488064e-01
  2.4102478e-01
 -1.8557512e-03
  3.2479279e-03
 -1.2029643e+00
 -1.5097125e+00
  1.0199547e+00
  1.4772275e-02
  1.4889722e+00
 -2.6585248e-01
 -5.7265550e-01
 -2.0832008e-01
  1.0402522e+00
  6.0855865e-01
 -2.1194678e-02
  3.6433080e-04
 -5.2173167e-02
  1.4969729e-02
 -1.3279308e-01
  2.0698247e-02
 -2.2148108e+00
 -1.2524312e+00
 -2.7040782e+00
  2.1376053e-03
 -6.4087802e-01
  9.9943119e-01
 -5.4827724e-03
 -2.1661540e-02
  5.4541904e-01
  2.8571689e-01
 -2.1423553e-03
 -5.9230026e-02
  3.3328885e-01
 -4.7293991e-01
 -3.4054300e-01
 -5.2203745e-01
 -3.5012594e-01
 -3.9860912e-02
 -4.6168338e-03
 -9.8303659e-03
  6.3502097e-01
 -3.6497664e-01
  8.0557233e-01
  1.5535674e-04
  1.0191035e+00
  7.7302352e-02
  3.7524118e-03
  1.0893933e-01
  1.4146986e+00
 -1.7011398e+00
  3.6774737e-01
 -1.9596463e-01
 -6.0912192e-01
 -8.7686700e-01
 -2.6509397e+00
  1.0751111e-01
  2.7882857e+00
  1.1921240e+00
 -5.8682799e-05
 -6.6515082e-01
  9.7963966e-02
  4.1888021e-02
 -6.1742568e-01
  1.8805204e-02
 -2.6761897e+00
 -4.1911639e-02
  1.7082681e-01
  3.4956300e-01
 -1.2100523e+00
 -1.8500341e-02
  4.9017549e-01
  5.4328470e-03
  9.0541996e-02
  6.3085866e-01
 -1.9732279e+00
  1.0552369e+00
  2.6857421e-01
  2.8498156e-02
  1.1692871e-02
  7.6198443e-03
 -2.6883731e-02
  1.6022926e-02
  8.6582936e-03
  3.2172711e-03
 -2.0479900e-03
 -5.3277478e-02
  3.6383797e-03
  5.3339973e-03
  6.1873160e-02
  2.2128053e+00
  7.7032810e-04
  1.2095658e+00
 -7.7807534e-01
 -1.4865942e-01
  3.6297560e-02
  2.0425704e-04
  3.2884177e-02
 -1.7512066e+00
 -8.2057399e-01
 -2.0679121e-01
 -5.4440159e-01
  1.4185446e-02
 -1.2985150e-02
  1.3818265e-01
 -1.0388262e-03
 -9.0953213e-01
 -1.5968548e+00
  2.9069012e-01
  2.1628726e+00
 -1.9212017e-03
  2.0275788e-02
 -6.0387165e-03
 -4.6525621e-01
  1.2488939e+00
  2.3697560e-01
  1.0989144e-02
 -6.7295754e-01
  9.9508452e-01
  7.0839956e-02
  1.6878538e-03
  1.8158902e-01
  5.0013006e-01
  1.9439845e+00
 -9.4157934e-01
 -2.2360414e-01
  1.7515134e-02
 -3.8134982e-03
 -1.0037345e-02
 -3.3824295e-02
 -1.8245630e-01
 -1.6331102e-01
 -5.0249171e-02
  1.5138780e-01
 -6.9075339e-02
 -1.1367539e-02
  9.9305809e-03
 -2.9954672e-01
  9.6707851e-01
  1.6501477e+00
  8.2331002e-01
 -1.1496412e+00
  2.8316177e-02
  9.6842283e-03
  3.9152927e-03
 -1.6339245e+00
 -2.1563840e+00
 -2.7603787e-01
 -2.4146363e-01
 -2.8886989e-02
  8.5665159e-02
 -3.6714473e-03
  3.2530812e-07
  1.5833590e-02
  5.8344758e-01
 -1.8115240e-01
 -1.4639858e+00
 -7.7292067e-01
 -6.5735209e-01
 -2.1922211e-01
 -4.8400470e-04
  1.5804902e-01
  3.0766925e-01
  4.7419417e-01
  1.0632626e+00
  4.6513181e-02
  3.2394195e-01
  3.6681938e-01
  1.7783983e-02
  3.4375776e-02
 -3.5301274e-01
  1.2602241e+00
 -8.1751400e-01
 -3.0806836e-01
 -1.5136589e+00
  6.1954264e-02
  3.2452595e-01
  5.5697668e-01
  2.4290802e-01
 -3.5615988e-02
 -1.1234338e+00
 -8.2995558e-01
 -3.2667357e-03
 -4.6305214e-03
 -1.5711168e-02
 -1.7472450e-01
 -3.4092838e-01
 -5.2258873e-01
 -1.2463976e+00
 -6.2241602e-01
  6.0889035e-02
 -3.2473812e-03
  4.8975181e-02
 -5.3747606e-01
 -8.3353616e-02
  5.6237906e-02
  6.3541806e-01
 -1.5399131e+00
  2.1571924e-01
 -1.0669998e-02
  1.7385686e-02
  9.7980767e-01
 -6.8193752e-01
  1.3094532e+00
  7.0913535e-01
 -2.2946899e-01
 -8.7561768e-01
  1.4839659e-02
  1.3742864e-01
 -6.3085246e-01
  1.2037665e+00
  7.0874387e-01
  4.3961585e-01
  6.7118299e-01
 -7.4570960e-01
 -8.9946110e-03
 -2.1960439e-01
  1.6481474e-02
  6.2849391e-01
 -5.6279916e-01
 -1.1570234e-01
 -9.9481708e-01
  7.3557830e-01
  1.3819875e-02
  2.5372064e-01
 -6.4333856e-01
  4.0673488e-01
  4.3305761e-01
  5.5753761e-03
 -5.4477274e-01
  8.3693826e-01
  3.1043298e-04
 -4.7362479e-03
 -3.7058690e-01
  2.1216378e-03
 -1.1178128e-02
  1.2797880e-02
 -7.0221442e-01
 -3.8136128e-02
 -1.9836755e-02
  1.2305540e+00
  1.7315364e-01
  1.2565274e+00
  1.6633926e-02
  4.4673380e-01
 -2.5455019e-01
 -2.1842237e+00
 -2.5713432e-01
 -8.6600997e-04
  2.5964231e+00
  2.4456556e-01
 -4.7734484e-02
 -1.6065726e-01
  1.5091478e+00
  4.9276128e-01
 -1.0957039e-01
 -1.1231900e-03
  9.6565974e-01
 -5.4468518e-01
  5.9941459e-01
  1.2733312e+00
 -8.4482707e-02
 -6.1765152e-01
  1.0094216e-01
  3.4954897e-03
 -1.5825529e-01
  1.8093781e-01
 -1.4704357e-01
 -3.5208833e-01
  5.4478037e-01
  2.3764415e-01
  9.5235437e-02
  4.9301332e-01
 -3.5477061e+00
 -2.2447330e-01
  3.2429909e-03
 -2.6097191e-02
 -3.2345548e+00
  6.6067392e-01
 -2.8142782e-02
 -7.0032582e-02
 -5.1735955e-01
  1.8544241e+00
  6.6974596e-03
 -3.6372047e-02
 -1.0715544e+00
  5.2926689e-02
 -7.1825135e-01
 -2.4171087e-01
  1.5271156e+00
  1.4651052e+00
  1.0738532e-01
  1.4636321e+00
  9.3446767e-01
 -9.3587101e-01
 -7.6012708e-02
  2.5886556e-02
  9.5786881e-01
 -1.3911313e-01
 -1.9040941e-01
 -3.5880197e-02
  9.0093780e-01
 -4.6587804e-01
 -4.9230775e-01
 -2.5114352e-01
  1.6125211e+00
 -7.9981995e-01
  3.1707165e-01
  1.8264349e+00
 -5.1528108e-01
  8.2350981e-01
  7.6839709e-01
 -2.7709225e-01
 -3.7296328e-01
  5.2146697e-01
 -8.8282414e-02
 -3.0653179e-03
  8.6709447e-03
  7.9300708e-01
 -8.3020829e-02
  2.2400771e-03
  4.5739871e-01
  8.1802201e-01
 -1.7997357e-01
 -8.0733609e-01
 -2.6793027e-01
 -5.8126926e-02
  1.0884378e-01
 -4.4072576e-02
 -1.0463638e+00
 -3.6296368e-02
  1.0988071e+00
 -5.0246648e-02
  2.7611235e-01
  1.9983776e-01
 -1.9036803e-01
  2.3228934e-01
 -5.6981021e-01
  1.1324396e+00
  1.9629234e+00
  3.7340429e-01
 -1.1126878e+00
  3.7574691e-01
 -1.3953637e+00
 -5.6143053e-02
  4.7104023e-02
  1.0075704e+00
 -1.5102023e-01
 -3.4442434e-01
 -4.7240239e-02
 -8.3662599e-01
 -3.3191851e-01
 -2.7519831e-01
  9.4843793e-01
  1.6517410e-01
 -8.6799219e-02
 -1.2969866e-01
  7.6718354e-01
  1.8960168e+00
 -1.6956811e-01
 -7.4419626e-03
  7.5880426e-01
  3.4042135e-01
  2.7688217e+00
  1.2737037e+00
 -1.2676305e+00
 -2.1762840e-01
 -4.8802346e-03
 -2.7941937e-02
  8.2333553e-01
 -1.4598984e+00
  2.0138016e-03
  2.0899212e-03
  3.3578031e-02
  4.4507016e-03
 -7.2654285e-03
 -7.8299819e-03
 -2.0014392e-01
  4.8240605e-01
 -5.5894339e-01
  4.2012909e-01
 -1.5961630e+00
  3.5196096e-02
 -4.4093323e-03
  4.6662595e-02
 -2.0850821e+00
  1.5628265e+00
  2.6800627e-01
  2.6882458e-01
 -1.2617983e+00
 -4.6117553e-03
 -8.0474773e-03
 -1.0325009e-02
  4.3270165e-01
 -1.4944698e+00
 -1.4310187e+00
  1.5998467e+00
 -1.5563406e-01
  6.4606763e-02
 -1.1159624e+00
 -3.6036500e-01
 -2.5035822e-01
  4.4218597e-01
 -1.7445213e-01
 -3.6211834e+00
  9.3182594e-01
 -9.8017760e-02
 -1.3703477e-01
 -1.8285051e-02
 -1.0086470e+00
 -2.8192565e-01
  1.0150316e+00
  2.2740347e+00
 -7.6635796e-01
 -1.4728639e-01
 -3.7435749e-01
 -3.1732771e-01
 -5.7440299e-01
  3.5321248e-01
  1.0160331e-01
  3.0981466e-01
 -5.5845600e-01
  5.1487099e-02
  3.5151700e-04
  1.2256056e-03
 -4.8324072e-01
  1.2604434e+00
  2.4400764e+00
  9.6073461e-01
 -1.1727233e+00
  8.8031620e-01
  8.5292146e-02
 -6.7401039e-03
  8.6925402e-02
  1.9159642e-01
 -7.3505020e-01
 -4.7351235e-01
 -5.1874924e-01
  5.2839756e-02
 -2.7054932e-06
  8.5503416e-04
  6.1094099e-01
  3.8746032e-01
 -1.0664743e+00
  7.0038915e-02
  1.6117750e+00
 -2.1795318e-01
 -3.0667581e-02
 -4.2272323e-01
 -4.5295388e-01
 -2.6615375e-01
 -2.1269460e+00
 -7.3698789e-02
  5.8330875e-02
 -2.7270412e+00
 -6.4387953e-01
 -4.2970855e-02
  5.2672005e-01
  2.8127813e-01
  4.5255551e-01
  2.7199230e-01
 -2.6541522e-01
  1.7586720e-01
 -1.2928413e-01
 -1.0176654e-03
 -4.2642221e-01
 -2.4052951e+00
 -4.9156833e-01
 -8.0056310e-01
  6.4072371e-02
  8.7112367e-02
 -1.2278791e-03
 -2.1109615e-02
 -1.6067971e-01
  1.5666112e-01
  3.2480628e+00
  7.9027909e-01
 -8.5654455e-01
 -1.8742476e-01
  2.1916935e-01
  5.3228312e-03
 -3.7111297e-01
 -6.9578469e-01
  1.2944701e+00
  5.6234980e-01
 -9.1774559e-01
  1.9195585e-01
  4.3671557e-01
 -1.0298125e-02
  9.3762171e-01
  7.9165465e-01
  1.0199474e+00
  1.4714476e-01
 -9.8115307e-01
 -8.6879194e-01
  6.1276011e-02
 -9.0269260e-03
  5.2148139e-01
 -1.1440285e+00
 -9.6840337e-03
 -1.9734504e-02
  7.7802235e-01
 -4.2026179e-04
  7.3852888e-03
  2.0947639e-02
 -7.2146672e-01
  3.5920227e-01
 -1.4206764e+00
 -3.6733001e-01
 -1.3762770e+00
 -4.5868203e-02
  2.9532570e-02
  2.7537979e-02
  7.5666413e-02
  5.5084610e-03
  4.6123274e-02
 -2.4825342e-03
  6.2847927e-02
  1.9603204e-03
  2.1189271e-02
  2.5890933e-02
 -5.2517682e-01
 -8.8118184e-01
 -1.2311487e-02
 -1.4477655e+00
  3.7721042e-02
  8.8038491e-03
 -6.1287456e-03
 -2.2704625e-01
 -9.0717658e-02
 -1.2890446e+00
 -1.3998084e-02
  3.4945521e-03
  1.5619706e+00
  8.9239748e-03
  6.6490220e-03
  6.8289419e-03
  1.8329705e-03
 -1.4401861e-01
 -5.1266748e-01
  1.7529309e+00
 -2.0222670e-01
 -1.1609623e+00
  4.8155658e-02
  2.1890378e-01
  5.7407868e-01
 -3.3347431e-01
  6.2106829e-03
  6.5368539e-01
  1.8797998e+00
  1.2619588e-02
  3.1691141e-02
 -2.0305775e-02
 -8.9352363e-01
  5.9231228e-01
  2.8403977e-01
  7.7756721e-01
  1.7903030e-01
 -3.9146494e-02
 -2.2607066e-03
 -1.2027738e+00
  1.7500649e-01
 -8.9918107e-01
 -6.9691157e-03
  7.0571585e-04
  3.6654558e-02
 -1.9673510e-02
 -1.6622050e-03
  1.7864434e-02
 -1.6444906e+00
 -5.2793008e-01
  2.4406826e-01
 -2.2636957e+00
 -1.0372974e+00
  7.7226549e-02
 -4.9425155e-02
 -3.0473208e-01
  6.4730185e-01
  3.8338911e-02
  4.8197806e-02
  7.0606093e-03
  3.9535844e-01
  7.0582680e-02
  8.1197377e-03
 -3.6289112e-03
 -1.3293657e-01
  1.9337587e-01
  1.4033964e+00
  4.9305981e-01
 -1.3709867e+00
  6.3643640e-01
 -9.2216194e-02
  2.1147381e-03
  1.2751087e+00
 -3.5456333e-01
 -2.0248789e-02
 -6.5269433e-03
 -1.4417706e+00
 -2.7993459e-01
 -2.1989511e-03
  9.7691836e-03
  1.9173819e+00
  2.2862951e-01
  3.0142800e-03
  9.1134530e-01
 -1.1722643e+00
  4.5068192e-01
 -7.8419530e-01
  2.9043490e-01
  2.5092256e-01
  2.3026450e-01
  2.3659268e-02
 -9.1276485e-03
 -4.2967650e-01
  1.3924348e-01
  4.0145137e-04
  2.8677698e-02
 -1.3442228e+00
  3.8365066e-01
  8.8539547e-01
 -2.3722610e+00
  5.9097111e-01
  5.3888422e-01
 -4.6883494e-02
  2.0877926e-01
  2.6045859e-01
  2.6741278e-01
  1.0384473e-03
 -5.6193830e-03
  1.1815505e-01
  1.9220064e-03
 -5.2778646e-03
 -1.5754437e-01
 -1.4642294e-01
  5.1555738e-02
  1.2643911e+00
  1.3297836e+00
  7.2776353e-01
  4.4368673e-02
 -5.9182312e-02
  7.3902361e-04
  5.2980423e-01
 -8.3785146e-01
 -3.0531469e-01
 -3.8000831e-01
  1.3423786e+00
  1.5099797e-01
  2.4432940e-03
  2.0335666e-03
 -5.1251221e-01
 -1.5106297e+00
  1.3413614e+00
  2.3783551e-01
  9.3013835e-01
 -2.7142681e-02
 -1.8611614e-02
 -1.3027934e-02
  3.8243809e-01
 -4.0004286e-03
  1.7019352e-03
 -4.5739636e-03
  4.7949605e-02
 -6.8253060e-03
  1.0446204e-02
 -3.6983062e-02
 -1.7247586e-01
 -3.0758071e-01
 -3.5734076e-02
 -6.9266903e-01
  2.9010555e-02
 -1.9612885e-01
 -1.6189029e-02
  7.6832906e-03
 -2.4897888e-01
  1.7127087e+00
 -3.7083557e-01
 -3.8634160e-01
 -2.0173952e-01
  7.3053777e-02
 -2.6968781e-02
 -2.0420983e-02
  9.4745699e-03
  1.4885700e+00
 -9.9853754e-01
  1.2304714e+00
  8.4067357e-01
 -1.8170373e-01
  3.2327941e-04
  1.9138908e-02
  9.8538536e-01
  9.5698901e-02
 -3.2895632e-02
 -1.0110511e-01
  2.3337851e+00
 -6.9331862e-02
  2.6323743e-02
  3.2044321e-02
 -1.1611221e+00
 -1.8301950e-01
 -1.7005275e+00
 -1.9815893e+00
 -3.1994429e-01
 -7.1160465e-01
 -3.5302356e-02
 -1.6576799e-03
  2.6573079e+00
 -4.5087263e-01
 -3.1083193e-01
  1.4935665e-01
 -1.0902681e+00
  5.4423261e-01
 -2.9428372e-02
 -1.2038832e-03
 -5.5056512e-03
 -9.1700798e-01
 -3.7732631e-01
 -1.3491395e+00
 -1.0673796e+00
 -6.0873836e-01
 -5.2764282e-02
 -8.5646100e-03
 -2.1194580e+00
  1.6358390e-01
 -4.9333889e-02
 -5.1961833e-01
 -1.4477419e+00
 -1.1710649e-03
  1.8053068e-02
 -2.1554260e-03
  7.0106083e-01
 -9.3866980e-01
 -1.5600568e+00
  7.4353516e-01
  3.9706957e-02
  4.5321196e-01
  3.9924475e-05
  3.4548018e-02
 -3.0704951e+00
 -2.6713207e-01
 -1.2727357e-02
 -7.0927823e-03
  3.6236393e-01
 -2.3560403e-02
 -1.2371356e-02
 -9.2370348e-04
 -5.2914578e-01
  6.5855801e-01
 -9.4711977e-01
  4.4844908e-01
 -2.1813706e-01
  1.0974336e+00
 -8.6542293e-02
  3.2212041e-02
 -5.5109781e-01
 -5.9721595e-01
 -4.4737229e-01
 -7.3963845e-01
  2.5223923e-01
  3.5709310e-01
 -8.6192340e-03
 -1.8361455e-02
  2.7649406e-01
  9.4650304e-01
  5.2103441e-02
 -9.0948999e-01
  3.9370286e-01
  5.8294058e-01
  1.4840034e-02
 -1.2227368e-03
  3.0119855e+00
 -4.6119866e-01
  3.5363948e-03
  7.7366512e-03
 -5.1399177e-01
  4.6421754e-01
 -1.1284718e-02
 -3.5656404e-02
 -5.4001802e-01
  5.5236065e-01
  8.2791686e-01
  4.1226774e-02
  7.2152001e-01
  6.7183502e-02
  1.8166850e+00
 -8.6936843e-01
  4.5382261e-02
 -4.9677685e-01
 -1.3474297e-03
 -8.6553795e-03
 -5.6933159e-01
 -1.4602576e+00
 -1.2811658e-02
  5.5804914e-03
  1.4612205e+00
  6.1986732e-01
 -8.1186104e-01
  1.2789714e+00
 -3.5114989e-01
 -5.7231838e-01
 -3.5594127e-03
 -1.3729206e-01
  1.1238510e-02
  2.5357626e-02
  1.3842473e-02
  7.5479392e-03
  3.5722509e-01
 -2.3555766e-01
 -1.0055387e-02
  5.7076907e-04
 -9.8620689e-01
  6.7889374e-01
 -6.3340083e-02
 -3.4049129e-01
 -1.5154211e-01
  3.9154079e-02
 -2.9196374e-02
 -2.0129327e-03
  9.0190691e-01
 -1.7265524e-01
  2.7601600e-03
 -1.8631989e-02
 -1.3493891e-01
 -4.9745110e-01
 -6.1892495e-03
  4.9023898e-03
  8.5388106e-01
  1.9839467e-01
  1.4432422e+00
 -3.0516932e-02
 -2.2969124e-01
 -7.6498270e-01
 -5.9966955e-02
 -1.7431699e+00
  3.4350932e-01
 -3.3395076e-01
  2.0477733e-02
 -4.0167063e-03
  6.6362667e-01
 -8.2253879e-01
 -6.1817779e-03
  8.9329539e-04
 -1.5454608e-01
 -2.3072205e+00
  3.5718400e-02
 -7.5445569e-01
 -1.9921937e+00
 -1.6206522e+00
  4.9114058e-04
  1.8240747e-01
 -3.4421507e-02
 -4.0579222e-02
 -5.6241406e-03
 -2.0043945e-02
  8.5044410e-03
 -3.2717403e-02
 -2.6388475e-04
  6.4465338e-03
 -1.0403745e+00
 -2.5643399e-01
 -8.5614330e-01
 -1.0129863e-02
 -1.1540303e-02
 -2.7365673e-02
 -1.5253160e+00
 -2.0561382e-01
 -8.5178477e-01
 -7.1866857e-03
  4.9122651e-03
 -3.2440748e-02
 -8.6582989e-01
  7.8194988e-01
  1.7659506e-02
  1.0776985e-02
  1.1103384e+00
 -4.3374285e-01
  1.3071582e-01
 -6.5676622e-02
 -1.0135261e-01
 -1.1578851e+00
  7.6940119e-02
 -1.3982631e+00
  4.8867112e-01
 -8.9355400e-03
  9.2480099e-03
 -2.3723731e-02
 -2.2001336e+00
 -7.9161298e-01
 -5.5617329e-02
 -3.3372207e-04
  1.0504416e+00
  1.4062239e+00
 -1.1842954e+00
 -1.2768744e-01
 -2.1784215e-01
 -9.0951473e-01
 -3.5277107e-01
  1.4344268e-01
  2.7488577e-01
 -2.1838304e-01
  3.8507665e-03
 -9.2323432e-03
 -2.4994296e-01
 -4.3809384e-01
 -2.7592198e-03
  1.2355135e-02
  7.5407892e-01
  1.1979891e+00
  3.4282440e-01
 -4.3451294e-01
  1.2175443e-01
 -3.9919817e-01
 -1.6424732e-02
 -1.4153711e-02
  3.1590652e-01
  4.5747537e-02
  1.4481829e-02
  3.3278423e-03
  9.8481607e-03
  1.2989409e-01
 -2.8510677e-02
  3.2144182e-03
  5.0488788e-01
  9.1652495e-01
 -4.2440914e-02
 -7.4056290e-02
 -3.1816959e-01
  4.5392218e-01
  2.3583952e-02
 -2.0474406e-02
 -4.5725378e-01
 -4.5263739e-03
  6.9300425e-03
  2.3108471e-02
  7.1422033e-02
  3.2871494e-01
 -1.6285212e+00
  3.0476016e-03
  3.5731322e-01
 -2.4577968e-01
 -1.2031393e+00
 -1.3581654e+00
  2.8933361e-03
  6.0773557e-03
  4.6078563e-03
 -5.3637805e-03
 -4.4989381e-03
  1.6709557e-02
  4.2769246e-02
 -1.0236501e-02
  2.7199240e-02
 -1.5111011e-02
  7.7789426e-03
 -4.6102080e-02
  2.1571302e-01
 -8.5489398e-01
 -2.3973273e-02
 -2.8975752e-01
  2.0389795e-02
 -7.2597144e-03
 -7.5458260e-03
 -1.0889571e-02
 -4.9818304e-01
  2.6760379e-02
 -9.1953062e-02
 -5.1726191e-04
 -3.0345750e-01
  2.4736604e-01
 -9.6655166e-01
  2.5346298e-02
  1.3693520e+00
 -4.1087157e-01
  8.7655741e-01
 -4.5084792e-01
  3.0739969e-01
  3.7612608e-01
  3.7843958e-02
 -7.4174464e-01
  1.1051767e-01
  1.0737725e-01
  6.3050846e-03
  1.1123605e-03
  4.9015856e-01
 -1.4245078e-01
 -6.2015301e-01
 -9.1092838e-03
  8.5811341e-01
  1.0973980e-01
 -1.0421909e+00
 -1.0892919e+00
  7.0801437e-01
  1.5525527e-02
 -7.2397018e-04
 -2.4403978e-02
  4.8733577e-03
 -1.4230597e-02
  6.9445246e-01
  1.2004341e-02
  2.7589178e-01
  1.1758360e-01
  3.6662847e-02
  1.1379989e-02
  2.6651987e-01
  3.0139548e-01
 -1.1917278e+00
 -1.3317654e+00
 -1.8007950e+00
 -5.6075011e-03
  4.6082646e-02
 -5.1015243e-04
 -5.2255529e-01
  5.5547373e-04
 -2.1887893e-02
 -1.3405161e-03
 -9.2985189e-01
  3.3657402e-02
 -1.6566913e+00
  7.3844125e-03
  1.0617712e+00
  2.8241566e-01
 -1.0675342e-01
 -4.6791959e-01
 -6.4423686e-01
  9.4542414e-02
 -1.4609596e-03
 -1.6237465e+00
 -3.8657561e-01
  1.1067235e-01
 -4.1019607e-02
 -5.1014642e-03
  1.4900386e+00
 -7.2895668e-02
 -1.2454888e-02
  2.3093505e-02
  6.5065980e-01
 -1.1294571e-01
 -1.0978962e+00
 -1.0650207e-01
  1.0813394e+00
 -4.2704052e-01
 -3.9952412e-02
 -1.4387896e-02
  4.1299108e-01
 -4.9067672e-02
 -3.7728783e-03
  1.2298470e-03
  1.0800326e+00
 -1.3317728e-01
 -1.1524266e+00
  7.9059796e-03
 -9.9908453e-01
 -4.5932379e-02
 -1.5496191e+00
  1.0987255e-02
  8.3280557e-01
  1.9259878e-01
  2.6353450e-02
 -5.9770446e-02
 -1.2910533e-01
  1.8506813e-01
  1.8778555e-01
 -7.4576968e-03
 -2.4445239e-01
 -5.5951190e-01
  3.3551387e-02
 -4.5141354e-03
 -2.9202366e-01
 -4.1740108e-02
  1.2492234e-01
  8.2241011e-01
 -2.6085323e-03
  2.5653717e-01
  3.1588772e-01
  7.0898468e-03
 -9.6596979e-02
 -2.2276831e+00
  3.4920454e-03
  1.7184800e+00
 -5.0990522e-01
 -8.6268222e-01
  1.2899826e+00
  1.5018307e-02
 -5.3570241e-01
  2.2257932e-01
 -1.2163351e+00
  2.3572345e+00
  1.9741832e+00
 -1.3522753e-02
  8.1827743e-03
  3.2909513e-02
 -1.0256690e+00
 -4.3706581e-02
  5.7527088e-03
 -2.8619217e-05
 -1.2610528e-02
 -1.1251994e-03
  1.8131183e-02
  1.9857202e-02
 -1.5919377e+00
  8.2766032e-01
  4.7567743e-01
 -9.1970460e-03
 -2.4035777e-01
  6.6366667e-01
 -2.8266141e-03
 -1.4954844e-02
  1.6914869e-02
 -1.6566340e-02
  8.6981133e-02
  5.3765088e-01
 -2.0104675e-01
  1.4364769e+00
  2.6092640e-01
 -1.8883951e-02
  1.9061764e-01
 -4.4242609e-01
  6.8488377e-01
 -7.8999919e-01
 -1.1696352e+00
  6.7379125e-03
  8.4502220e-01
  4.7302854e-01
  5.8471584e-01
 -5.6204504e-01
  1.1496264e-02
  6.0488921e-01
  6.9209826e-01
  9.5638253e-02
  5.3653903e-03
  2.4247956e-02
 -7.1154332e-01
 -1.0525689e+00
  4.9269199e-01
  1.2691089e+00
 -7.1506560e-01
  3.6612242e-01
 -5.3266861e-02
 -2.6481721e-01
  2.8397039e-01
 -1.8450634e-01
  7.6253731e-03
  1.7686486e-02
  7.5684547e-02
  2.4271945e-02
  2.3668745e-01
  1.5846310e-03
 -1.7774154e-02
 -8.9662665e-01
 -5.3779352e-03
 -9.0841460e-01
 -8.8314284e-03
 -1.0333992e-02
  4.6361685e-01
  3.1323728e-01
 -4.9930719e-01
  4.2692235e-01
  9.1187871e-01
  1.6988695e+00
 -2.2719586e-01
  2.7983078e-01
  7.9088775e-04
  5.1541342e-03
  5.3180343e-01
  2.5115314e-01
  1.1225929e+00
 -6.2165874e-01
 -4.0070871e-01
  6.7028947e-02
  3.8135892e-01
 -2.5787621e-03
 -3.0283872e-02
 -6.0947126e-01
  7.0272847e-03
 -8.1818514e-03
  2.7872351e-01
  1.7610443e-01
  2.8021806e-01
  1.5775977e-02
 -1.0281943e+00
  6.6932046e-01
  6.5824897e-03
  2.6190550e+00
 -6.5220326e-01
 -5.0101876e-01
 -2.9082440e-02
  2.7547598e-02
 -1.3092036e+00
  1.7594259e+00
  4.0014818e-02
  1.8212625e+00
  1.8175684e-01
 -3.2164365e-01
  4.8196213e-03
  1.7554197e-02
 -1.7493644e+00
  4.5764074e-01
 -8.2128219e-02
  7.0192255e-02
 -8.8245112e-01
 -1.6843253e-01
  1.2143754e+00
  7.6251209e-02
 -1.5946072e+00
  4.2650768e-01
 -2.4535496e-02
 -8.5806111e-03
 -2.7062201e-01
  2.5932496e-02
  3.3335355e-01
 -3.3221752e-03
 -9.2986465e-02
  9.2127241e-02
 -2.8580877e-01
  1.2488675e+00
 -5.3854257e-01
  5.0103955e-02
  5.0103955e-02
  5.0103955e-02
  5.0103955e-02
  5.0103955e-02
  1.5609963e-01
  1.5609963e-01
  1.5609963e-01
  1.5609963e-01
  1.5609963e-01
  8.4405415e-02
  8.4405415e-02
  8.4405415e-02
  8.4405415e-02
  8.4405415e-02
  4.5280520e-02
  4.5280520e-02
  4.5280520e-02
  4.5280520e-02
  4.5280520e-02
  1.5940692e-02
  1.5940692e-02
  1.5940692e-02
  1.5940692e-02
  1.5940692e-02
  8.2015425e-02
  8.2015425e-02
  8.2015425e-02
  8.2015425e-02
  8.2015425e-02
