Distance (Å)  Energy (eV)  Force (eV/Å)
0.10 0.417828 7.975347
0.11 0.349413 5.815151
0.12 0.299636 4.222400
0.13 0.263531 3.060734
0.14 0.237350 2.221530
0.15 0.218311 1.619883
0.16 0.204379 1.190498
0.17 0.194093 0.883938
0.18 0.186415 0.663371
0.19 0.180629 0.501843
0.20 0.176247 0.380027
0.21 0.172942 0.284391
0.22 0.170502 0.205735
0.23 0.168791 0.138034
0.24 0.167718 0.077535
0.25 0.167224 0.022060
0.26 0.167264 -0.029518
0.27 0.167803 -0.077662
0.28 0.168806 -0.122448
0.29 0.170240 -0.163764
0.30 0.172069 -0.201439
0.31 0.174256 -0.235318
0.32 0.176762 -0.265311
0.33 0.179549 -0.291409
0.34 0.182578 -0.313683
0.35 0.185811 -0.332276
0.36 0.189212 -0.347382
0.37 0.192747 -0.359230
0.38 0.196386 -0.368061
0.39 0.200099 -0.374114
0.40 0.203860 -0.377605
0.41 0.207644 -0.378722
0.42 0.211427 -0.377614
0.43 0.215189 -0.374385
0.44 0.218908 -0.369100
0.45 0.222564 -0.361782
0.46 0.226137 -0.352418
0.47 0.229605 -0.340972
0.48 0.232949 -0.327387
0.49 0.236146 -0.311598
0.50 0.239173 -0.293543
0.51 0.242009 -0.273172
0.52 0.244629 -0.250456
0.53 0.247010 -0.225400
0.54 0.249129 -0.198046
0.55 0.250964 -0.168482
0.56 0.252492 -0.136848
0.57 0.253695 -0.103338
0.58 0.254553 -0.068203
0.59 0.255054 -0.031749
0.60 0.255185 0.005660
0.61 0.254939 0.043608
0.62 0.254313 0.081632
0.63 0.253308 0.119222
0.64 0.251932 0.155836
0.65 0.250196 0.190897
0.66 0.248121 0.223810
0.67 0.245729 0.253965
0.68 0.243053 0.280750
0.69 0.240128 0.303555
0.70 0.236997 0.321788
0.71 0.233709 0.334876
0.72 0.230318 0.342281
0.73 0.226884 0.343504
0.74 0.223470 0.338093
0.75 0.220146 0.325652
0.76 0.216982 0.305844
0.77 0.214054 0.278401
0.78 0.211440 0.243124
0.79 0.209218 0.199889
0.80 0.207469 0.148646
0.81 0.206272 0.089428
0.82 0.205707 0.022343
0.83 0.205851 -0.052422
0.84 0.206780 -0.134602
0.85 0.208566 -0.223859
0.86 0.211279 -0.319783
0.87 0.214983 -0.421897
0.88 0.219736 -0.529659
0.89 0.225593 -0.642472
0.90 0.232600 -0.759687
0.91 0.240799 -0.880607
0.92 0.250222 -1.004497
0.93 0.260896 -1.130591
0.94 0.272839 -1.258096
0.95 0.286060 -1.386201
0.96 0.300562 -1.514086
0.97 0.316338 -1.640925
0.98 0.333374 -1.765898
0.99 0.351647 -1.888195
1.00 0.371127 -2.007022
1.01 0.391774 -2.121612
1.02 0.413542 -2.231227
1.03 0.436379 -2.335166
1.04 0.460224 -2.432768
1.05 0.485011 -2.523422
1.06 0.510668 -2.606566
1.07 0.537116 -2.681695
1.08 0.564273 -2.748360
1.09 0.592054 -2.806176
1.10 0.620366 -2.854820
1.11 0.649119 -2.894033
1.12 0.678215 -2.923622
1.13 0.707559 -2.943460
1.14 0.737051 -2.953481
1.15 0.766595 -2.953687
1.16 0.796093 -2.944137
1.17 0.825446 -2.924952
1.18 0.854560 -2.896307
1.19 0.883341 -2.858430
1.20 0.911699 -2.811598
1.21 0.939545 -2.756132
1.22 0.966794 -2.692395
1.23 0.993366 -2.620785
1.24 1.019185 -2.541732
1.25 1.044178 -2.455692
1.26 1.068277 -2.363146
1.27 1.091421 -2.264590
1.28 1.113551 -2.160537
1.29 1.134615 -2.051507
1.30 1.154566 -1.938028
1.31 1.173362 -1.820630
1.32 1.190967 -1.699842
1.33 1.207349 -1.576188
1.34 1.222483 -1.450187
1.35 1.236347 -1.322348
1.36 1.248926 -1.193167
1.37 1.260208 -1.063128
1.38 1.270187 -0.932699
1.39 1.278862 -0.802332
1.40 1.286235 -0.672460
1.41 1.292314 -0.543496
1.42 1.297109 -0.415834
1.43 1.300636 -0.289847
1.44 1.302913 -0.165887
1.45 1.303962 -0.044283
1.46 1.303808 0.074658
1.47 1.302478 0.190652
1.48 1.300005 0.303436
1.49 1.296421 0.412772
1.50 1.291762 0.518442
1.51 1.286065 0.620254
1.52 1.279370 0.718037
1.53 1.271718 0.811640
1.54 1.263152 0.900937
1.55 1.253714 0.985822
1.56 1.243451 1.066212
1.57 1.232405 1.142041
1.58 1.220625 1.213266
1.59 1.208156 1.279864
1.60 1.195043 1.341828
1.61 1.181334 1.399171
1.62 1.167075 1.451924
1.63 1.152311 1.500132
1.64 1.137087 1.543857
1.65 1.121449 1.583177
1.66 1.105438 1.618181
1.67 1.089099 1.648972
1.68 1.072472 1.675665
1.69 1.055599 1.698385
1.70 1.038518 1.717267
1.71 1.021266 1.732454
1.72 1.003880 1.744095
1.73 0.986395 1.752347
1.74 0.968844 1.757372
1.75 0.951258 1.759334
1.76 0.933667 1.758404
1.77 0.916099 1.754750
1.78 0.898581 1.748545
1.79 0.881136 1.739959
1.80 0.863789 1.729164
1.81 0.846560 1.716328
1.82 0.829468 1.701618
1.83 0.812533 1.685196
1.84 0.795770 1.667224
1.85 0.779193 1.647855
1.86 0.762817 1.627239
1.87 0.746652 1.605521
1.88 0.730710 1.582841
1.89 0.714998 1.559329
1.90 0.699525 1.535112
1.91 0.684298 1.510310
1.92 0.669321 1.485035
1.93 0.654598 1.459392
1.94 0.640134 1.433479
1.95 0.625929 1.407388
1.96 0.611986 1.381203
1.97 0.598305 1.355000
1.98 0.584886 1.328852
1.99 0.571728 1.302821
2.00 0.558829 1.276964
2.01 0.546188 1.251333
2.02 0.533802 1.225973
2.03 0.521667 1.200922
2.04 0.509782 1.176215
2.05 0.498142 1.151880
2.06 0.486743 1.127941
2.07 0.475582 1.104417
2.08 0.464653 1.081323
2.09 0.453954 1.058670
2.10 0.443478 1.036465
2.11 0.433223 1.014713
2.12 0.423183 0.993414
2.13 0.413353 0.972568
2.14 0.403730 0.952170
2.15 0.394308 0.932216
2.16 0.385084 0.912696
2.17 0.376053 0.893603
2.18 0.367211 0.874926
2.19 0.358553 0.856653
2.20 0.350076 0.838773
2.21 0.341776 0.821273
2.22 0.333650 0.804140
2.23 0.325692 0.787361
2.24 0.317901 0.770923
2.25 0.310273 0.754812
2.26 0.302804 0.739016
2.27 0.295491 0.723523
2.28 0.288332 0.708319
2.29 0.281324 0.693394
2.30 0.274464 0.678738
2.31 0.267748 0.664338
2.32 0.261176 0.650187
2.33 0.254744 0.636274
2.34 0.248450 0.622593
2.35 0.242291 0.609135
2.36 0.236266 0.595895
2.37 0.230373 0.582866
2.38 0.224608 0.570043
2.39 0.218971 0.557422
2.40 0.213459 0.544999
2.41 0.208071 0.532771
2.42 0.202803 0.520735
2.43 0.197655 0.508890
2.44 0.192625 0.497234
2.45 0.187710 0.485766
2.46 0.182909 0.474485
2.47 0.178220 0.463391
2.48 0.173640 0.452485
2.49 0.169169 0.441765
2.50 0.164804 0.431233
2.51 0.160544 0.420890
2.52 0.156386 0.410735
2.53 0.152329 0.400770
2.54 0.148370 0.390995
2.55 0.144508 0.381411
2.56 0.140741 0.372018
2.57 0.137067 0.362817
2.58 0.133484 0.353809
2.59 0.129990 0.344992
2.60 0.126584 0.336368
2.61 0.123262 0.327936
2.62 0.120024 0.319695
2.63 0.116868 0.311644
2.64 0.113791 0.303783
2.65 0.110792 0.296111
2.66 0.107868 0.288624
2.67 0.105018 0.281323
2.68 0.102241 0.274204
2.69 0.099534 0.267266
2.70 0.096895 0.260505
2.71 0.094323 0.253918
2.72 0.091816 0.247504
2.73 0.089372 0.241257
2.74 0.086990 0.235175
2.75 0.084668 0.229254
2.76 0.082405 0.223491
2.77 0.080198 0.217880
2.78 0.078047 0.212419
2.79 0.075949 0.207102
2.80 0.073904 0.201925
2.81 0.071910 0.196884
2.82 0.069966 0.191975
2.83 0.068070 0.187193
2.84 0.066222 0.182534
2.85 0.064419 0.177993
2.86 0.062662 0.173566
2.87 0.060948 0.169248
2.88 0.059276 0.165035
2.89 0.057647 0.160924
2.90 0.056057 0.156910
2.91 0.054508 0.152989
2.92 0.052997 0.149157
2.93 0.051525 0.145411
2.94 0.050089 0.141747
2.95 0.048689 0.138162
2.96 0.047325 0.134653
2.97 0.045996 0.131217
2.98 0.044701 0.127850
2.99 0.043439 0.124551
3.00 0.042210 0.121317
3.01 0.041012 0.118146
3.02 0.039846 0.115035
3.03 0.038711 0.111983
3.04 0.037607 0.108987
3.05 0.036531 0.106047
3.06 0.035485 0.103161
3.07 0.034468 0.100327
3.08 0.033479 0.097545
3.09 0.032517 0.094814
3.10 0.031582 0.092132
3.11 0.030674 0.089499
3.12 0.029792 0.086915
3.13 0.028936 0.084379
3.14 0.028104 0.081890
3.15 0.027298 0.079449
3.16 0.026515 0.077054
3.17 0.025757 0.074706
3.18 0.025021 0.072405
3.19 0.024308 0.070151
3.20 0.023618 0.067943
3.21 0.022949 0.065782
3.22 0.022302 0.063667
3.23 0.021676 0.061599
3.24 0.021070 0.059577
3.25 0.020484 0.057603
3.26 0.019918 0.055675
3.27 0.019370 0.053793
3.28 0.018842 0.051959
3.29 0.018331 0.050171
3.30 0.017838 0.048429
3.31 0.017362 0.046734
3.32 0.016903 0.045086
3.33 0.016460 0.043483
3.34 0.016033 0.041927
3.35 0.015622 0.040416
3.36 0.015225 0.038951
3.37 0.014843 0.037531
3.38 0.014474 0.036156
3.39 0.014119 0.034824
3.40 0.013778 0.033537
3.41 0.013448 0.032293
3.42 0.013132 0.031092
3.43 0.012827 0.029933
3.44 0.012533 0.028815
3.45 0.012250 0.027739
3.46 0.011978 0.026702
3.47 0.011716 0.025705
3.48 0.011464 0.024748
3.49 0.011221 0.023828
3.50 0.010987 0.022945
3.51 0.010762 0.022099
3.52 0.010545 0.021289
3.53 0.010336 0.020513
3.54 0.010135 0.019772
3.55 0.009940 0.019063
3.56 0.009753 0.018387
3.57 0.009573 0.017743
3.58 0.009398 0.017129
3.59 0.009230 0.016545
3.60 0.009067 0.015990
3.61 0.008910 0.015463
3.62 0.008758 0.014964
3.63 0.008611 0.014490
3.64 0.008468 0.014043
3.65 0.008330 0.013620
3.66 0.008195 0.013221
3.67 0.008065 0.012846
3.68 0.007938 0.012492
3.69 0.007815 0.012160
3.70 0.007695 0.011849
3.71 0.007578 0.011559
3.72 0.007464 0.011287
3.73 0.007352 0.011034
3.74 0.007243 0.010798
3.75 0.007136 0.010579
3.76 0.007032 0.010377
3.77 0.006929 0.010190
3.78 0.006828 0.010018
3.79 0.006728 0.009860
3.80 0.006630 0.009715
3.81 0.006534 0.009583
3.82 0.006439 0.009463
3.83 0.006345 0.009353
3.84 0.006252 0.009255
3.85 0.006160 0.009166
3.86 0.006068 0.009086
3.87 0.005978 0.009014
3.88 0.005888 0.008950
3.89 0.005799 0.008893
3.90 0.005710 0.008842
3.91 0.005622 0.008796
3.92 0.005534 0.008756
3.93 0.005447 0.008719
3.94 0.005360 0.008686
3.95 0.005273 0.008656
3.96 0.005187 0.008629
3.97 0.005101 0.008602
3.98 0.005015 0.008577
3.99 0.004929 0.008552
4.00 0.004844 0.008527
4.01 0.004758 0.008501
4.02 0.004674 0.008473
4.03 0.004589 0.008445
4.04 0.004505 0.008414
4.05 0.004421 0.008382
4.06 0.004337 0.008348
4.07 0.004254 0.008312
4.08 0.004171 0.008274
4.09 0.004088 0.008233
4.10 0.004006 0.008189
4.11 0.003925 0.008143
4.12 0.003843 0.008095
4.13 0.003763 0.008043
4.14 0.003682 0.007988
4.15 0.003603 0.007931
4.16 0.003524 0.007870
4.17 0.003445 0.007806
4.18 0.003368 0.007739
4.19 0.003291 0.007669
4.20 0.003214 0.007596
4.21 0.003139 0.007520
4.22 0.003064 0.007440
4.23 0.002990 0.007358
4.24 0.002917 0.007272
4.25 0.002845 0.007183
4.26 0.002773 0.007092
4.27 0.002703 0.006997
4.28 0.002633 0.006900
4.29 0.002565 0.006799
4.30 0.002497 0.006697
4.31 0.002431 0.006591
4.32 0.002365 0.006483
4.33 0.002301 0.006372
4.34 0.002238 0.006260
4.35 0.002176 0.006145
4.36 0.002115 0.006028
4.37 0.002055 0.005909
4.38 0.001997 0.005788
4.39 0.001940 0.005665
4.40 0.001884 0.005541
4.41 0.001829 0.005415
4.42 0.001775 0.005288
4.43 0.001723 0.005160
4.44 0.001672 0.005031
4.45 0.001623 0.004901
4.46 0.001574 0.004770
4.47 0.001527 0.004639
4.48 0.001481 0.004507
4.49 0.001437 0.004375
4.50 0.001394 0.004242
4.51 0.001352 0.004110
4.52 0.001312 0.003978
4.53 0.001273 0.003846
4.54 0.001235 0.003715
4.55 0.001198 0.003584
4.56 0.001163 0.003454
4.57 0.001129 0.003325
4.58 0.001097 0.003196
4.59 0.001065 0.003069
4.60 0.001035 0.002943
4.61 0.001006 0.002819
4.62 0.000979 0.002696
4.63 0.000952 0.002574
4.64 0.000927 0.002455
4.65 0.000903 0.002337
4.66 0.000881 0.002222
4.67 0.000859 0.002108
4.68 0.000838 0.001997
4.69 0.000819 0.001887
4.70 0.000801 0.001781
4.71 0.000783 0.001676
4.72 0.000767 0.001575
4.73 0.000752 0.001476
4.74 0.000738 0.001380
4.75 0.000724 0.001286
4.76 0.000712 0.001195
4.77 0.000700 0.001108
4.78 0.000690 0.001023
4.79 0.000680 0.000941
4.80 0.000671 0.000863
4.81 0.000663 0.000787
4.82 0.000655 0.000715
4.83 0.000648 0.000646
4.84 0.000642 0.000580
4.85 0.000637 0.000517
4.86 0.000632 0.000458
4.87 0.000628 0.000402
4.88 0.000624 0.000349
4.89 0.000621 0.000299
4.90 0.000618 0.000253
4.91 0.000615 0.000210
4.92 0.000614 0.000170
4.93 0.000612 0.000133
4.94 0.000611 0.000100
4.95 0.000610 0.000069
4.96 0.000610 0.000042
4.97 0.000609 0.000018
4.98 0.000609 -0.000004
4.99 0.000609 -0.000022
5.00 0.000610 -0.000037
5.01 0.000610 -0.000049
5.02 0.000611 -0.000059
5.03 0.000611 -0.000066
5.04 0.000612 -0.000070
5.05 0.000613 -0.000071
5.06 0.000613 -0.000070
5.07 0.000614 -0.000067
5.08 0.000615 -0.000061
5.09 0.000615 -0.000053
5.10 0.000616 -0.000042
5.11 0.000616 -0.000030
5.12 0.000616 -0.000015
5.13 0.000616 0.000001
5.14 0.000616 0.000020
5.15 0.000616 0.000040
5.16 0.000615 0.000062
5.17 0.000615 0.000085
5.18 0.000614 0.000110
5.19 0.000612 0.000136
5.20 0.000611 0.000163
5.21 0.000609 0.000192
5.22 0.000607 0.000221
5.23 0.000605 0.000252
5.24 0.000602 0.000283
5.25 0.000599 0.000315
5.26 0.000596 0.000348
5.27 0.000592 0.000381
5.28 0.000588 0.000415
5.29 0.000584 0.000449
5.30 0.000579 0.000483
5.31 0.000574 0.000517
5.32 0.000569 0.000552
5.33 0.000563 0.000586
5.34 0.000557 0.000620
5.35 0.000551 0.000654
5.36 0.000544 0.000687
5.37 0.000537 0.000720
5.38 0.000530 0.000752
5.39 0.000522 0.000784
5.40 0.000514 0.000815
5.41 0.000506 0.000845
5.42 0.000497 0.000875
5.43 0.000488 0.000903
5.44 0.000479 0.000930
5.45 0.000470 0.000957
5.46 0.000460 0.000982
5.47 0.000450 0.001005
5.48 0.000440 0.001028
5.49 0.000429 0.001049
5.50 0.000419 0.001068
5.51 0.000408 0.001086
5.52 0.000397 0.001103
5.53 0.000386 0.001118
5.54 0.000375 0.001131
5.55 0.000363 0.001143
5.56 0.000352 0.001153
5.57 0.000340 0.001161
5.58 0.000329 0.001168
5.59 0.000317 0.001173
5.60 0.000305 0.001176
5.61 0.000293 0.001177
5.62 0.000282 0.001176
5.63 0.000270 0.001173
5.64 0.000258 0.001169
5.65 0.000247 0.001162
5.66 0.000235 0.001154
5.67 0.000223 0.001144
5.68 0.000212 0.001132
5.69 0.000201 0.001119
5.70 0.000190 0.001103
5.71 0.000179 0.001086
5.72 0.000168 0.001067
5.73 0.000157 0.001046
5.74 0.000147 0.001023
5.75 0.000137 0.000999
5.76 0.000127 0.000973
5.77 0.000118 0.000946
5.78 0.000108 0.000917
5.79 0.000099 0.000886
5.80 0.000091 0.000854
5.81 0.000082 0.000821
5.82 0.000074 0.000786
5.83 0.000066 0.000750
5.84 0.000059 0.000712
5.85 0.000052 0.000674
5.86 0.000046 0.000634
5.87 0.000040 0.000593
5.88 0.000034 0.000552
5.89 0.000028 0.000509
5.90 0.000024 0.000465
5.91 0.000019 0.000421
5.92 0.000015 0.000376
5.93 0.000012 0.000331
5.94 0.000009 0.000284
5.95 0.000006 0.000238
5.96 0.000004 0.000191
5.97 0.000002 0.000143
5.98 0.000001 0.000096
5.99 0.000000 0.000048
6.00 0.000000 0.000000
