nep4 4 Li La Zr O 
cutoff 6 4 97 30
n_max 4 4
basis_size 8 8
l_max 4 2 0
ANN 30 0
  3.8449711e-03
  5.4939939e-03
  1.1492937e-02
 -3.7628876e-03
  1.7071954e-03
 -1.6626243e-02
 -3.4525781e-03
 -9.6051680e-04
  7.2152267e-04
 -1.2411398e-03
  4.1498449e-03
  1.3135914e-05
 -2.7389377e-03
  6.4668246e-03
  8.2190335e-03
  3.6920711e-02
 -6.0803457e-03
  4.7196667e-03
  6.1006881e-03
  3.4671456e-03
  2.7284394e-03
  5.3558252e-03
 -2.8874725e-04
  2.3644065e-04
  8.8801580e-03
 -3.8042683e-03
  3.5947922e-03
  4.3333457e-03
 -3.1567819e-03
 -9.2413761e-03
  8.8495796e-04
  5.4022330e-01
 -5.2788621e-01
 -2.1261193e-01
  1.0234752e+00
  9.9321432e-02
 -7.7910599e-04
  8.7237877e-01
 -7.0780389e-02
  4.5867367e-03
  9.5431451e-03
  1.1067465e-02
  4.0019732e-03
 -1.6842574e-02
 -6.5105385e-03
 -3.7487701e-04
 -1.1978922e-01
 -4.4745337e-02
 -1.1566603e-01
 -1.4672601e-02
 -1.4197773e-02
  4.0061835e-02
 -9.2923809e-03
 -6.0845963e-03
 -5.7139136e-03
 -2.4372995e-02
 -2.3919230e-03
  5.2929198e-04
 -8.7382179e-03
 -9.3792319e-02
 -2.1264772e-03
  5.3540193e-03
  2.0084579e-02
 -7.6542390e-05
 -2.0289877e-02
 -9.0111466e-03
 -3.8397245e-03
 -3.1585884e-03
  3.0879589e-02
 -3.4084340e-04
  3.9842781e-03
  9.6282602e-04
  7.5238426e-03
 -3.0892030e-03
 -2.0580622e-03
  2.0169679e-03
 -1.7539507e-01
 -1.0975628e-02
  2.3054236e-03
  2.0789083e-02
 -1.4327034e-02
 -3.0811189e-04
 -6.3295849e-04
 -7.1403134e-04
  3.1912935e-03
  4.3541461e-04
 -5.4560509e-02
 -2.1042159e-02
 -2.4591858e-04
 -1.1993668e-03
  7.7108569e-02
  3.2409686e-01
  2.3680112e-01
  8.4017944e-01
 -8.7218024e-02
  2.8572867e-03
  1.0082829e-02
 -3.7191571e-03
 -1.9575642e-01
 -3.6212992e-02
  1.8205328e-01
 -2.8883705e-01
 -1.5689471e-01
 -3.8886345e-03
 -1.3130763e+00
 -2.5238571e-01
  1.1807270e+00
 -1.3644348e-01
 -1.4334757e+00
 -1.6611825e+00
 -8.3309308e-02
 -8.2031433e-03
  7.6321161e-01
 -3.9755024e-02
 -1.6570566e-02
 -9.4814030e-03
 -2.2789254e-04
 -4.0233959e-03
  3.2648372e-03
  4.1455608e-02
 -1.1100318e-01
 -1.3971604e-01
 -1.8365380e-03
  4.4120109e-01
 -5.4326180e-02
 -7.0544803e-01
  4.3786755e-01
 -1.4545826e-03
  5.8913007e-02
 -6.6527463e-02
  6.1380612e-03
  3.9062798e-03
 -2.2665530e-03
 -2.4774414e-02
 -1.6319988e-02
 -2.3238529e-03
  1.8646260e-01
 -2.5939288e-02
 -3.1008333e-02
 -2.4135262e-03
  2.5310295e-03
  7.7914720e-04
 -7.1384604e-03
 -4.2364858e-03
 -4.1937777e-03
 -4.7961823e-03
  1.1474240e-02
  1.6789458e-04
  1.6370373e-03
  1.1562055e-03
 -5.1293200e-01
  4.8707771e-01
  4.0337127e-01
 -3.8950738e-01
 -9.4667220e-01
 -3.1608362e-03
 -2.5887324e-03
  2.7903773e-02
 -1.2750135e-01
 -3.3059612e-02
 -8.4653623e-02
 -6.7424428e-01
 -3.2515374e-01
 -9.6331406e-03
  2.2156207e-01
  2.5025132e-01
  3.1933433e-01
 -1.7789751e-02
  3.6260933e-03
 -2.7720431e-02
  2.5712131e-03
 -3.7795296e-03
 -1.0666698e-02
  7.5199550e-01
  8.4082963e-04
 -3.8682704e-03
  4.7313008e-03
  2.4232804e-03
 -8.9327461e-01
 -1.0168961e-01
  1.3615371e+00
 -3.6797574e-01
  1.3460529e-01
  2.4646625e-01
  3.4473810e-01
  2.5551036e-02
 -7.4858973e-03
  1.2900754e-03
 -8.0343926e-01
 -1.9186498e-03
  4.6165138e-03
 -6.2167936e-04
  1.4557758e-02
  5.9312335e-03
  3.7672617e-03
 -1.1236194e-02
 -1.6692860e-01
 -3.5469041e-03
 -4.8577780e-04
  3.5593666e-02
 -2.9103195e-03
  2.2556534e-02
 -7.7486868e-05
  6.1359690e-03
 -4.6696537e-04
 -1.0337327e-03
 -3.5655815e-03
  2.4293629e-03
  2.8033170e-03
 -9.9352030e-03
  1.3667894e-02
  4.7592851e-03
  3.1685916e-01
 -2.2290237e-03
  5.1978245e-02
 -7.2742058e-03
 -5.6907362e-03
  3.6685856e-03
 -1.1301747e-03
 -1.7571608e-02
  1.1024055e-03
 -2.2966659e-02
 -5.4621068e-04
  3.8389288e-04
 -5.1107549e-05
  4.2018401e-03
  6.3406685e-03
 -5.7359500e-04
  1.5693555e-03
  8.4902951e-03
  5.1548937e-03
  2.8970665e-03
 -1.7823138e-04
  3.8573216e-03
  4.0833969e-03
  1.1130450e-03
 -5.9909321e-04
  1.1135105e-03
 -3.9835395e-03
 -6.2909639e-01
  4.2307162e-01
  1.3096696e-01
 -1.6024240e-03
  1.9509247e-02
  4.1561699e-01
 -4.4334335e-03
 -7.2606532e-03
  1.2864676e-01
  1.5663238e-01
  1.2704375e-01
 -7.2927156e-04
  3.9700815e-01
  1.3690871e-03
  6.9885395e-02
  1.5448897e-01
  2.7467674e-01
  1.0497076e-02
 -1.4128427e-01
  1.3752662e-01
  1.4833578e-01
 -4.5862872e-02
  1.1051248e-02
  1.1535490e-01
  2.8759260e-02
  9.7053340e-03
  4.0572630e-03
 -1.2940027e-02
  2.1487598e-03
  1.2868120e-03
 -3.1781513e-03
  7.3234951e-03
 -4.1456950e-01
 -2.3678561e-01
 -1.4245975e-01
 -4.6513945e-01
  9.5332414e-03
  2.6309149e-02
  2.9880661e-03
 -1.1964933e-02
 -1.0315836e-02
  1.7162266e-03
 -2.2789498e-03
 -2.9181894e-02
 -1.1662767e-01
  4.2844120e-02
  2.7976097e-03
 -6.5507986e-02
 -6.0057393e-03
 -5.0749499e-03
 -2.0327782e-02
  1.5253783e-03
 -1.2072095e-02
  8.6747473e-03
 -1.6683999e-03
 -8.3454754e-03
  9.8236434e-02
 -8.3949370e-04
  6.8223686e-03
  6.6780113e-03
 -8.5714919e-04
 -2.4841237e-03
  6.2611289e-03
 -8.3874306e-03
 -3.7368562e-03
 -8.9398789e-01
 -5.2294959e-03
  4.6355961e-04
 -6.7783953e-03
 -1.1914246e+00
  5.5624689e-03
  1.2130675e-05
  2.3005612e-03
  1.1778019e-03
 -4.0651017e-04
  4.1213180e-03
  1.6600182e-02
  2.6024602e-02
  6.5504424e-02
 -2.9201410e-03
 -1.3534483e-03
  1.8687159e-03
  1.0247588e-02
 -1.0199936e-01
 -1.7624547e-03
  6.1366808e-01
 -2.7280385e-03
 -1.0919183e-03
 -6.3109281e-03
  1.5218765e-02
 -2.3868652e-03
 -5.6783283e-01
  1.6980009e-01
  4.2245071e-02
 -2.0150168e-01
  3.4359744e-01
 -3.8054720e-02
 -3.9507798e-04
 -1.4714365e-02
 -1.4350948e-01
 -1.8367691e-02
 -4.1559469e-03
  7.5952853e-03
 -6.2093669e-01
 -7.3322308e-01
 -1.6301912e-01
 -1.0401665e-01
  5.7817116e-02
 -2.7121404e-01
  7.1567006e-02
 -1.1418736e-01
 -3.1486910e-02
 -4.5782801e-02
 -2.6574316e-02
 -7.2758168e-02
 -1.7220863e-03
 -6.3528858e-02
  3.8136835e-03
  4.5076055e-03
  7.2611999e-03
  1.8648072e-05
  3.9564419e-04
 -1.0928266e-02
  4.5697610e-03
 -2.7300303e-03
 -1.1988694e-02
 -2.9647505e-01
  2.5165600e-01
 -1.8017443e-03
  1.6348876e-04
 -3.3338482e-03
  5.7202816e-01
 -1.1701716e-04
 -5.1479996e-04
 -8.5789419e-04
 -9.3651038e-01
  2.1910530e-03
 -7.6858811e-03
  3.7285816e-03
 -1.0611939e-02
 -2.2728207e-04
 -3.0913129e-03
  6.4330590e-03
  2.1211940e-04
 -1.1866292e-01
  5.4554902e-03
  4.9534131e-02
  5.0189053e-03
  4.8052655e-03
  6.3390769e-03
 -1.4501142e-03
 -2.9297233e-01
 -6.0375637e-01
 -4.7308574e-03
 -9.5341414e-02
 -7.2008651e-01
  1.0499223e-01
 -2.2993904e-01
 -4.8878267e-01
 -7.2940820e-01
 -3.3940136e-02
  5.0125193e-02
 -2.0683943e-01
 -5.4346913e-01
 -5.6830734e-01
 -1.9804835e-01
  6.0347283e-01
 -3.5201806e-01
 -3.3144516e-01
 -1.0216212e-01
 -8.7015517e-02
 -8.8061780e-02
  7.3278713e-01
 -1.0421506e+00
 -5.6903666e-01
 -3.5342488e-01
 -4.5378845e-02
 -4.1579869e-02
  1.1793597e-01
 -1.7597783e-01
  1.3644951e-02
 -1.2688227e-02
 -7.8266021e-03
 -3.0563143e-03
 -6.0205138e-03
 -1.8933504e-03
 -1.7551193e-03
  1.0791270e-03
  9.0997788e-04
 -2.4911002e-03
  1.9276910e-03
  4.4482946e-03
 -4.8872014e-04
 -7.5774095e-03
 -4.2025908e-03
  2.4248706e-02
 -1.8670867e-03
  3.8427662e-03
 -1.8899771e-04
 -5.8574928e-04
  3.0897005e-02
  6.5118703e-03
 -1.7448215e-02
  1.5739094e-03
  3.4505464e-03
 -2.0833476e-03
 -8.3438715e-04
  2.6282309e-02
 -7.4185212e-03
  6.0473108e-03
 -7.2567334e-04
 -2.0132551e-01
 -7.6695919e-01
 -3.4471449e-02
 -1.2297070e-01
 -4.2544061e-01
  5.6787550e-02
  8.2058301e-03
  1.2873821e-01
 -2.5374857e-01
 -2.0495188e-01
  4.8914291e-02
  9.6593155e-03
 -2.6081322e-02
 -1.2952222e-01
 -1.0207302e-01
  1.0704480e-01
 -5.8582544e-02
  5.2662147e-03
 -2.6009079e-02
 -1.1652178e-02
 -2.5124764e-02
 -5.7003088e-03
 -2.3378613e-03
 -2.9500461e-01
 -1.8925691e-01
  1.0982209e-01
  1.3431844e-02
  1.1484139e-02
  1.4131947e-01
  1.9857399e-02
 -2.8570133e-01
 -9.1061419e-01
 -1.0073829e+00
 -2.7828045e+00
  1.9076087e-01
  6.2310711e-02
  6.5794336e-03
  9.6640765e-04
 -4.7692847e-01
 -1.1227444e-03
 -1.3732009e-01
  7.1971148e-01
 -4.3126163e-01
 -2.3287955e-01
 -1.7650710e-01
 -1.9085929e-01
  2.7610939e-02
 -3.1651586e-01
 -1.1825249e-01
 -5.1847386e-01
 -1.6632669e-01
  6.7398411e-01
 -1.0229478e-01
 -3.0853119e-01
 -3.2076696e-01
 -1.0929741e-01
  6.5162584e-02
  5.7020590e-02
  2.0128431e-02
  3.9237529e-02
 -3.6171016e-03
 -1.3003170e-02
  3.2664273e-02
 -1.7411369e-03
 -5.8327999e-02
 -8.1919925e-03
  3.9304118e-03
  3.8111813e-03
  4.3980479e-03
  6.4410521e-03
 -2.2663691e-03
  3.8739881e-01
  1.8641764e-03
  1.0786681e-02
  5.6632268e-03
  8.7311380e-03
 -2.1089330e-02
 -9.9320458e-03
  1.6850363e-03
  1.4444215e-02
 -4.4184229e-03
  2.4479132e-03
  1.0367276e-02
  1.6747764e-03
  8.5081691e-03
  6.2427532e-02
 -4.0687895e-03
 -3.1587819e-03
 -1.7542344e-03
  5.4983185e-03
 -1.5232785e-01
 -3.5659096e-01
  3.7077701e-01
 -4.9125618e-01
 -5.8331454e-01
 -9.4796389e-01
 -2.8115429e-02
 -1.4483609e+00
 -3.7223527e-01
 -2.6869003e-02
 -9.4661605e-01
  2.8304589e-01
  3.4116402e-03
 -2.9290918e-01
 -8.9086205e-02
 -7.8253049e-01
  7.6333284e-01
 -3.9102405e-01
 -2.0385630e-01
 -2.6871480e-02
 -4.2071456e-01
  2.2179133e-01
 -3.1742570e-01
 -1.4856377e-02
 -2.5719517e-01
 -7.4459797e-01
  9.8763689e-02
  9.2000300e-03
  2.6386839e-03
  2.9863924e-01
 -9.6601188e-02
  8.3368905e-03
  2.1199891e-02
  5.8417401e-04
  1.5027999e+00
  1.9339579e-03
 -2.4824766e-03
 -4.8768413e-03
 -9.7780727e-02
 -1.4411985e-04
  4.6022059e-03
 -7.5195236e-03
  3.7106413e-01
 -1.4095142e-02
 -8.2160952e-03
  1.8902872e-02
 -2.3453927e-03
 -3.4734758e-03
 -8.0350339e-03
  5.8192114e-04
 -1.3884173e-02
  3.2987194e-03
  1.0961455e-02
 -2.8507814e-03
 -7.5514829e-03
 -9.4006321e-04
  9.3287346e-04
 -8.2359472e-03
  4.6341764e-03
 -2.7378269e-03
 -1.7598192e-03
 -5.5169389e-03
 -1.9035580e-02
 -1.3875392e-01
  1.4975642e-01
 -1.2523025e-01
  1.0808424e-02
  1.2933770e-04
 -9.0593072e-03
 -2.3366844e-03
  2.1728708e-03
  2.9050456e-03
  8.2543576e-03
 -2.3200735e-02
 -5.1822150e-03
 -5.1916209e-03
  2.2446338e-02
  1.1103228e-02
 -3.5904329e-02
  2.3515653e-03
 -2.4641952e-03
  3.9867280e-04
 -5.7437331e-03
 -2.9122674e-01
  6.6755630e-02
  2.6121787e-03
  1.2414428e-02
  8.5965329e-04
  7.3981434e-03
 -2.7428023e-03
  6.0107363e-03
 -1.9125107e-03
 -1.1310278e-02
  6.6810474e-03
  8.9880511e-02
  4.6010609e-03
  6.9515100e-03
  2.2460402e-03
 -3.9755544e-03
 -3.2219786e-02
 -7.4702851e-04
  2.9172953e-03
  1.3581215e-01
  9.5125556e-01
 -5.0163217e-02
 -7.7809766e-03
 -1.9554326e-02
 -6.9376556e-03
 -1.9535811e-03
 -1.0323953e-02
 -1.2920279e-03
 -1.1359758e-03
  1.6038291e-03
 -8.9318817e-03
 -7.4190712e-03
 -6.2230392e-03
 -4.3593347e-03
  7.0976140e-03
  5.4394454e-01
 -1.2950120e-02
  2.7803893e-03
  1.1507287e-03
  6.2146629e-03
 -2.6577429e-03
  3.3956355e-01
 -3.4178628e-03
 -2.1923631e-03
 -3.2306418e-03
  2.0360495e-03
 -9.2760873e-01
  1.0026330e-03
 -1.7544823e-02
  5.6067142e-03
 -3.3950293e-03
 -2.0735085e-03
  4.1915369e-03
  1.3596708e+00
  9.4021195e-01
  3.7941074e-03
 -2.8374721e-03
 -3.1779143e-01
 -7.1714753e-03
 -2.5038775e-03
  5.4052831e-03
  4.1712341e-03
 -2.2469509e-04
  2.2187002e-03
  4.5263997e-01
 -3.2282795e-03
 -1.5648071e-03
 -1.5569568e-01
  9.7119766e-01
 -3.1713414e-01
 -9.6488959e-01
 -4.5962200e-01
 -3.6611617e-01
 -2.2731227e-01
 -3.4852904e-01
 -2.1522990e-01
 -2.8078610e-01
 -7.1197522e-01
  2.6702154e-01
  3.1216934e-02
 -2.5871971e-01
 -4.5806314e-03
 -8.5711765e-01
  4.2714547e-02
 -2.1201454e-01
 -5.0355155e-02
 -9.9066958e-02
 -1.0212884e-01
  1.3550028e-02
 -4.9996522e-01
 -5.8000823e-03
 -2.6595533e-01
 -1.4559643e-01
  3.0394160e-04
  4.4856244e-03
 -1.4822464e-02
  6.5411394e-03
  3.7071094e-01
 -4.5264184e-01
  3.3371784e-02
  3.5530612e-01
  6.6648495e-01
 -2.2463477e-03
  8.4936037e-04
 -2.4509911e-01
  2.1718587e-03
  9.6047984e-04
  1.0761940e-03
 -2.3149995e-03
 -1.9364230e-01
  9.5279713e-04
  9.9225648e-02
  4.5313537e-03
 -1.1876095e-01
  9.4103413e-03
  9.1769861e-04
  5.2035623e-03
  4.3509897e-02
  6.2972103e-04
  6.4709760e-02
 -2.1017718e-03
  5.8859638e-03
  6.5845312e-03
 -1.3686901e-02
  5.9080415e-04
 -1.8781392e-03
  2.2984133e-03
  1.6589385e+00
 -1.3795145e+00
 -2.5064638e-01
  9.2491180e-01
  1.4018948e+00
  4.3802601e-03
  5.6126773e-01
 -5.4039836e-02
  4.8087114e-01
  2.6360580e-03
  2.4780104e-02
 -7.1736276e-03
 -1.0730222e-02
  2.5534600e-01
  2.7159390e-01
 -5.4219592e-01
 -1.9124024e-01
  1.0944537e-01
  1.0942434e+00
  1.9437376e-02
 -6.7204731e-03
  8.2164984e-03
  5.4366305e-02
  1.3623166e-01
  9.9410757e-02
  1.0293998e-02
 -7.3992000e-03
 -1.1378938e-02
 -1.8898049e-02
  3.7611469e-03
  7.6680042e-02
 -6.6057360e-03
 -1.8656682e-02
 -1.4332851e-02
 -2.5420693e-01
  4.2951703e-03
  1.0501915e-03
 -1.8798226e-02
  9.1355413e-01
 -2.7014458e-01
 -7.2516379e-04
  8.5625686e-02
  2.8490196e-03
 -1.7754638e-03
 -1.2086568e-02
 -6.4409459e-03
 -1.0214750e-01
 -1.3791271e-03
 -1.3996975e-02
 -1.5875164e-02
 -4.9037538e-03
  2.0406055e-03
 -3.2985569e-03
  5.9108757e-03
 -1.5099619e-02
  3.1633565e-04
  7.2727021e-04
 -2.4062963e-02
  8.7233977e-03
 -6.3615538e-02
  5.6572482e-03
  1.8869789e+00
  1.9136702e-01
 -9.1790839e-04
 -4.5751920e-03
 -1.0185384e-02
  2.9361239e-03
  8.8034314e-04
  2.1790715e-03
 -4.8488572e-02
 -1.0585565e-02
  1.8569304e-03
  2.4124768e-02
  4.2338548e-03
  6.1371811e-03
 -1.1602617e-02
  6.2760259e-03
  6.5488219e-03
  5.0124722e-03
 -5.1188259e-03
  1.2900971e-02
 -7.3814690e-03
  7.7731207e-02
  6.6188606e-03
  7.7600507e-03
 -2.5069870e-03
  1.1643882e-02
 -6.4122672e-03
 -1.1971915e-03
 -7.6126526e-05
  6.1346227e-01
  5.1874160e-03
 -3.2841208e-04
 -3.6397386e-01
 -1.2324845e-01
 -2.7188777e-03
  9.4433539e-03
 -2.4963336e-03
 -2.1495947e-01
 -3.1128284e-02
 -3.9476249e-03
  8.3771449e-01
 -3.7044909e-02
 -6.8085395e-02
 -3.3967590e-01
 -1.3679120e-01
  2.4343027e-01
 -4.4065073e-01
 -1.7343390e-01
 -9.5265232e-02
 -2.9000193e-03
 -5.9608132e-02
 -2.6692616e-02
 -4.6129173e-01
  2.0643172e-03
 -1.2541453e-02
 -8.7160565e-04
  3.9287605e-03
  9.8095904e-04
 -4.0965513e-04
 -3.0293642e-03
  1.2998635e-04
  1.7538020e-02
 -1.4951410e-03
  1.0125752e-02
 -1.2106240e-03
 -4.3583559e-03
  5.4051261e-03
  1.8310796e-01
  7.1333395e-03
  1.7515259e-03
  3.4831683e-03
  4.0137623e-03
 -1.5561205e-03
 -5.9966259e-03
  1.8000462e-03
 -3.3385310e-04
  9.4198762e-03
 -6.4302199e-02
 -1.0158615e-03
  2.6452560e-03
  3.6965162e-02
  5.6466111e-03
  6.1895503e-03
  9.3928428e-04
  1.3104966e-02
 -5.1867072e-02
 -3.6099397e-03
  1.0179055e-03
  6.3468786e-03
 -3.4766144e-03
  1.2345243e-01
  3.3077882e-03
  3.0624799e-02
  3.9835884e-03
 -3.8171597e-02
  7.7406365e-01
 -2.8883064e-01
 -1.4200047e+00
 -7.8216515e-04
 -1.4490798e-03
 -1.7527722e+00
  3.8533071e-03
 -2.8011566e-01
  1.7539391e-02
  2.1934235e-02
  2.0913163e-01
  3.3367826e-03
 -1.2615761e-01
  2.3433647e-01
 -8.7066299e-05
 -2.6126390e-03
  4.8060110e-01
 -2.2911385e-01
  2.3945364e-01
  5.4631448e-01
 -4.4230401e-04
  1.8659983e+00
  2.4409539e-01
  1.3609825e-03
  1.5413699e-01
 -8.0233485e-01
  9.2845388e-02
 -2.9008460e-01
 -1.6975395e-01
 -2.8137425e-01
  2.6646635e-01
  7.4438706e-02
  1.0306721e+00
 -3.8181284e-01
  2.8937982e-02
 -7.9147393e-01
 -6.4067394e-02
 -1.4303473e+00
  1.5282513e-02
 -5.9255415e-01
 -4.7808859e-01
  3.3623574e-03
 -6.0062194e-01
 -8.6179924e-01
 -1.2514362e-01
 -1.0187491e-01
 -1.2491143e-01
 -3.5379636e-01
  2.5362390e-01
  4.8949587e-01
 -1.7089111e-01
  1.6329184e-04
 -2.4793687e-01
  3.9604053e-04
  3.3661735e-04
  9.1197205e-01
  7.6597667e-01
  1.3429418e-01
  7.0071167e-01
 -8.5533835e-02
  5.1494348e-01
 -3.5188884e-02
 -1.7688032e-03
 -5.5533014e-03
 -4.5471219e-03
  1.4483758e-02
 -4.9023974e-01
 -1.8447672e-03
  1.1144596e-01
  3.2999597e-02
 -3.0170761e-03
  3.3457953e-02
 -3.8097068e-03
  8.9448830e-03
  8.3487462e-03
  1.6313814e-02
  4.0096360e-01
 -4.3667611e-03
  7.6595781e-04
 -1.9407603e-03
 -1.4229908e+00
  3.2660493e-03
 -6.4070714e-03
 -3.9518690e-03
 -1.0355850e-01
 -4.2404893e-01
  5.7049450e-02
 -1.1327430e+00
 -3.4041172e-01
  3.7451394e-02
  1.9761277e-03
  2.1302938e-03
  8.6734951e-02
  5.4683466e-02
  3.2464555e-01
 -1.5410604e-01
  2.2152425e-01
  2.7700396e-02
  9.8628737e-03
  2.1779040e-02
 -4.7223470e-03
 -1.4916065e-03
  3.2832716e-03
  2.2948750e-03
 -1.5484338e-03
  4.9993611e-04
  1.4347619e-01
  4.4027744e-03
  4.5653088e-03
 -1.1288644e-02
 -1.7332111e-04
 -1.3549664e-02
  6.0859676e-03
  2.9320426e-03
  4.9599293e-01
 -1.2107710e+00
 -4.3749454e-04
 -4.2926386e-01
 -5.7624575e-02
  1.8172386e-03
 -1.0346771e-02
  4.0033665e-03
  2.6569240e-02
 -7.5349458e-03
 -1.8118714e-03
 -8.6907810e-03
  3.3138076e-05
 -8.5114472e-04
 -7.0318645e-01
 -4.6687671e-03
 -3.4898978e-03
 -6.6395186e-02
  1.7243173e-02
 -5.3695678e-03
  2.2315376e-03
 -6.2830059e-04
  8.4936678e-02
 -6.4159581e-04
 -4.9381773e-03
  3.7264309e-03
 -6.5297825e-04
 -9.6060829e-03
  2.2185042e-03
 -5.0913058e-03
  4.2559295e-03
  4.5845881e-03
  4.1185035e-03
  9.6805929e-04
  1.1800367e-02
  1.7176331e-03
  3.1354331e-04
  3.8885016e-03
  3.3375761e-03
 -3.0010554e-03
 -2.8905156e-04
  8.1302626e-03
 -1.1261780e-03
 -1.1053625e-02
  5.9225276e-02
  7.1380525e-03
 -6.3605425e-03
  6.0003395e-03
 -2.3474062e-03
  2.3303805e-03
  5.8782916e-03
  1.2700724e-02
  6.8845740e-03
 -5.1790369e-03
 -5.8381987e-04
 -7.9759173e-03
  4.1925265e-03
 -2.7795482e-01
  2.6783675e-03
 -2.6416662e-03
 -3.4968460e-01
  6.4410049e-01
  7.2211083e-03
  1.7329957e-02
  1.0067755e+00
 -6.1727385e-03
  2.7780920e-01
 -1.0171460e-03
 -5.7828687e-02
  5.1648892e-02
  4.9981074e-03
  4.5838412e-02
  5.2888207e-02
 -2.2548421e-01
  2.7373801e-03
 -4.6757719e-01
 -2.6535666e-01
  5.8609396e-01
 -2.0211093e-01
 -4.2215645e-02
 -1.7324105e-01
 -1.3023938e-01
 -3.5401091e-01
 -8.6513307e-04
 -2.7913494e-02
  6.1928341e-04
  1.1537019e-03
  1.9838680e-02
 -5.1029649e-04
  1.0368389e-02
  4.3776333e-03
 -9.5407766e-01
  5.8930331e-01
  4.8734844e-02
 -1.5274094e-01
  1.8485135e-01
 -2.9376170e-01
 -1.4623062e-02
  3.1838936e-01
 -1.0621370e-02
 -4.5955032e-03
  1.1909901e-01
 -1.4476272e-01
  3.9191028e-01
 -7.6966919e-03
  8.0646567e-02
  8.2845744e-03
 -4.4306409e-02
  5.9985604e-02
  9.5057618e-03
  1.3193507e-02
  6.7092809e-03
  1.0195947e-03
  1.5374747e-02
  1.0679233e-02
 -5.7622977e-03
 -7.3054978e-03
 -1.5667894e-01
 -8.4755657e-04
 -2.2431144e-02
 -3.3452463e-01
 -1.9829146e+00
  2.8947169e-01
 -7.5748950e-01
 -2.2370970e+00
  7.0551056e-03
 -5.6396322e-03
  6.1515559e-02
  3.2387678e-02
 -8.3835155e-04
 -2.8896677e+00
 -6.6688558e-04
  8.3013755e-01
  3.0246831e-03
 -7.3041275e-02
  1.2667811e-03
 -3.0578261e-02
 -1.1925728e-02
  4.1232383e-05
  1.2749777e-03
 -9.9013280e-03
  4.8201736e-02
  1.8599156e-02
 -6.1970530e-03
  1.8285375e-04
 -1.7169559e-02
 -1.5183163e-03
 -7.7868761e-03
 -9.2038140e-03
 -1.4089390e-02
 -7.2604086e-04
 -9.9214315e-03
  1.8428022e-02
  2.4581342e-03
  4.8772283e-03
  1.9066613e-03
 -1.2579323e-01
 -8.6198159e-04
 -1.0653907e-03
  2.2371381e-03
  6.7775071e-01
 -5.5664233e-03
 -4.7357340e-04
  7.2541316e-03
  5.1532022e-04
  4.2574322e-03
  1.5212636e-03
 -6.2937327e-03
  2.2368019e-03
  2.4035519e-03
 -6.4743566e-03
  1.2107541e-01
 -2.6351623e-03
  3.5581137e-03
 -4.0942198e-03
 -8.3162010e-01
  3.3559579e-02
 -8.3073350e-03
 -1.1938103e-03
  4.3828515e-03
  3.0342340e-03
  3.6058116e-03
  3.7776567e-02
 -1.2156029e-02
  6.5095378e-03
  5.6969430e-03
 -1.5969040e-03
  4.9584202e-04
  5.9645419e-04
 -8.9069195e-03
  2.7110472e-03
  3.4942557e-03
 -3.6673874e-03
 -1.0422918e-03
  1.6230233e-03
 -6.9377702e-03
 -6.1132344e-03
 -7.8623155e-03
 -6.1538291e-01
  1.1552409e-02
  2.6964091e-03
 -5.3666889e-05
  2.3839532e-03
  7.0025004e-03
 -1.9542815e-02
 -5.1584095e-03
  1.0103426e-02
  5.5926894e-03
 -9.1726391e-04
 -9.6472139e-03
 -6.6253110e-03
  1.9870305e+00
 -4.2870298e-02
  4.6062043e-01
  1.6728288e+00
 -7.4164028e-04
  4.1560015e-01
  2.7855271e-03
 -4.6154317e-03
  6.8524934e-02
  1.4168430e-02
 -2.4413248e-03
  3.0574557e-01
 -3.6094561e-02
  9.1578567e-04
 -8.8115223e-02
 -1.1660402e-02
  9.9443486e-03
  3.4197877e-04
 -3.4304027e-02
 -2.5707623e-03
 -1.4432294e-04
 -3.0313844e-02
  5.0894697e-03
  8.6863560e-04
 -1.8813459e-03
  2.1294793e-03
  6.7392075e-03
  4.5849821e-03
 -6.0790870e-03
 -1.2828644e-03
  7.2355070e-03
 -5.2427053e-03
 -3.8079715e-01
  1.1018425e-02
  6.0042972e-03
  4.0740449e-02
  3.5985156e-03
 -7.6681850e-03
  1.3948121e-02
 -2.4072507e-03
  2.4584457e-02
 -9.9621035e-02
  2.2655285e-03
  1.1487526e-03
 -2.2763884e-02
  2.6594123e-03
  1.3993477e-02
 -1.8273026e-01
  1.0797553e-03
  3.1439941e-02
 -8.5560316e-03
 -6.2417849e-03
 -2.4926739e-02
  1.1121917e-04
 -1.3889784e-02
  1.4862286e-01
 -3.4231613e-03
  2.7085182e-03
  4.9010911e-03
 -2.3927849e-03
  1.2050831e-02
 -7.9200347e-04
  7.6253032e-03
 -2.2452776e-03
 -6.0514552e-03
  5.0489079e-02
 -8.9475382e-03
  8.2611451e-03
  1.6647535e-03
 -7.6095283e-01
 -1.9517889e+00
 -3.5650593e-03
 -3.7239715e-03
  1.3577772e-03
 -1.8964312e-03
 -3.4079661e-03
 -1.1626483e-02
  1.1063234e-03
  4.7011006e-01
  1.5965687e-02
 -8.5416262e-04
 -6.3829642e-04
 -1.0542796e-03
 -1.4046994e-03
  5.0493283e-03
 -1.1735279e-02
  3.5909398e-03
  4.2807288e-03
  1.5709698e-02
  3.5736137e-03
 -1.8888984e-02
  3.7833196e-03
 -3.9245714e-03
  1.9702120e-03
 -6.8899849e-03
 -8.9585492e-03
 -2.8215793e-03
 -3.9368230e-03
 -2.0212666e-04
  6.6422122e-03
  1.8163550e-01
 -1.2604983e-03
 -4.6186401e-03
  5.8942183e-04
  4.9542766e-03
  3.6487248e-04
 -7.2403820e-03
 -8.4291361e-03
 -1.5643135e-03
 -1.4726990e-03
 -4.3505031e-04
  3.3775887e-03
 -2.1832287e-03
 -8.0961660e-03
  5.6827120e-03
  6.1182631e-04
 -7.5014653e-03
 -2.2095467e-03
 -4.4201119e-03
  9.7850682e-03
 -1.0003626e+00
 -3.1590018e-01
 -1.0215582e-01
 -2.0783668e+00
 -7.3544327e-03
 -1.6695792e-02
  1.7729466e-03
  6.4341039e-03
 -3.4395473e-03
 -1.4593976e-02
 -4.6184156e-03
  1.5539425e-02
 -3.8890250e-03
  8.0627212e-03
 -1.3384249e-02
 -1.0920170e-03
  7.6546953e-03
  4.1352544e-02
  9.6384129e-03
 -4.1261162e-03
  9.6063851e-04
 -2.9099852e-02
  6.3693975e-03
  3.3235906e-03
  1.3863597e-03
  6.7542135e-03
  1.3086955e-03
  8.9380599e-04
 -4.6504879e-01
  1.2166479e+00
 -2.0834452e-03
 -1.1109417e-02
  8.9571514e-04
 -4.1750092e-03
 -6.5365704e-03
 -5.9498539e-03
 -8.5518591e-04
  3.8510640e-03
  4.5676881e-01
 -4.5957998e-03
  8.0166152e-05
 -2.9437375e-04
  2.5996631e-03
  6.8155837e-01
 -4.7670124e-05
  1.3113566e-03
  9.4425222e-03
 -3.8787094e-03
  7.0042012e-04
 -5.7215467e-03
  2.8383736e-03
 -5.9420061e-03
  3.0479510e-03
 -5.0728330e-03
  2.1204653e-03
 -5.3348029e-03
 -3.5763785e-04
 -7.2194979e-04
  6.8903826e-03
 -8.3549149e-02
  2.7700827e-01
  7.1573704e-01
  7.5834584e-01
 -2.2713548e-01
  3.4125067e-02
 -1.3667259e+00
  2.8534394e-04
  5.5320051e-02
  1.8033953e+00
 -1.3801781e-02
  3.7675783e-01
 -1.7077835e-02
  1.6854696e-02
  7.3018484e-02
  4.6579894e-01
  2.3548335e-01
 -2.3332613e-02
 -6.2977156e-04
  1.5155551e-01
  9.4335496e-02
  8.1438094e-02
  2.1536173e-01
  7.4938596e-03
  1.2517983e-01
 -6.1132815e-03
 -8.4651886e-03
 -6.6257617e-03
 -2.5934029e-01
 -3.1652663e-02
 -1.3227555e-02
 -1.9994122e-01
  4.0449396e-01
 -3.1166399e-02
 -6.8183774e-01
  3.9405365e-02
 -1.4176120e-01
 -4.4599064e-03
  1.5618680e-01
 -2.6342368e-03
 -2.9889001e-02
 -1.7673442e-02
 -7.6223398e-03
  3.6160886e-01
 -1.9435160e-03
  1.3693023e-01
  2.4452552e-02
 -2.3238493e-02
  4.5455918e-02
  1.2467220e-02
  1.0946404e-01
  3.5411930e-03
  1.9940394e-03
  2.0900043e-03
  9.6914619e-03
  1.0468978e-02
 -3.0826527e-01
  3.2213540e-04
  1.0735360e-02
 -9.6837763e-04
  1.6265792e-01
  1.3655035e+00
  1.3358455e+00
  2.8045175e+00
  7.1899748e-01
 -5.0305538e-03
  8.7779343e-01
 -4.1241086e-01
 -4.5979169e-01
 -2.4747857e-01
 -6.9511461e-01
  4.2265481e-01
 -1.0598965e+00
 -1.7075476e-01
  2.5188550e-01
 -4.4324967e-01
  8.2170266e-01
 -1.3869840e+00
 -6.0187656e-02
  1.8270051e-03
 -1.2193749e+00
 -2.5907284e-01
 -8.4060412e-03
 -4.5879695e-04
 -2.9024866e-03
 -8.3911922e-03
 -2.6092890e-03
  2.4857331e-02
 -3.9453153e-03
  1.5661571e-02
  1.0601785e-02
  3.0017361e-01
  1.2997249e-02
 -7.3946286e-03
 -9.0274932e-03
 -1.6787006e-03
 -2.1916616e-04
 -1.4651096e-03
  7.3118745e-03
 -3.1971569e-05
  3.0424185e-03
 -1.4173227e-02
  2.8034560e-03
 -1.7265030e-03
  1.5793022e-03
 -9.8987659e-03
  1.5104811e-03
 -4.8387845e-04
  3.9979275e-02
 -1.8792810e-03
  1.0704575e-02
 -3.6366817e-03
  1.2541072e-03
  3.9012306e-03
  3.7975134e-03
 -2.4734328e-02
  1.0615511e-01
 -6.7113675e-03
  1.5099880e-03
 -5.1990603e-03
 -4.7832141e-03
 -6.8752378e-01
 -1.2806132e-02
  1.3141580e-03
  1.8202768e-01
 -1.8295250e-03
  2.9349377e-02
 -2.8865873e-03
 -8.1521104e-04
  1.7496823e-01
  6.8578497e-03
 -2.0095591e-01
  1.4472203e-03
 -9.3820160e-03
  9.5239058e-03
 -5.2745808e-03
 -4.7806124e-03
 -1.9472579e-02
 -4.2024883e-03
 -1.1430593e-03
  4.0660898e-04
  5.7001328e-03
  3.4711766e-01
 -1.0805521e-02
  1.9533292e-03
 -7.1557052e-04
  3.5403746e-03
 -2.2378708e-03
 -5.6440354e-04
 -2.5993690e-05
 -6.3276896e-04
 -1.4640146e+00
 -1.1970272e-02
  2.0361410e-02
  9.4120991e-01
  5.2772015e-03
 -5.7365820e-03
  6.3033993e-03
 -6.8032956e-03
 -1.0146943e-03
 -2.0582965e-03
 -7.5657386e-03
  7.1353763e-03
  1.2633171e-02
 -1.7451279e+00
  1.0028463e-02
 -1.8236588e-03
  1.3432675e-03
 -6.1168978e-03
 -2.3203765e-03
  2.0940141e-03
  4.3802867e-03
  3.2007752e-03
 -2.6120166e-03
 -4.1141524e-03
  8.2865655e-03
  4.8112078e-03
  1.8802373e-03
  4.1413918e-04
  1.7284357e-03
 -3.9650300e-01
 -9.8168373e-01
 -5.9438622e-01
 -8.8521588e-01
 -2.6873323e-01
  3.3754299e-03
  5.7829052e-01
  4.4382995e-01
 -5.1691031e-01
 -9.5816499e-01
  4.3604279e-01
 -7.3951077e-01
  9.5444858e-01
 -6.3394612e-01
 -1.0975063e+00
 -4.0162614e-01
 -1.1429691e+00
  5.7418525e-01
 -9.3854323e-02
 -1.3912044e+00
 -2.6170972e-01
 -1.1634874e+00
  6.9879550e-01
 -6.5345308e-03
 -7.1097380e-01
  2.1374221e-03
  1.7826434e-02
  1.4916083e-01
  9.1155939e-04
  6.8045288e-02
  7.2143242e-02
 -1.5358347e-03
  1.3741885e-01
 -1.6263323e-02
  2.9403768e-03
 -5.8950234e-04
 -2.3076569e-03
  2.6191736e-03
  1.4780957e-03
  8.7576449e-01
 -1.3199104e-02
 -5.1485910e-03
 -6.1880606e-01
  7.3584840e-03
 -7.8536384e-03
 -2.8589396e-03
  1.4755800e-01
  1.3620661e-03
 -2.5680073e-04
 -2.1407960e-03
 -2.4409271e-03
 -2.0596320e-03
  7.0612552e-03
  3.9490927e-03
 -5.5893948e-03
 -3.9718258e-03
 -4.7802432e-03
  1.6359315e-04
 -5.2246973e-03
 -1.1737951e+00
  7.1323261e-02
 -1.1359591e+00
  5.7718992e-01
  1.3773708e+00
  5.2527070e-01
 -1.7584682e-02
 -1.1958990e-01
  4.7295997e-03
 -3.0306128e-01
 -1.6441540e-01
 -5.5450153e-01
 -2.8583044e-01
  2.7025720e-01
 -1.9181159e-01
  1.0412864e-01
 -1.1411750e-01
 -1.7636918e-01
  1.3824034e-02
 -5.8683690e-02
 -2.0664707e-01
 -9.1049917e-02
 -1.8797705e-01
  5.0892031e-01
 -2.0263422e-02
 -4.1235066e-03
 -9.3725603e-04
  2.4283684e-03
  2.1887282e-02
 -3.1042291e-02
 -8.2058233e-04
  1.4442164e-01
 -9.1510145e-03
  3.3377983e-02
 -6.2334561e-01
 -1.3092957e-01
 -6.4634818e-01
 -3.9095502e-02
  1.1690078e+00
  1.3520738e-02
  4.9271919e-03
  1.7276912e-03
 -1.7491952e-03
  7.4946776e-04
  3.1220142e-02
 -9.0381806e-04
 -1.2391561e-03
  1.5192071e-03
 -2.3382859e-02
  1.1185993e-02
  8.1775123e-03
  4.2002648e-03
  6.7577016e-01
  2.1609212e-03
 -2.8310164e-03
 -2.8858059e-03
 -4.7253756e-04
  4.5562218e-04
 -3.5016614e-03
  2.2256726e-03
 -4.9885381e-03
  3.1218119e-02
 -6.4765620e-01
  2.6787591e-01
 -1.7172511e+00
 -2.7094689e-01
  3.1840995e-02
 -5.0139595e-03
  6.0546823e-02
  2.8278165e-02
 -9.3327407e-03
  1.0863006e-03
 -2.7288913e-03
  8.9189556e-04
  2.0620381e-02
 -2.4347061e-02
  1.1822717e-02
 -1.2195814e-01
 -1.7474530e-02
 -1.0362719e-03
  5.2938117e-03
 -1.3411805e-02
  3.5425602e-03
  1.2997997e-01
  1.5890058e-02
  2.3101487e-03
 -8.4051890e-03
 -2.2204036e-03
 -8.3708623e-03
  9.8356651e-03
 -1.7057903e-03
 -6.7391610e-01
 -4.4846937e-01
 -1.3693596e-01
 -2.2983500e-01
 -1.4186794e-01
  1.6873011e-02
 -4.6510321e-01
  3.8944588e-03
 -1.2713507e-03
 -1.2989438e-01
  6.3979757e-01
  1.0768895e-03
  1.8359886e-01
  3.4379045e-04
 -6.3266291e-04
  1.0364116e-02
  3.5991534e-03
 -8.7365815e-03
 -1.6944605e-03
 -4.2731599e-03
 -1.6330013e-02
  3.0533026e-03
  5.7243216e-03
  1.2871583e-02
  1.0393849e-02
  9.7487038e-03
 -1.7140893e-02
  3.6673564e-01
 -9.1484562e-03
  4.3393709e-03
 -1.4027081e-01
  2.2793829e+00
 -2.1240633e+00
 -2.9064351e-01
  7.8014827e-01
  2.7808237e-01
  2.4046387e-01
 -1.4475809e-01
 -5.0087255e-01
 -1.4359233e-01
  5.4108701e-03
  3.2178620e-01
  2.5109571e-01
 -6.6039234e-01
  5.2262295e-02
 -4.7280872e-01
  1.1252393e+00
  9.4948322e-01
 -3.4216782e-01
 -1.4893812e-01
 -1.3146943e+00
 -5.7302315e-02
  3.3480856e-01
  8.9068981e-03
 -1.9387186e-01
 -6.8996102e-04
  9.7607719e-03
  3.4936833e-01
 -4.6462310e-03
  3.5429757e-02
  6.6464312e-02
 -2.3095605e-03
 -1.7771042e-03
 -1.7692436e-02
 -9.0187024e-03
  2.9867227e-04
 -8.6200543e-02
 -1.4955635e-02
  2.2885902e-03
  1.1795306e-02
 -1.0574994e-02
 -4.6387259e-03
  1.5921335e-03
  1.0178467e-03
  3.6994094e-05
  1.4095581e-02
 -6.0605663e-03
  2.4629205e-03
  1.5855333e-02
  1.1078443e-02
  4.6492061e-03
 -3.2343005e-03
  1.0756573e-02
  1.3950753e-02
 -8.8007236e-04
  1.2372988e-03
  2.6640703e-03
 -4.9796631e-03
 -1.3257142e-03
 -2.2336640e-03
 -9.3968827e-03
 -1.7616518e-02
 -1.9215178e-03
 -6.3710180e-03
 -1.6571143e-01
 -5.6441673e-03
 -7.5707257e-02
  8.5441949e-04
  1.2213066e-03
 -6.7127412e-03
 -6.1236601e-03
  2.4403293e-01
 -3.0607567e-03
  1.8843898e-03
  5.2006923e-02
  3.7246833e-03
 -2.4579635e-01
 -1.3164454e-03
  8.5595166e-03
  1.7499655e-03
 -7.6782545e-03
  2.8792848e-03
  1.9116061e-02
 -9.2006552e-01
  5.8507100e-03
 -1.2156483e-03
  2.0864518e-02
  2.8431637e-03
 -3.2645911e-03
  8.6090609e-04
 -1.3816199e+00
 -2.7909341e-01
  3.4312692e-01
 -1.3817542e+00
  4.1875267e-01
 -2.8029796e-01
 -3.6165214e-01
  6.6164415e-03
  7.4151866e-03
  1.3460760e+00
  1.4575891e-01
 -6.2234653e-04
 -4.0209270e-03
  9.9374956e-01
 -1.4880610e-03
  8.9496887e-01
 -2.6754642e-01
  2.9064080e-01
  8.8792926e-01
 -1.2112328e-02
 -4.1600806e-03
 -9.3541729e-01
  5.8517640e-04
  3.0828685e-01
 -1.6185364e-02
 -8.2984155e-01
  8.2541269e-01
  8.2085943e-01
  9.1470662e-05
 -3.5540534e-03
 -1.7102863e+00
  8.0435848e-01
  4.4532114e-01
 -3.0049935e-01
 -6.0473126e-01
  7.2406608e-01
  7.2506732e-01
  4.3420747e-02
 -7.8208921e-03
 -3.0806166e-01
 -3.1375834e-01
 -1.2698742e-03
  2.1758678e-03
  9.7089320e-01
 -3.8949378e-02
  7.4218535e-01
  6.6185814e-01
 -1.2251529e+00
 -3.7722192e-03
 -2.0258681e-01
 -1.2375462e-01
 -1.0411019e+00
  1.8194981e-01
 -7.9581928e-01
  3.2038268e-01
  4.5956531e-01
  5.7158291e-01
 -9.4480371e-01
  5.6275085e-02
  1.0200103e-01
  5.0441831e-01
  1.1273896e+00
  1.8845895e-01
 -9.0696454e-01
  2.1106488e-01
 -1.6354898e-01
 -7.5064611e-01
  3.3746690e-02
  2.1606477e-03
  5.2471995e-01
 -1.6839947e-01
 -5.0886303e-01
  5.5443722e-01
  1.0878360e+00
 -8.2565045e-01
 -1.8218869e+00
 -9.0737224e-01
  4.5314625e-02
  1.4332102e-03
 -4.7159547e-01
 -1.0631526e+00
  1.0830631e-02
 -3.5959372e-01
  7.6194175e-02
 -3.1752783e-01
  5.1411343e-01
 -1.9014870e-03
  3.7351664e-02
  2.2735719e-02
 -8.6266384e-02
 -2.5611314e-01
  2.1090062e-01
 -2.1014649e-01
  2.0505221e+00
  5.6692922e-01
 -4.1310620e-03
 -1.5843949e-01
 -1.4962411e-02
 -1.8539748e-03
  1.0899311e-01
  4.3751124e-02
 -7.7012684e-03
  3.9872527e-03
  1.4388298e-02
  6.0190697e-04
 -3.6160131e-03
 -6.1522000e-02
 -5.2217352e-01
 -1.3911732e-02
  9.3413568e-01
 -3.9536461e-01
 -1.1748706e-01
 -5.9388880e-02
 -2.2876656e-03
  1.2596625e+00
 -1.6824856e-03
  2.3629865e-02
 -2.2422776e-03
 -5.1371143e-03
 -4.4602957e-02
  2.1103735e+00
  4.7667854e-02
  8.7771070e-01
 -1.7092497e+00
 -1.5337837e+00
 -4.5848772e-01
  5.2260447e-01
  4.6609524e-03
  3.1591523e-01
 -2.7422777e-01
 -7.5539346e-03
  2.1954851e-02
  1.2445558e+00
  6.6612017e-01
  2.2732012e-01
  2.5944391e-01
  2.4916905e-01
  5.7675469e-01
  3.5868284e-01
 -4.5034087e-01
  6.1607089e-02
  6.5174675e-01
  1.3060401e-01
 -6.1811125e-01
  4.4916517e-01
 -5.7830107e-03
 -4.6845763e-03
 -2.0159537e-01
 -9.4300299e-04
 -6.6793568e-02
 -1.8440445e-01
 -6.0142130e-01
 -1.2997010e-01
 -1.3637943e+00
  1.2047777e-03
  2.0229317e-02
 -3.4469858e-01
 -3.4098390e-03
  4.9137464e-03
 -2.0133521e-02
  6.7290710e-04
  6.7069471e-01
 -1.0172731e-02
 -2.1594048e-03
 -1.5968136e-03
  1.3254354e-03
 -6.2810642e-01
 -8.4822834e-04
 -2.4034977e-03
 -4.8387437e-03
  3.0727650e-03
  1.0827659e-02
 -5.7343375e-03
 -1.3587163e-02
 -3.9077634e-03
 -2.6744112e-04
  1.4494115e-02
  1.8202128e-04
  5.6001223e-03
 -6.6415295e-03
  6.7127296e-03
 -1.5730059e-02
  2.0105822e-02
  1.3510472e-02
  1.2746224e-03
  4.7546816e-03
  1.5254158e-03
  9.5611336e-03
 -1.3414302e-02
 -1.1642009e-02
 -1.4481409e-03
 -1.5677501e-03
 -4.5132462e-04
 -3.7606093e-05
  2.3580824e-03
  3.1194012e-03
 -2.7233311e-03
 -1.6198355e-03
  2.5095886e-03
  3.9866748e-03
 -2.5256991e-03
 -5.2394290e-03
 -3.4590359e-03
  8.0668423e-03
 -1.7797606e-03
 -6.6349248e-04
  6.6145454e-03
 -1.0402231e-02
  1.3960565e+00
 -8.6493660e-03
  7.1703571e-01
  6.1388858e-02
  2.0010783e-01
  6.6452336e-01
 -3.1942140e-02
 -2.8628412e-01
 -1.4496291e-01
  4.8500024e-02
 -2.6672229e-02
  3.4934882e-02
  5.1704752e-01
 -2.2728096e-01
  8.2512669e-02
 -5.5065047e-05
  4.2725769e-03
 -1.3124254e-02
 -7.0853613e-02
  2.1539051e-03
  4.4546900e-03
  1.6869944e-01
 -3.6313212e-01
 -1.1121594e+00
  2.0970966e-01
  3.3321664e-02
 -5.3823608e-01
  3.7024576e-02
  8.3591091e-04
 -1.8881686e-01
 -1.4595470e-02
 -8.2273278e-03
  6.3301131e-02
 -8.0210101e-03
 -3.8176000e-03
 -9.5448447e-03
  2.5531672e-02
 -3.4700264e-03
 -8.9649815e-04
  3.8556685e-03
 -1.1779415e-02
  1.2166180e-02
 -3.3910878e-03
  7.3452070e-03
  2.3852030e-03
  5.6714336e-03
  7.6945755e-03
 -5.8630374e-03
 -5.7425168e-03
 -4.3923534e-03
  6.4001880e-03
 -4.2922320e-03
 -5.5965025e-04
 -1.3229105e-02
 -1.4192710e-03
  3.9003778e-03
 -9.6904626e-03
  6.8321377e-02
  1.9498935e-03
  1.1339778e-02
 -7.2466005e-03
  2.3275344e-03
 -5.2879599e-04
 -4.1347262e-03
 -5.2666836e-03
 -4.8753945e-03
  1.2609507e-03
 -3.6036003e-01
  1.9071304e-03
  3.8596352e-03
  2.7352388e-03
 -2.0144540e-03
 -2.7369247e-03
 -5.8786399e-03
  2.3107107e-01
  2.9896510e-01
  2.3069018e-03
 -4.3793305e-04
 -2.4680195e-03
 -1.4440820e-01
  5.6206025e-03
  7.0543354e-03
 -7.0643737e-03
  3.9798990e-02
 -5.3699571e-03
  9.8089017e-03
 -3.3969157e-03
 -3.3306517e-03
  1.1856010e-03
 -1.3962876e-02
 -4.3705027e-03
  3.4411415e-03
  4.9015041e-04
 -8.8450836e-04
  4.6807277e-04
  2.2330841e-03
  2.3250449e-03
 -1.9670607e-04
 -1.2497558e-02
  3.2475084e-04
  2.5469672e-03
 -5.0336034e-03
 -2.7542239e-02
 -3.6731132e-03
 -8.4841046e-03
  3.7184088e-03
 -6.5614581e-01
 -8.3086425e-03
  6.9186548e-03
  2.2012012e-03
  1.1800095e-02
  1.7997760e-01
 -4.0555067e-04
  4.6720789e-03
 -4.3801060e-03
 -9.3817087e-03
  2.6782513e-02
 -1.1728200e+00
 -1.0783443e-03
  4.6776263e-03
 -9.7416416e-03
  1.5139490e-03
  4.5825708e-01
  1.6609967e-01
  2.1576750e-01
 -9.6320206e-01
 -8.5260943e-03
  2.2991933e-01
  3.8793921e-01
  4.4027776e-01
  9.2526628e-03
 -3.5602805e-01
 -4.3687388e-01
  1.7076544e-01
  4.6480108e-02
 -2.8750021e-04
 -4.5467174e-01
 -8.9173444e-02
  2.0637591e-01
 -1.9633909e-01
 -1.0234607e-01
 -4.5292225e-01
 -4.5572962e-03
 -1.2478910e-02
  2.4864664e-02
 -2.8912259e-02
 -5.2380592e-01
 -1.2569925e-02
  1.2226014e-04
 -5.8189657e-04
  3.8575830e-03
  2.1178460e-02
  1.5520262e+00
  1.9279826e+00
  1.8739725e+00
  9.9902844e-01
 -8.1453949e-01
  4.1631307e-03
 -3.2909793e-01
  1.7089204e-01
  1.1865805e-01
  7.0435897e-02
 -7.2910725e-03
  4.3323101e-03
  9.0947741e-01
 -1.3832737e-03
  7.6339132e-01
  4.0210027e-01
  1.2722011e+00
  4.4296989e-03
  1.9235287e-02
  5.2577693e-02
  5.8999285e-03
  7.0282918e-01
 -7.4703030e-02
 -5.3814501e-01
  2.7826613e-02
 -1.2415010e-03
 -1.3966175e-02
 -1.3547380e-01
 -1.2024738e-02
  1.6504353e-02
 -4.6428908e-03
 -1.0563016e-04
 -6.0036066e-03
 -9.2077563e-03
  7.3679565e-03
  9.5940689e-03
 -5.0965874e-03
 -7.6952809e-04
 -4.5457180e-03
  2.3546128e-03
 -2.0465294e-02
 -2.7289935e-03
 -2.5046740e-03
  2.7773842e-05
 -5.3095599e-03
  7.4055092e-03
 -2.5259978e-03
  4.0851967e-04
  2.4456072e-03
 -3.2001948e-03
 -1.1020496e-02
 -3.1480128e-03
 -1.6434788e-05
  6.8767858e-04
 -9.5377499e-03
  8.8648181e-03
  2.9265911e-03
 -1.2181276e-03
 -8.2439026e-03
  1.3406800e-02
  2.0132952e-03
  8.5286611e-01
 -4.3504294e-03
 -6.3676727e-03
  3.6475472e-02
  4.9729836e-03
  4.6694092e-03
 -6.3998355e-03
  5.3125614e-01
  1.1822156e-03
 -3.1797669e-03
  6.1121727e-03
  8.7098777e-03
 -4.1008177e-03
  3.4685156e-04
 -6.3740127e-03
 -5.6727226e-03
  2.0104449e-03
 -5.7545039e-03
  1.4182546e-03
  1.3659006e-02
 -2.5364708e-03
  9.3431425e-01
  5.7289689e-03
  1.3224131e-02
  2.1928626e-03
 -6.1373855e-03
 -5.9802639e-03
 -1.7519472e-03
  9.9291764e-03
  1.2726922e+00
  8.4242845e-01
 -1.4830627e-01
  1.0027865e-01
 -2.3990164e+00
  1.4838386e-02
  1.1492039e-01
  4.8292384e-02
  1.9557244e-01
  1.4800523e-01
 -9.1454083e-01
  3.2014996e-01
  3.8291359e-01
 -7.4279848e-03
 -1.0530933e-01
  3.1177604e-01
  3.0542359e-01
 -3.4028444e-01
 -4.4132102e-01
 -6.4031833e-01
 -5.9359837e-01
  3.1185663e-01
 -3.0452040e-01
 -7.0666867e-01
 -4.8696998e-01
 -1.6886305e-02
  1.3477065e-03
 -1.1789621e-01
  5.0651012e-03
  8.6983770e-02
 -4.5092269e-03
  9.1648102e-03
  2.8219869e+00
 -1.1324575e-03
 -7.8508363e-04
  3.3724781e-03
  2.9698058e-03
 -5.7649561e-03
 -3.0006277e-03
 -3.5945384e-03
 -8.4156170e-03
  5.2735722e-03
  2.2762117e-03
  2.0331638e-03
  5.4045166e-03
 -1.2732561e-03
 -6.6442171e-04
 -1.5712150e-03
  2.0107743e-04
  1.0991389e-01
 -4.0676123e-03
  1.3252882e-03
 -5.8440036e-01
  3.7965595e-03
 -5.6082136e-03
 -1.7498285e-02
 -1.0449758e-02
  3.3719039e-03
  3.4901765e-03
 -1.6808619e-01
  6.5980375e-02
 -8.0928135e-01
 -6.1846346e-02
  2.4232517e-01
  7.6077306e-01
  5.2639115e-01
  1.5094224e-01
 -1.0054108e-02
  8.8682659e-03
  6.2244502e-03
  5.6679148e-02
  2.9338712e-01
 -1.7565943e-01
 -6.7777313e-02
  8.3860807e-02
 -3.4697723e-01
  3.7141043e-01
 -1.7855092e-03
 -5.2626437e-01
 -3.3223316e-01
 -5.3572965e-01
  2.2674972e-01
 -1.2923355e-01
 -5.1087594e-01
 -6.4203471e-01
 -3.9429197e-01
 -4.3648938e-03
  9.0785772e-02
 -3.0717211e-02
  1.0159577e-01
  5.0254721e-02
 -2.2914898e-01
  5.9614503e-01
 -1.4544426e+00
 -2.2116238e-01
  5.8470550e-03
 -4.4810362e-02
  1.0971812e-01
 -2.2722301e-03
 -4.9033952e-03
 -1.3473041e-01
 -1.2028132e-01
  1.8619432e-01
  1.1137818e-03
  1.6881616e-03
  2.4163760e-01
 -1.1039747e-01
 -1.0443621e-03
 -2.7918594e-04
  4.2362872e-01
 -1.0164511e-02
 -6.0145501e-03
 -5.9407178e-02
 -5.5832234e-03
 -3.5790029e-01
 -3.9482457e-03
 -2.6112486e-02
  6.4316916e-04
  2.1890353e-03
 -5.1870253e-03
 -1.5803402e-02
 -1.1491135e-02
 -9.1350786e-03
 -1.1706335e-01
  1.5163722e-02
 -7.8731123e-03
  2.5887819e-02
 -2.3832556e-03
 -7.9584308e-03
 -6.8887053e-03
  2.0482829e-02
  1.9539408e-03
 -6.6068699e-03
  2.2462265e-01
  1.8969618e-03
 -9.5271347e-03
  5.9508812e-03
  5.2456766e-02
  6.6132862e-03
 -3.5239514e-03
 -8.0728726e-03
 -8.8507915e-03
  1.8073265e-03
 -1.6536595e-03
 -8.8885175e-03
  6.4705964e-05
 -7.5010931e-01
 -5.8967550e-03
 -8.2686013e-03
  4.2580306e-03
  1.5136646e-03
 -3.8007248e-04
  4.8032305e-03
  2.4232762e-03
 -3.3473906e-03
  9.5844744e-03
  5.3183123e-04
 -3.2254253e-03
  4.9484256e-03
 -5.0713592e-03
  7.0494205e-01
 -2.2538166e-02
  4.3733892e-04
  1.7841369e-02
 -1.0935306e-02
 -1.4773869e-03
  2.4924132e-03
 -2.0154461e-03
 -2.3764146e-03
  2.8672568e-03
 -1.2722672e-02
  4.2347256e-03
  6.2940693e-03
  9.8692614e-04
 -4.6668476e-03
 -2.2114716e-03
  2.8100339e-01
 -2.9179787e-03
  2.5244218e-03
  2.1217386e-03
  1.0310390e+00
 -2.0079949e-01
  1.0756973e+00
  8.5480511e-01
 -8.5854530e-01
 -6.2928051e-02
 -8.3101187e-03
  4.0409520e-01
 -4.3137699e-01
 -3.7990344e-01
 -8.7167400e-01
  3.4106025e-03
  2.2936898e-01
  2.0642070e-02
 -4.5237049e-01
 -5.1995939e-01
 -2.0202899e-01
  7.4344046e-02
  1.2744708e-01
 -2.8911656e-01
 -1.3188047e+00
 -1.4877403e-01
 -3.4881997e-01
  1.4280172e-03
 -1.4594747e+00
 -8.4783562e-04
 -7.6188040e-03
 -1.5364183e-03
  1.3717411e-03
 -6.7504579e-03
  1.1102510e-01
 -5.8171684e-01
 -3.6694952e-03
 -1.0068294e+00
 -1.8514650e-02
 -5.0622690e-03
  7.1296557e-03
 -8.7453639e-03
  3.3310971e-03
  4.9695591e-03
  2.7310753e-02
  2.0626624e-01
 -3.1064502e-03
 -6.6960859e-03
 -7.6466881e-02
 -7.6252017e-03
 -1.4540367e-02
  7.3025672e-04
 -7.5665731e-03
  8.2804483e-01
 -1.0477103e-03
  7.3096813e-03
  1.4827061e-02
 -2.4171949e-03
 -3.0601870e-03
  1.6025622e-01
 -6.4055876e-06
 -1.9057279e-02
 -2.6267755e-03
  4.0789563e-03
 -5.4795998e-01
  1.5771922e-01
 -1.2338159e-01
 -9.0474024e-02
 -3.8484293e-01
  3.6490476e-03
 -6.1380859e-05
  1.0067695e-03
  4.3157968e-01
  6.7622632e-02
 -4.6818677e-01
 -1.4663321e-01
  8.6274624e-01
  1.8513572e-03
 -1.2486620e-01
 -2.9404804e-01
 -1.2632772e-01
 -1.0434207e-02
 -7.0387742e-04
 -1.8982982e-02
  7.4450113e-02
 -2.1856679e-02
 -7.0284583e-02
  8.1465682e-03
  5.3918141e-01
 -2.8517623e-03
 -7.6505248e-03
 -8.0571295e-04
 -2.5041460e-03
  3.0123659e-03
  5.1069953e-03
  9.4605828e-05
 -3.4202971e-03
 -1.5968177e-02
  8.4700173e-04
 -3.3868437e-03
  1.4975940e-02
 -8.4736552e-03
 -2.5773079e-03
  1.2674514e-04
 -4.0204162e-03
 -1.2124305e-02
 -1.2995747e-03
  2.9136406e-03
  4.1886047e-03
  2.8293873e-03
  2.8225093e-03
  4.1075207e-02
  1.2372519e-04
 -1.0903597e-02
  8.4028561e-03
  2.4056784e-03
 -1.3520988e-03
 -3.9368467e-03
 -2.5649418e-03
  4.9276167e-04
 -7.5459382e-03
 -1.9509396e-01
  1.6745493e-03
  1.4715976e-03
  2.4010800e-03
  2.4012118e-03
  1.0896480e-02
 -4.8188394e-04
  7.1150959e-03
  2.0634378e-03
  1.5225886e-02
  5.1889690e-03
  1.5001699e-03
  4.5600510e-03
 -3.0072245e-01
  9.8413066e-04
  3.1674146e-03
 -7.6250639e-04
 -2.5608525e-02
 -3.2037187e-03
 -7.2431094e-03
 -1.2314608e-03
 -2.4210522e-03
  6.8290103e-03
 -6.4132363e-03
  4.4231382e-03
 -1.4470801e-02
  3.9844096e-04
  2.0633636e-03
 -4.7790539e-04
  1.1187017e+00
  1.3526904e-03
  7.4541667e-03
  1.0760563e-03
  2.1814075e-03
  1.8579066e-03
  3.7306198e-03
 -2.2993686e-03
  6.7770421e-03
  6.0288602e-04
  1.5280546e-02
  3.1137255e-03
  5.5204364e-03
 -1.0608197e-02
  2.6403973e-03
  1.5462729e-03
  2.5543480e-03
  2.2893022e-03
 -2.5013340e-01
  2.6519331e-03
 -5.5836723e-03
  6.7590820e-03
 -5.3106650e-04
 -4.3674338e-01
 -8.3689332e-01
  1.2204358e-03
  5.9743393e-03
 -4.2174836e-03
  2.2266455e-01
 -2.0110465e-03
 -1.2613690e-02
 -4.5167785e-03
  3.2251475e-03
  7.2170049e-03
 -7.7988622e-03
 -6.3594866e-01
  9.6142245e-03
  2.9389653e-03
  2.7436458e-03
 -5.6767990e-03
 -2.6995417e-02
 -2.9555589e-03
  1.6324414e-03
  1.3714891e-02
 -3.8346096e-03
 -1.9489053e-04
  1.3425840e-03
  2.3273239e-03
  7.9480051e-05
  4.8552919e-03
  3.6183044e-03
 -7.9562614e-04
  5.2335011e-03
  6.8741227e-03
 -1.5368253e-02
  3.1992865e-03
 -9.9561848e-03
  2.8928563e-02
 -1.8761025e-03
  1.6718104e-02
  1.0653225e-03
 -3.9942411e-04
 -1.7658049e-03
 -1.5335689e-02
  1.3363165e-01
  2.3250203e+00
  1.8171880e-01
  1.2103933e+00
 -5.1132143e-02
 -8.5276663e-03
 -4.8765826e-01
 -3.7506855e-01
  6.9644279e-04
  6.1571157e-01
 -7.3154911e-02
 -1.5049057e-01
 -5.8366495e-06
  6.4670406e-02
 -5.9007984e-03
 -8.9996159e-01
 -5.0045405e-02
 -1.7476331e-02
  3.2192483e-03
  1.1920977e-01
  2.8307088e-02
 -4.7060817e-02
 -3.7986413e-01
 -7.4733146e-03
 -1.3989132e-03
 -2.9702333e-03
  1.6456828e-02
 -5.5021318e-03
  4.5076618e-03
 -7.6682493e-02
 -1.1779846e-03
 -1.8064958e-01
 -1.0626887e+00
 -8.2624398e-02
  9.1033474e-02
 -1.1929594e-02
  3.3529189e-03
 -4.5744833e-03
  5.0544450e-03
 -3.4405557e-03
  1.7030947e-03
  9.9047218e-03
 -1.9571392e-03
  9.6670893e-04
  1.7763108e-02
 -1.1057416e-03
  1.5086562e-02
  3.9898008e-03
 -5.8354312e-03
  1.5975087e-03
  1.3708811e-03
  3.4418222e-02
  9.0185627e-03
 -1.8676693e-03
  2.7236006e-01
  8.4393256e-04
 -2.6887474e-03
 -1.2628268e-03
  3.2352747e-03
  2.6873327e-03
 -3.2970533e-03
 -3.1989340e-03
 -3.0299586e-03
 -2.9848814e-01
 -1.5217680e-02
  1.4529744e-03
 -3.0083712e-03
  3.7473720e-03
 -9.6419829e-01
  6.8390347e-02
 -5.9012298e-02
  6.1029405e-04
 -4.5758564e-02
 -1.0469011e-03
  6.8072937e-03
  3.0642608e-03
  5.3264783e-03
 -7.8827506e-01
 -1.6832298e-02
 -1.5833492e-03
  5.7154743e-04
 -2.1294816e-03
 -1.0909297e-05
 -2.8360549e-03
  3.4441561e-03
  8.0949711e-03
  9.9869110e-03
  5.9985965e-02
  6.3966690e-03
 -2.3553404e-03
  2.4407890e-01
  1.5384544e-01
 -7.8336567e-02
  4.6614394e-01
  1.5207160e-01
  4.2947873e-01
  7.4245405e-01
  1.3219984e-02
  1.8042374e-01
 -1.9622953e+00
  7.9444695e-01
  5.5805725e-01
 -2.1594812e-01
 -1.1560413e-01
 -3.8726249e-01
 -1.5557569e+00
  5.7933831e-01
 -3.2752361e-02
 -7.7774531e-01
 -1.0765713e+00
  4.3091196e-01
  2.8249076e-01
 -2.1124198e-01
 -5.4681385e-01
  2.1543564e-02
 -1.5424843e-01
  1.0757521e-02
 -3.0673936e-02
 -2.1790121e-02
  1.0713575e-01
 -2.7286174e+00
  1.2397320e+00
  4.4701168e-01
 -3.4226667e-02
 -3.5741390e-03
  1.1260616e+00
  2.4630306e-03
 -2.4201581e-03
  5.1235403e-03
 -4.5018932e-01
  1.0073907e+00
 -5.1011741e-01
 -1.6958153e-02
  1.4830301e+00
 -1.5737219e-02
  3.7526339e-01
 -1.7589560e+00
  3.1781397e-03
  1.7613240e-03
  2.8821746e-01
  2.8470361e-01
  3.8651806e-01
 -3.4694353e-03
  3.0635898e-03
 -1.1136717e-03
  4.7076992e-03
 -2.5612774e-01
  5.5721462e-01
 -9.6078822e-03
  1.9247742e-01
 -1.2093759e+00
 -4.0155429e-01
  9.0904683e-01
  1.8458267e-01
  3.8699610e-03
 -8.0550987e-01
  8.0029257e-03
 -9.9653535e-02
 -8.2516886e-02
  9.0265751e-01
  7.3561329e-01
 -3.5050164e-03
  2.0699788e-02
  1.8890820e+00
 -5.8979865e-02
  6.7096883e-01
 -4.0878955e-01
 -4.0991683e-03
  1.8346280e-01
 -4.8429918e-01
  4.9414313e-01
 -5.4319805e-01
  6.3193827e-03
  1.3372062e-02
  2.0406075e-02
 -1.5148824e-01
 -4.8489985e-01
  1.7228350e-01
 -1.3403110e-01
  8.5393214e-01
 -2.3785231e-01
 -1.2744077e-02
 -2.5701078e-02
  8.2629883e-01
 -5.4762679e-01
 -1.0970060e+00
  2.4989948e-01
 -2.1982954e-03
  2.3412639e-03
 -1.6322661e-02
  3.8580874e-03
  1.4917816e-01
 -4.4166027e-03
  2.4647232e-02
 -2.8334597e-02
 -1.9768456e-03
  6.1509925e-01
 -3.5728452e-01
 -4.1446786e-02
 -1.2292778e-01
  1.0655104e-03
  4.2812242e-03
 -4.5033381e-03
 -1.1270230e-01
 -2.0544841e-03
 -4.6518533e-03
 -5.9207138e-02
  2.1693958e-03
 -1.1926768e-02
 -1.0396747e-03
  3.4251239e-03
 -6.2218022e-02
  8.4527337e-04
  2.0593822e-03
  4.2598411e-03
 -3.6251039e-04
  9.7837532e-04
  8.5443109e-03
 -9.3255201e-03
 -1.2322984e-03
 -1.3204389e+00
  8.3396689e-04
 -1.7598748e-03
 -2.4623065e-01
 -4.3193204e-03
 -3.2095297e-03
  1.2957898e-02
 -7.3488210e-03
 -5.2016409e-04
 -5.6700362e-03
 -2.9467884e-03
  7.5253276e-03
 -3.0087827e-02
 -3.7625078e-03
 -7.9511181e-03
  1.2277506e-03
 -2.4093601e-03
  1.4094167e-03
  8.6840009e-03
  1.5710606e-03
  1.2354417e-01
 -4.2621645e-01
 -2.2722224e-02
  5.6059110e-01
  5.9227232e-02
  3.0020941e-03
  3.5103399e-03
  7.1033477e-03
  9.3867350e-03
  1.2706289e-02
  6.7187347e-03
  8.3462369e-01
  4.4918235e-04
 -3.9102109e-03
  1.0353339e-02
  3.2387124e-03
 -1.4849453e-03
 -1.4745955e-01
 -4.5346529e-03
 -1.1420087e-03
  7.8813452e-03
 -3.2897215e-02
  5.4955500e-01
  4.2976382e-01
  9.7469799e-04
 -7.9232082e-04
 -4.5368988e-02
 -1.9459965e-03
 -3.6162084e-03
 -1.2152343e-02
  2.2968502e-01
  2.7809608e-01
  1.2917494e+00
 -2.4411599e-01
 -5.3542893e-02
 -6.9136783e-02
 -2.4200068e-03
  1.8093977e-03
  7.1223876e-03
  9.7237686e-03
 -1.5522938e-02
  9.2536521e-01
 -1.2852737e-01
 -3.2211542e-02
  1.4420995e-02
  3.6823673e-03
 -1.0942697e-01
 -9.6083897e-01
  2.7293533e-02
 -1.0359193e-02
  4.4822773e-01
 -9.0595480e-04
  5.2400436e-03
 -1.3202550e-03
 -2.6974594e-03
 -2.2825301e-03
  3.6564302e-02
  3.1768570e-03
 -2.5434503e-01
 -5.1425961e-03
  1.3207535e-02
 -1.8160559e+00
 -5.1858001e-03
 -1.8781755e-02
 -4.5460565e-03
  1.1976479e-03
  1.1718946e-02
 -8.2176184e-06
 -2.1072612e-03
 -2.6057005e-01
 -2.6421287e-04
  3.6459772e-03
 -4.7014398e-03
  4.7031417e-03
  3.7874731e-03
 -3.4969873e-03
 -6.7780497e-03
 -5.6002819e-04
 -3.1140924e-03
  3.8382683e-03
  1.0344447e-02
 -2.9783740e-03
  1.4314552e-02
  1.7715322e-02
 -6.2123728e-01
  1.3601699e-02
 -6.1197085e-03
  1.7828748e-02
  3.0980119e-03
 -2.0984698e-03
  2.2682045e-01
 -3.4868833e-01
 -6.8028909e-01
 -3.9324611e-01
  1.4827967e-01
  2.2450862e+00
  1.8192489e-01
  1.4195231e-02
 -2.6761161e-04
  9.2080459e-03
  2.8393524e-02
  1.5276599e-01
 -5.8286400e-03
  4.4181853e-04
 -2.0904152e-03
 -7.0570095e-05
  1.3783767e-03
 -2.7088651e-03
  8.5619636e-02
  8.9264876e-04
 -3.3004535e-03
 -3.2654251e-03
 -1.5267830e-04
  3.9187651e-03
 -6.2374067e-03
  9.0762395e-03
  9.2359170e-02
 -1.9984751e-03
 -4.2146719e-03
 -7.0251733e-02
  1.3959639e-02
  5.7530339e-04
 -9.0530608e-03
 -1.2846075e-03
  1.2182132e-02
  5.9531792e-03
  1.4072882e-03
 -2.8915145e-03
  4.2904424e-03
 -1.2138150e-02
 -2.4066257e-01
 -8.9083025e-03
 -5.0748968e-03
  9.2436522e-03
  1.2885661e-02
  1.0100902e-02
 -5.7599754e-03
  2.6080184e-04
  1.0446511e-01
  7.5722667e-03
 -1.0866228e-02
  2.7530594e-03
 -2.3535860e-03
  3.6980922e-03
  2.2721039e-03
 -7.0957737e-03
 -5.2486509e-03
 -1.4695023e-03
  3.5026534e-03
 -6.0101058e-03
 -1.0682355e-02
  2.1841130e-03
  4.4611600e-01
  4.4979841e-02
  2.9101023e-03
  3.9074814e-01
  4.2512466e-04
 -3.7140208e-03
 -8.6067582e-04
 -3.2445055e-02
  1.3654655e-03
 -3.9752596e-03
 -1.1984257e-03
  5.2557298e-05
 -5.3196498e-03
 -3.7011880e-02
  1.6183885e-03
  1.8752253e-03
 -2.4511367e-03
  6.9721467e-03
  4.7275997e-03
  1.1371478e-03
  1.6856719e-03
 -1.6838312e-02
  1.4821494e-03
  1.4482914e-02
  2.2123271e-04
 -4.0681395e-03
 -1.3954754e-03
 -8.1565850e-05
 -6.2771328e-02
 -5.5745763e-01
 -7.6136768e-01
  4.4673929e-01
  5.7994284e-02
 -8.7170834e-03
  1.7614017e+00
  3.0786656e-02
  6.6469288e-03
  1.3772566e-03
 -9.3480101e-04
  2.9384682e+00
  2.6644838e+00
  8.0403080e-03
  3.1450426e-03
 -1.2249368e-01
  5.3071141e-01
  3.7824097e-01
  3.9551444e-03
  3.1332623e-02
  1.2441006e-02
  3.3265507e-01
  2.5298579e-02
  4.0978864e-01
  7.9551684e-03
  2.1872863e-03
 -4.0112317e-01
 -7.9511153e-03
 -7.6330174e-03
  3.1499937e-03
 -1.3868843e+00
 -1.9872637e+00
 -1.1299869e+00
 -5.5484575e-01
  1.0611876e+00
  6.9056869e-02
  8.0097342e-01
  5.7737547e-01
 -2.9393972e-03
  8.3942807e-01
  1.7365097e-01
  1.1103289e+00
 -1.0147395e+00
  5.6679434e-01
  7.2609544e-01
 -1.1918789e-03
  3.2995762e-03
  1.1260437e+00
 -8.1249046e-01
 -3.8312178e-02
 -4.0989956e-01
  7.6740377e-02
 -8.3503192e-03
 -1.6655423e-02
  3.0595425e-04
  6.2150825e-03
 -8.1515658e-01
 -3.6344463e-03
  1.8351408e-02
  3.6687995e-03
 -1.7529193e+00
 -2.3468915e-02
 -5.3054935e-01
  1.6205995e+00
 -8.6627614e-01
 -8.6609878e-02
  1.6757022e+00
  3.8313087e-02
  9.5981825e-03
 -4.7243904e-02
 -2.6778162e-03
  4.4605052e-01
  1.7165045e-01
 -5.7583660e-01
 -6.0565531e-01
  5.0893887e-03
  2.1075150e-03
 -2.2454107e-01
  4.5559776e-01
 -2.8754888e-02
 -5.4671538e-01
 -9.4875358e-02
  1.2423187e-02
 -1.0531178e-01
 -1.7652662e-04
 -2.0816537e-02
  2.3584108e-01
  2.1372216e-03
 -3.2956146e-03
 -8.0079294e-04
 -9.0868929e-03
  6.4045475e-03
  3.7807510e-03
  7.7092443e-03
  1.2272748e-02
  9.8702833e-03
  3.1471215e-03
  1.1388520e-03
 -2.3907633e-03
 -4.8038954e-04
 -1.1090470e-02
  6.4578908e-04
  4.8762094e-03
 -3.6044512e-02
  1.1117314e-02
 -2.5680282e-03
 -7.0092932e-04
 -1.1961967e-03
 -9.5514506e-03
  3.1441879e-03
  2.7932324e-03
  1.2109207e-03
  2.5986284e-03
 -1.7181823e-04
  1.3789565e-03
 -4.9862214e-03
 -6.2391232e-03
 -7.0544769e-04
 -1.5142985e-05
 -2.9065644e-03
  1.6270766e+00
  1.6333207e+00
  5.2690792e-01
 -5.1309955e-01
  2.2914505e-01
  1.0286193e+00
  1.4244880e-01
 -1.2526387e+00
  7.6274508e-01
  2.5071731e-01
  2.3789793e-01
 -1.3434217e+00
 -4.7607743e-04
  3.0376944e-01
 -1.5439422e-01
  5.3908980e-01
 -1.1433755e+00
 -2.8964931e-01
  8.7591626e-02
 -3.9070597e-01
  1.4822868e-01
  2.8194912e-02
  2.6675084e-01
 -2.9685193e-01
 -5.5713373e-01
 -2.1493856e-02
 -1.4851640e-01
  2.6851274e-02
  1.8347351e-02
 -8.4608346e-02
  7.8613928e-05
 -1.9592167e-01
  3.7922893e-02
 -3.9387241e-01
 -2.4065165e-01
  9.3149943e-03
 -6.1485773e-01
  2.1891212e-01
 -2.0702363e-03
 -7.6511176e-03
 -1.7566704e+00
 -4.9688959e-01
 -4.0431373e-02
  2.9650680e-03
 -6.1905887e-02
 -1.2279624e-01
 -5.9800905e-01
 -2.6139426e+00
 -3.6671635e-02
  9.3583175e-04
 -1.0486417e-01
  4.5660950e-02
  1.5056557e-03
 -1.9261492e-03
  1.0847257e-02
 -3.7533760e-03
  6.6086501e-02
 -1.0772452e-03
 -7.6016411e-03
 -3.2573738e-04
 -2.4072065e-03
 -7.2466835e-02
 -1.2183834e-02
  7.9401938e-04
 -8.5492656e-03
 -1.3850721e-02
 -1.2239591e-02
 -2.6366904e-03
  6.7231106e-04
  4.1051893e-03
  5.1142662e-03
 -6.5182955e-03
  2.3182062e-03
 -1.6277005e-03
 -1.7777268e-03
  2.7215187e-03
 -2.5319172e-02
 -1.1434044e-03
 -4.8215673e-03
 -4.2437138e-03
 -2.0946729e+00
 -7.1827811e-03
 -1.9494214e-04
 -7.5589335e-03
 -6.2975939e-03
  1.6261333e-03
 -3.0225371e-03
  2.2646680e-02
 -5.5309832e-03
  2.3311463e-03
 -1.1354583e-02
  2.6062262e-04
 -1.4852369e-01
  7.0312093e-03
 -3.5926632e-03
 -1.7105174e-01
 -4.3245661e-03
 -3.3712434e-03
  5.6215408e-03
 -1.1586611e-02
 -1.0378922e+00
 -1.5089404e-03
  7.5086658e-03
 -2.6590948e-03
 -1.6361508e-01
  3.8677660e-01
  4.5907497e-04
  2.0953599e-02
  9.2541275e-04
  8.8338478e-04
 -5.4287007e-03
  3.3748946e-03
  8.7053161e-03
  8.8011322e-04
 -9.4237670e-02
  6.1327568e-04
  6.8702251e-03
 -5.1272660e-03
 -1.0838583e-02
  1.8920867e-02
  5.5674124e-01
 -1.3666743e-01
  3.1656048e-01
 -2.5147456e-01
 -7.7140254e-01
 -2.2434521e-01
 -9.2978615e-01
  5.6772465e-01
 -1.1249623e-02
 -3.2662213e-01
 -3.1984627e-01
 -1.0642730e-02
 -1.3994846e+00
 -7.3678335e-03
 -2.9643863e-02
 -5.0559276e-01
  4.2907007e-02
  1.0283600e-01
  4.1195661e-02
 -2.5028747e-01
  2.4089547e-01
  1.6642841e-02
  1.2312202e-02
 -1.1539408e-02
  3.2454390e-02
  9.1416808e-03
  6.2645460e-03
  3.3408715e-03
 -2.8974409e-03
  1.9214952e-02
  3.5596532e-01
 -1.6630311e-01
  3.4434006e-01
 -3.1150484e-01
 -1.4625097e-03
  4.6734981e-02
 -1.1747470e-01
 -3.1809530e-03
  1.1019149e-03
 -8.9131529e-04
  8.1066930e-01
 -4.1978564e-03
  3.1573088e-03
  8.6852713e-03
  8.1109963e-03
 -4.7919201e-03
 -1.5339075e-03
  4.4875140e-03
 -1.2873984e-03
  1.0911357e-02
  1.1868900e+00
 -2.9357272e-01
  3.0820800e-03
 -4.0051487e-04
  9.8997480e-01
  7.9939538e-01
  4.3703608e-02
  4.3921643e-03
  5.5842018e-03
 -5.5889850e-03
  2.7177727e-01
  3.7416141e-03
 -9.8346055e-02
  1.3184757e-03
  5.1448261e-03
  6.6494895e-03
  1.8311362e-04
 -4.9060886e-03
  7.9457639e-03
 -3.8927903e-03
  4.9216682e-03
 -4.5971810e-03
  3.1391924e-04
 -1.8556568e-01
 -2.4761276e-03
  8.9259725e-03
 -1.1472488e-02
 -6.6659348e-03
 -5.8656058e-04
  1.6023638e-02
  7.5589526e-03
 -2.1484338e-03
  2.5185139e-03
  5.0859391e-03
  1.2070121e-02
 -1.9377669e+00
 -2.3620385e-03
  3.5781050e-05
 -8.8691358e-03
 -5.8546016e-04
 -1.3616197e+00
  1.3476376e-03
 -4.5547415e-02
  9.8446876e-01
  1.8352596e-03
  1.6050173e-02
  2.3678881e-01
 -2.6002937e-04
 -1.6952708e-03
  1.9768465e-03
  1.1071281e-02
 -2.4512241e-04
  1.1257022e-03
  7.8965137e-03
  5.9546255e-02
 -5.0644623e-03
  1.0853564e-02
 -4.4967956e-03
  1.3141008e-03
  3.8028299e-03
 -7.1884850e-03
 -4.3490161e-03
 -2.0952696e-01
 -2.6693139e-03
  1.6146583e-02
 -1.9645337e-03
 -1.8929572e-01
 -1.3397568e-02
  1.3385070e-02
  7.0367130e-03
 -8.2839318e-03
 -7.7782199e-03
 -3.7157878e-03
  3.7519757e-03
  3.8131598e-01
 -5.0721271e-03
 -6.5834946e-03
 -3.3697629e-04
  1.4524318e-03
  7.2994237e-03
 -3.3343497e-03
  1.9706625e-01
 -5.7905491e-02
  1.4096797e-02
 -4.0447148e-03
  1.0164068e-02
  1.4843114e-03
  1.3243338e+00
 -1.4491321e-02
  1.4592560e-02
  2.6019083e-03
 -1.4551851e-02
 -6.4447382e-03
  8.1802923e-03
 -1.2042518e-03
  1.8950407e-03
  2.8261493e-03
  1.4491947e-02
  2.4455569e-03
  6.9104987e-01
  2.2229960e-02
 -2.3864072e-02
  5.7713222e-02
  2.4979321e-02
 -9.8732603e-01
 -7.3697403e-02
  5.9795719e-01
  5.1631862e-03
 -9.7011197e-03
 -9.8443090e-04
 -9.8458033e-05
  1.9977412e-01
 -5.5549288e-01
  1.1920445e-03
 -1.0409213e-02
 -7.8801788e-02
  1.2981951e-02
  1.5095490e-02
 -9.8202389e-04
 -2.4203353e-03
 -2.5645933e-01
  1.0354096e-02
  1.0938208e-02
 -2.1796909e-03
  1.8384174e-03
 -2.8712115e+00
  5.8671534e-02
  1.7736332e-03
 -1.0328240e-02
  1.7978786e-01
 -2.6849544e+00
 -2.0237756e+00
 -4.4494408e-01
  8.4609628e-01
  6.0837311e-01
  1.0194728e+00
  1.1903315e+00
  1.4258162e+00
 -3.0900998e-02
  2.4511798e-01
  8.2902774e-02
  6.1848569e-01
  1.5131419e+00
 -2.4815490e+00
  1.3375498e-01
 -1.9028388e-01
 -7.6120114e-01
  1.4915590e+00
 -1.1586488e+00
 -1.1481280e-01
 -3.0931726e-01
 -1.3925390e+00
  4.7274628e-01
 -2.7218589e-01
 -1.2655921e-01
  2.8513506e-02
 -2.4662551e-02
 -2.3685558e-01
  1.6476072e-02
  3.3841762e-03
 -1.8583838e-02
  5.7039382e-03
  3.2263073e-01
  9.7070158e-02
 -5.3382508e-02
  2.6094799e+00
 -3.3306903e-03
 -1.1110574e-03
 -8.2281912e-03
 -4.0077344e-03
  3.7820823e-03
  1.9876336e-01
  4.2327661e-03
  6.5469986e-04
  3.2443239e-03
 -1.2645866e-02
  9.6109502e-02
  4.0891850e-03
  9.1203302e-04
 -2.7008862e-03
 -2.8519644e-03
  3.8896829e-03
 -5.2683856e-03
 -2.0123247e-02
 -5.9713540e-03
 -3.9867517e-03
 -1.3512956e-03
 -1.9315366e-03
 -1.1671026e-02
 -5.1217177e-03
  1.5469252e-03
  3.9790762e-03
 -8.4979506e-03
  3.4295118e-03
  7.6280750e-04
  1.9602475e-04
  6.5905196e-03
 -7.1533374e-03
  7.3994547e-03
 -3.3382195e-05
 -2.0488596e-03
  4.1679395e-04
 -1.7275166e-03
 -5.2814004e-03
  6.3885853e-04
 -7.2615032e-05
  2.6677349e-03
  6.1386055e-03
 -4.8313593e-03
  7.0559913e-03
  8.8900898e-04
  2.6837635e-04
  2.5865754e-01
  2.7098283e-03
  8.6762860e-02
  8.4378049e-03
  1.0279042e-02
 -3.8109772e-04
 -5.9544592e-04
  2.0759916e-02
  1.5473825e-01
  4.3690979e-01
 -3.2773029e-02
  3.8592666e-01
  4.0124577e-01
  8.8035953e-01
  9.1372705e-01
 -3.6951583e-02
  6.0861191e-04
  1.4518246e-01
  1.4165882e+00
 -9.8808843e-01
  1.3132650e+00
  2.9471532e-01
 -2.8837975e-03
  5.3648192e-01
 -6.4883500e-02
 -2.5168374e-02
  9.5925266e-01
  4.3437937e-01
 -5.9283382e-01
 -1.7028691e+00
 -2.2085507e-01
  1.2650805e-02
 -7.8671676e-01
 -4.8064664e-01
  5.9666163e-01
  3.1534451e-01
 -2.7777796e-04
  9.7010820e-04
 -3.9034877e-02
 -9.1759372e-01
 -7.0735806e-01
 -5.2010965e-01
  2.8949624e-01
  5.0775635e-01
 -1.0989791e+00
  1.9720703e-01
 -2.4492701e-03
  1.0234094e+00
  3.1420127e-02
 -8.0394852e-01
  4.5415255e-01
  4.1253307e-01
  1.1428709e+00
 -2.3149467e-01
 -6.8846661e-01
 -1.6093801e-01
 -7.2380170e-02
  2.6033433e-02
  3.9650974e-01
 -8.8360196e-01
  8.0728185e-01
 -1.1746293e+00
 -3.4674123e-01
  7.5385268e-03
 -2.0079145e-01
 -1.1505997e-02
  8.1434976e-03
 -3.7720406e-03
 -1.0702080e+00
 -1.3044496e+00
  2.3740079e-01
 -3.6263131e-02
  9.5359609e-02
  1.7299853e-01
  2.1783357e+00
  4.1965768e-01
  2.1122233e-03
  2.0814426e-02
 -3.3328698e-03
  6.0724813e-01
 -2.2104217e-01
  8.7678032e-03
 -2.0027545e-01
 -1.7539679e-01
  9.1753566e-01
  3.2846752e-01
 -5.3429441e-04
  6.5985584e-04
 -2.6951465e-01
  6.6394252e-01
  1.3396033e-02
  4.0654056e-03
  3.3857534e-03
  3.5635621e-05
 -3.5967118e-01
 -1.1302875e-02
 -3.6834618e-03
  2.4811588e-02
 -1.7743023e-01
  9.9059439e-01
  2.5686151e-01
  4.3995481e-02
 -1.7442518e+00
 -3.6582327e-01
  3.1506646e-01
  2.2624166e-01
  5.2042257e-02
 -1.6412843e+00
 -7.8663969e-01
 -2.4461094e-02
  3.2610121e-01
  3.1918809e-02
 -4.3141502e-01
 -6.6468632e-01
 -2.0319562e+00
 -1.2655248e-01
  2.4163672e-01
 -1.6307938e+00
 -5.6449497e-01
 -2.2131181e+00
 -1.0310231e+00
 -5.6938501e-03
  3.4389079e-02
 -4.0251715e-03
 -5.7923943e-01
  7.7616191e-03
 -4.3784551e-02
 -7.0661241e-03
 -2.1135662e+00
 -7.2297192e-01
 -5.6648105e-01
  8.9023435e-01
 -2.3504247e-01
  1.6964791e+00
  1.2620679e+00
  4.6480370e-01
 -6.7359954e-01
  1.7204429e+00
 -9.8826515e-04
  2.5059471e-01
  9.2274845e-01
 -2.5203243e-01
  2.1907324e-01
 -1.8368788e-02
  1.2709637e+00
 -3.9879970e-02
 -4.1510537e-01
  6.6316962e-02
 -3.3699128e-01
  5.9613091e-01
  3.2140207e-01
 -3.0698240e-01
 -1.0521814e+00
  8.8589918e-03
 -1.1183689e-01
 -3.4122592e-01
 -4.5915809e-03
  4.0104243e-01
  1.1960564e+00
  2.6908028e-03
  7.6121017e-02
 -4.2630127e-01
  9.1801089e-04
  3.9179525e-01
 -8.3760489e-03
 -5.7416405e-03
 -3.2971683e-01
  1.2161455e+00
  1.0475677e+00
 -2.8548441e-03
  1.6037422e-01
  9.4219738e-01
 -9.4843637e-03
 -4.0069558e-03
  3.3162081e-01
 -4.5743802e-01
 -2.5384102e-03
  3.2281399e-01
  4.7812268e-02
 -6.0204533e-03
  1.5206640e+00
 -5.5331383e-03
  5.1746164e-03
 -1.4612685e+00
  1.6950434e-01
 -7.0475346e-01
 -1.0319574e+00
 -3.4525567e-01
 -4.3339893e-01
 -1.1249202e-02
  1.8524331e-01
 -2.3589037e-01
  1.4131923e-03
  1.5130153e-01
  3.4748759e-02
 -4.8722632e-02
 -1.1177839e+00
  3.3165735e-01
 -3.5939929e-01
  1.6017087e-02
  1.2432054e+00
 -8.4780264e-01
 -1.3920910e-02
 -9.4924711e-02
 -4.8205665e-01
  1.9967312e-01
  7.9165325e-02
  1.0551742e-01
  1.0253828e-01
 -2.5178424e-01
  5.0121021e-01
 -1.0096323e-01
  1.8575424e-03
  1.2824013e+00
  8.4318727e-01
 -1.0702871e+00
 -7.1590680e-01
 -1.7115433e+00
  4.2965584e+00
  3.8102883e-01
  1.8751186e-01
  6.8564214e-02
  5.6320441e-01
  3.4406438e-01
  1.1277457e-01
  1.2488596e-02
 -4.8217100e-01
 -5.0817478e-01
  4.2795008e-01
 -3.1936154e-01
  6.6457891e-01
  2.8733967e-02
 -1.1801913e+00
 -3.1843176e-01
  6.1766315e-01
  1.2853663e-01
  1.0787480e-02
  4.8348894e-03
 -1.4542872e-01
 -3.4602985e-01
  4.9650021e-02
 -1.8524023e-03
 -3.1662900e-03
  1.4663424e-01
  1.2236828e-01
  9.6026519e-03
  9.4026488e-01
 -1.3724394e+00
 -6.3403445e-01
 -7.0059788e-01
  2.0842810e+00
 -3.4045687e-01
 -5.3634860e-02
  6.8642646e-01
  4.2137945e-01
 -3.6973909e-01
  2.5433030e-03
 -3.1584720e-03
  1.2587376e-01
 -1.2701017e-01
 -5.2472192e-01
 -1.2678809e-02
  5.3162646e-01
  1.3613188e+00
  9.3207020e-01
  1.0124466e+00
 -1.9381021e-01
 -6.6830724e-01
  3.5039449e-01
  2.7122570e-03
 -3.5767335e-01
  2.4386798e-03
  7.9857552e-01
  1.4276231e-02
 -1.7359104e+00
  5.1414174e-01
  7.2318387e-01
 -3.3641076e-03
 -7.6435082e-02
 -4.4896084e-01
 -5.3621775e-01
 -6.6121292e-01
  7.4519444e-01
  1.6168572e+00
 -2.7577995e-04
  2.3037274e-01
 -1.1680390e+00
  4.1114184e-04
 -7.8295041e-03
  4.8322398e-03
  1.2371926e+00
 -1.2344885e-01
 -3.0743680e-03
 -2.0737086e-01
 -5.1380265e-01
 -2.8151627e+00
 -3.1796768e+00
 -2.6882070e-01
  1.4088554e+00
  2.4716966e-01
 -5.6425311e-02
 -2.5609788e-01
  4.2421234e-01
 -2.3232293e-03
  3.1168719e-03
 -1.8554734e-02
  3.7086079e-01
 -3.6746927e-04
 -7.9638088e-01
  7.8636402e-04
 -2.9994589e-01
  7.4879748e-01
  1.6598510e+00
 -8.4364992e-01
  6.7401397e-01
  1.0940831e+00
 -1.5637184e+00
  4.0209424e-03
  7.7197188e-01
  5.1572219e-02
  8.7672733e-03
  8.2518969e-04
  2.0188691e-01
 -1.2518722e+00
  2.8273864e+00
  5.8172680e-03
  3.1849447e-01
  3.0667141e-01
 -5.2336645e-01
 -2.9260829e-01
  3.9487952e-01
  8.7792598e-02
  2.2400977e-01
  7.7528797e-02
  9.7481483e-01
 -9.8399976e-03
 -1.6524591e-02
  5.5755401e-04
  5.7105494e-01
  1.2581216e+00
 -2.6622340e-01
 -1.1162656e-01
  9.4077605e-01
  7.0619053e-01
 -7.8885019e-01
 -1.2031783e+00
  9.8320329e-01
 -1.5581949e+00
 -7.1686488e-01
 -1.2789351e-01
 -4.6441785e-01
  6.3901306e-03
  8.6596650e-05
 -1.7100999e-02
  1.6768606e-02
  1.5582362e+00
  3.6983779e-01
 -3.4068543e-03
 -1.5902619e+00
  3.3035100e-01
 -1.1728916e+00
 -1.0891300e+00
 -5.7293791e-01
 -4.0504709e-01
 -6.6373493e-03
 -1.0961097e-01
  1.4120804e+00
 -7.0281690e-01
 -7.6745309e-02
  1.2653135e-01
 -3.3266222e-01
 -1.9601654e+00
  1.7475092e-01
  3.1137955e-01
 -2.3224120e+00
 -2.1142286e-01
  2.6637882e-01
 -2.3801365e+00
 -3.5631087e-01
  7.7370566e-04
 -2.0176069e-01
 -3.5422011e-03
  2.3293801e-02
 -2.1592103e-01
 -9.9254662e-01
 -1.1553591e-02
 -5.4645713e-02
  1.5613271e-01
  5.6372406e-03
  1.7689456e-03
 -4.3658298e-01
 -2.4868847e-01
 -5.0099999e-01
 -5.3138548e-01
 -1.0790824e+00
 -1.6003838e-02
  3.5924250e-03
  1.0577922e-03
 -1.0629123e+00
  8.8965023e-01
  2.1538082e-01
  1.1361112e-01
  1.8008538e-02
  1.4434966e+00
  2.3026368e-01
 -2.0493436e+00
 -4.6172950e-01
  4.2088515e-01
 -7.1172637e-01
 -1.1397325e+00
  4.8776537e-01
 -1.6026895e-01
 -2.4291305e-01
 -3.3191394e-02
 -1.5959121e+00
 -9.7642854e-02
 -6.3100636e-01
 -1.4577632e+00
  4.9703684e-01
  8.7301886e-01
  4.1935447e-01
  1.1142483e-02
  1.5430657e-02
 -6.2960249e-01
 -7.4586535e-01
  1.7450724e+00
  1.3795618e+00
 -6.0577583e-01
 -1.1641071e-02
  7.5068818e-03
  2.1555746e+00
  1.2687972e+00
  2.4834934e-01
  1.8126132e-01
  2.1586156e+00
  1.7878842e-01
  1.4408744e-02
 -2.7753404e-01
  1.1783775e+00
 -7.6751679e-01
  2.9832673e-01
 -2.4863188e+00
  1.1471862e+00
  7.1410066e-04
 -2.6509126e-03
 -1.9617459e-01
  7.0254433e-01
 -5.4625881e-01
  5.4088461e-01
 -7.6115286e-01
 -4.2063385e-01
  9.7918934e-01
 -6.7019886e-01
 -5.6139828e-04
  8.1138745e-02
 -1.7601433e+00
 -4.0247571e-02
 -1.4392718e+00
 -6.0570461e-01
  8.5867941e-03
 -4.4987878e-01
 -3.9236654e-02
 -1.2979001e+00
  2.7798636e-02
 -8.9986563e-02
 -1.0502005e+00
 -2.5444713e+00
  2.5532094e-03
  1.0857081e+00
  1.1678815e-02
  3.6198005e-01
 -4.1661039e-01
 -5.3896558e-01
 -7.1258605e-01
  1.5895842e+00
 -3.5650855e-01
 -1.0918474e-02
 -6.1239116e-03
 -9.9201697e-01
 -1.8846205e-01
 -3.5678744e-01
 -2.2927095e-01
  4.2772493e-01
 -7.7160877e-01
 -4.3402418e-01
  1.8692501e-02
 -7.5876182e-01
 -1.3127935e+00
 -1.5138291e+00
  1.0393769e+00
  1.4158967e-01
 -2.4054319e-01
 -1.2433355e+00
 -4.9131149e-03
 -3.6056519e-01
  4.3883935e-01
  1.0908448e-01
  1.3289843e+00
  8.5398090e-01
  1.5772895e+00
 -8.5635036e-01
  3.6705889e-02
 -5.4882437e-01
 -2.4514645e-01
 -2.0113561e+00
 -1.1271809e+00
  1.4851912e+00
 -9.3633525e-02
  3.7705821e-03
 -5.1368695e-02
 -4.2390674e-01
 -1.5863609e+00
 -7.2838604e-01
  1.0359880e-01
 -3.0343589e-01
  4.5607814e-01
  7.7550434e-02
  5.6366044e-01
  3.2669595e-01
  2.0925146e-01
  1.1575455e-01
 -6.8822998e-01
  2.1442924e+00
 -9.7169848e-03
 -1.9007290e-03
  6.2112832e-03
  2.2236893e-03
  1.9646662e-01
 -2.1828145e-04
  4.2476053e-03
 -1.6723791e+00
  1.3477370e-01
  6.8345410e-03
  1.0335883e-03
 -4.8312300e-01
 -1.1409020e-01
 -3.5156657e-03
 -7.7948947e-03
 -1.3196681e+00
 -9.7275525e-03
  8.0717099e-04
  3.3593995e-03
 -1.1442871e+00
 -1.0047532e+00
  5.8920920e-04
 -4.7227037e-01
 -6.8848759e-02
  3.1185615e-01
  2.6282278e-04
 -5.0851083e-03
 -2.5136957e-01
  1.1049811e-01
 -2.9929119e-01
  1.9844782e-02
  1.8098763e-01
 -4.7737737e-03
 -7.7356156e-03
 -7.2916932e-03
 -1.0761081e-01
  3.5760498e-01
  9.7813392e-01
  9.8167025e-02
 -6.1213218e-02
  3.2673758e-01
  1.9374254e-01
  6.0440199e-03
 -9.8434940e-02
 -5.1432920e-01
 -8.5828185e-01
  6.7015941e-04
 -5.7929653e-01
 -5.5769797e-02
  7.5472024e-04
  1.2989236e-02
 -4.1004643e-01
  1.3280696e+00
  5.7740286e-03
 -3.4529838e-01
  2.8487639e+00
 -3.7767529e-01
 -1.2662958e-01
  1.4730911e-03
 -1.1459699e+00
  7.1784157e-01
  1.1492807e-01
 -7.3947829e-01
  4.2414805e-01
  4.1305856e-03
 -2.6069339e-03
 -2.1968670e-02
 -5.0656530e-03
 -1.8471251e+00
 -2.3040130e+00
 -2.5438923e-01
 -1.5810601e-01
 -3.5028654e-01
 -2.6868522e-02
 -6.7793997e-03
 -1.2462380e+00
 -1.6612593e+00
 -1.5147279e-01
 -2.9095539e-01
 -4.1899291e-01
 -2.1491043e-02
 -9.6624168e-03
 -1.0625558e-02
 -1.8914947e-03
  1.9539574e-01
 -9.9234432e-03
  4.7663283e-02
 -6.4048219e-01
  6.4943212e-01
  1.0981145e-01
 -7.9743064e-04
  1.5938810e+00
  7.9754645e-01
 -2.0854741e-01
 -4.1932561e-03
 -1.6515529e+00
 -4.4222441e-02
  2.2509408e-03
  1.3892300e-03
 -2.4492035e-02
 -3.1211296e-01
  4.6308419e-01
  2.2378340e-03
 -1.6722217e-01
  1.5300066e+00
 -3.9839640e-01
  1.7034539e-03
  2.7469704e-01
  1.7546245e-01
 -8.4506989e-01
 -3.0963764e-01
 -1.8986680e-02
 -1.0761436e-01
 -2.1438138e-03
 -6.9503045e-01
 -1.6340499e-03
  1.6521788e+00
 -2.5892925e-01
 -1.7031559e+00
  8.1689715e-01
 -8.2528341e-01
  6.1478086e-02
 -9.5471479e-03
 -9.6838593e-01
  6.0173106e-01
 -8.1455104e-02
  2.3032190e-01
 -2.9572877e-01
 -2.5764579e-01
  2.3701255e-01
 -4.1634429e-01
  2.8881663e-01
 -5.1988740e-02
 -7.5387049e-01
 -3.1647015e-01
  9.6589869e-01
  2.1053592e-02
 -1.2841933e+00
  1.4652315e-02
  1.6256566e+00
 -1.3407717e+00
  2.3635793e-03
 -5.0615656e-01
  1.1362685e-01
  4.2276219e-01
  1.8904586e-01
 -6.5085511e-03
 -8.5053253e-01
 -3.0506578e-01
 -3.7256874e-02
 -5.8609437e-02
  5.0529689e-01
 -2.2944261e-03
  1.9083474e-03
  2.8862210e-03
  6.7206666e-02
  1.8105934e+00
  7.9968292e-03
  4.2690894e-01
 -1.0193942e+00
  5.3182316e-01
 -2.5197339e-01
 -7.5469357e-01
  1.1704561e+00
  2.9165870e-01
  8.6192447e-01
  3.8826704e-01
  3.6810082e-01
 -2.4587508e-01
  3.7904573e-03
  2.5631333e-02
  1.2127808e+00
  6.8142492e-01
  7.7596033e-01
 -6.4506775e-01
  2.2277048e+00
  3.0109909e-01
 -4.6509412e-01
 -8.1351168e-02
 -7.0883252e-02
  1.1368910e+00
 -2.1062298e+00
 -1.5076408e+00
  1.2283870e+00
  4.3732104e-01
 -4.7538725e-01
 -9.4511500e-03
  4.0375784e-01
  5.8585536e-01
  5.5035585e-01
  5.6299251e-01
  1.6572827e-01
  1.3623424e-01
  1.5971512e-02
  2.6591250e-01
 -1.8174186e+00
 -4.9517894e-01
  2.6448414e-01
  4.0172258e-01
  6.1764824e-01
 -4.5698771e-01
 -8.3845537e-03
  3.4610452e-03
  2.0119691e+00
  8.0190015e-01
  8.8820350e-01
  1.1754798e+00
 -1.4056138e+00
  1.0571213e+00
 -3.3205098e-01
 -5.2921849e-01
 -1.1446313e+00
  1.1985741e+00
 -3.0029625e-01
 -1.1301665e+00
 -6.4907694e-01
 -3.8076710e-02
 -5.1873114e-02
 -7.7611249e-04
 -1.9195559e+00
  5.6151301e-01
 -1.9491948e-01
 -9.9498111e-01
  1.7603472e-01
 -6.2504286e-01
  6.6599362e-03
  1.9223628e-03
  8.4797460e-01
 -1.3543763e+00
 -5.7437718e-01
 -1.3227754e+00
  5.3989100e-01
 -8.6720562e-01
 -2.3242736e-02
  5.5638244e-03
 -5.2403294e-02
  1.5179530e-01
  8.8425004e-01
  4.4482586e-01
  2.0415749e-01
  4.0519479e-01
  8.6927390e-01
  1.2359688e+00
  3.8495758e-01
 -3.1590304e-01
  2.5403243e-01
  6.1142206e-02
  3.2822415e-01
 -1.3154645e-01
 -6.3285837e-04
  2.2989471e-02
  4.2460594e-01
 -1.5254784e+00
  1.6340595e+00
  1.0252949e+00
 -5.6036466e-01
 -3.4516928e-01
  8.3335596e-01
  5.8102471e-01
  6.7265725e-01
 -2.1786740e+00
 -1.1273029e+00
 -4.6443725e-01
  1.5593587e+00
  5.2600163e-01
  6.2307268e-01
  5.4631457e-03
  1.0116744e+00
  1.1263123e+00
  3.6770907e-01
 -5.6551147e-02
 -1.5721660e+00
 -9.3657660e-01
 -3.5262987e-01
  2.4266837e-03
 -6.5144134e-01
 -1.3296320e+00
 -7.9119541e-02
  3.0080765e-02
  8.8559516e-02
  8.4847592e-02
  1.7803672e-01
  5.9270808e-03
 -1.2441622e+00
  8.8777316e-01
  2.8360274e+00
  5.1929063e-01
 -1.0877976e+00
 -3.7687652e-02
  4.6775457e-03
  5.0797244e-04
 -1.0731683e+00
 -5.4958154e-04
  1.2342803e-03
 -8.0934865e-03
 -1.0121962e-01
 -1.6075981e+00
 -5.7231311e-02
 -1.1875545e-01
  7.2141969e-01
 -1.6907986e-02
  1.6198377e-01
 -1.0745350e-02
 -5.0070816e-01
 -7.9336810e-01
 -4.1065685e-02
 -1.1357232e+00
  7.7732277e-01
 -9.4155341e-02
  2.7178720e-02
  8.9475358e-01
 -1.9949692e+00
  8.9724086e-02
  7.6172107e-01
  9.6958041e-02
 -1.4539189e+00
  1.3317852e-01
  1.6860574e+00
  4.2088276e-01
  2.5449559e-01
  1.5705054e-01
  5.7784639e-02
  7.2122663e-03
  2.2930905e-01
 -7.1796519e-01
 -9.2196202e-01
 -7.6436234e-01
  2.2436135e+00
  2.0410009e-01
 -1.7582506e-02
  5.3439066e-03
  2.0375451e-01
  1.2233825e-01
  1.4923593e-01
  7.2272903e-01
  1.3004295e+00
 -5.8164629e-03
  2.3416332e-03
  8.8175356e-02
 -1.0610567e+00
  1.4956564e-03
  9.4393179e-02
  1.9824022e-01
  7.9943544e-01
 -7.7012831e-01
 -1.2831549e-03
  2.9149737e-02
  9.4514149e-01
  1.5028407e-01
  4.3400612e-01
  3.4517366e-02
  3.7488890e-01
 -1.2957047e+00
 -2.1152890e-01
 -3.6586183e-01
 -5.5604839e-01
  1.2321947e+00
 -5.4847926e-01
 -4.4446093e-01
 -1.1053070e-01
  3.3548531e-01
 -2.0751116e+00
  3.8921711e-04
  1.2605807e+00
 -9.6625763e-01
 -5.3078854e-01
  1.8289061e+00
 -1.7569572e+00
 -2.6346346e-02
  3.0515435e-01
  3.3823138e-01
 -8.5017377e-01
  6.4358509e-01
 -1.5131819e+00
 -1.3681989e+00
  2.9517055e-01
 -2.8363826e+00
 -1.5422083e+00
  4.3827975e-03
  3.2505566e-01
  6.8753761e-01
 -1.5932595e+00
  9.4811231e-02
 -1.6613512e+00
 -3.2040265e-01
 -1.0274606e-01
  5.3910807e-02
 -1.2658184e+00
 -1.0180134e+00
  1.2460015e-01
 -1.9923554e-01
  4.4096833e-01
 -4.0308374e-01
 -7.9841398e-02
  1.1756127e-02
  1.4529254e+00
 -8.9637655e-01
  1.2426554e+00
 -3.1665844e-01
 -6.6073918e-01
  2.8825059e+00
 -4.9329817e-01
 -5.8434613e-02
 -4.5191494e-01
  7.5657588e-01
  2.1294849e+00
  1.0372593e+00
 -6.4636511e-01
 -6.7419297e-01
 -4.5762789e-02
  1.1755913e-03
  1.9494073e-01
  1.5804699e-01
  1.1508986e+00
  7.2265571e-01
  2.4752396e-01
 -3.4290388e-01
 -1.9086514e-03
  6.2527323e-01
 -7.8596277e-03
 -5.6802247e-02
 -5.5737626e-03
 -6.9427304e-02
  1.3051008e+00
  4.4162714e-01
 -2.1298079e-02
  1.0643781e+00
  5.8576399e-01
 -1.5300004e-01
 -5.2045381e-01
  4.9222928e-01
  2.3352556e+00
 -5.7500463e-02
 -5.5337825e-04
  2.5453971e-04
  4.1201359e-01
 -6.9187260e-03
 -1.3628247e-02
 -5.7933531e-03
  5.5543534e-03
 -1.0191221e-02
 -1.5541572e-03
 -2.2248114e-03
  1.3929591e+00
 -3.5181442e-01
  6.0125496e-03
  1.3375512e+00
  3.4110411e-03
  3.6294413e-01
 -2.9022565e-01
  1.4277121e-01
  1.0137914e+00
 -2.7116504e-01
 -2.8081846e-03
 -3.6224359e-01
 -1.6012432e-03
  7.0272826e-02
 -9.8286131e-03
  6.9167506e-04
  8.6879629e-01
 -1.7125229e+00
 -4.1842940e-01
 -3.6716455e-01
  2.1871504e-01
  1.4364344e+00
 -1.5232968e-01
  4.8698491e-01
  4.4956252e-01
 -6.1858791e-01
  4.1237543e-03
 -1.1928333e-03
  3.8419479e-01
  7.2496921e-01
  1.7603497e-03
  9.6892868e-04
 -1.8847376e-02
 -2.8201118e-01
  1.0366666e-01
 -1.3168279e+00
 -7.7919495e-01
  4.5220717e-03
 -1.9255222e-01
 -1.6568431e-03
 -2.2260911e+00
 -8.9800453e-01
 -8.2111277e-04
 -1.9816054e-01
  4.0101719e-01
  1.3836432e-01
 -3.6424279e-02
 -2.2679737e-02
  1.9822235e+00
 -1.4489789e-01
  2.2592852e-01
 -4.7287771e-01
 -7.9965270e-01
  6.5894723e-01
  7.3963296e-01
  5.4931760e-01
 -1.5810394e-01
 -1.1742419e+00
  7.9339528e-03
 -1.2481378e-03
 -2.2756980e-01
  6.9012702e-02
 -6.2860668e-02
 -1.0503070e-02
  7.4837066e-02
  4.5992771e-01
 -7.0564336e-01
 -1.0861893e+00
 -2.1304323e-01
  1.5982080e-01
  1.9424042e-01
  2.4430797e-02
 -4.5929381e-01
 -6.1312627e-02
 -2.3376318e-03
  5.0452254e-03
 -8.5756868e-02
  5.0307298e-01
 -8.5255861e-02
 -6.7744963e-04
 -5.1698871e-02
  2.4523668e-02
  3.7268206e-01
 -1.7975633e-01
  2.4067829e+00
 -2.4274722e-01
  1.5907252e-03
  2.5074109e-02
 -6.0877985e-01
 -5.6210726e-01
 -1.4186354e-03
 -4.3129876e-02
  1.1659052e+00
 -5.4595262e-01
 -1.2491291e-02
  9.8165637e-03
  1.5297942e+00
  1.4618965e-02
 -1.0951501e+00
  5.4131722e-01
  5.5737513e-01
 -9.1988683e-01
  3.0243930e-03
  2.4354624e-02
 -1.3476101e+00
  2.2380413e-02
 -1.3111637e-04
 -8.3447929e-04
  5.2464229e-01
 -6.2694389e-01
 -2.6843673e-02
  2.4451893e-03
  3.6060968e-01
 -9.6808016e-02
  2.6213085e-02
 -1.0811579e+00
 -2.8741348e-01
  4.4417357e-01
  1.5584077e-01
 -9.4646728e-01
 -1.2010053e-01
 -1.0884517e+00
 -3.0310385e-02
 -1.6375946e-02
  2.2983382e+00
 -1.6110666e+00
 -2.0511112e+00
 -6.2426361e-03
  1.9133289e+00
  1.7577501e-01
 -4.5582321e-01
  5.2701795e-01
 -9.4391805e-01
  5.6896652e-03
  4.9262848e-03
 -1.2469554e-02
  1.3396930e+00
 -5.0932099e-03
  7.1321293e-03
  5.9417114e-03
  3.5752207e-01
 -8.0892831e-02
 -1.4515325e-01
 -1.1311765e-03
  4.2383024e-01
  7.5118381e-01
 -4.0557212e-01
 -3.1791132e-02
  1.9592773e+00
  1.7861661e-01
 -1.7753270e+00
 -1.0830194e-01
  2.1396086e-01
 -5.9794378e-04
 -3.5920449e-02
 -1.9127438e-02
 -8.5494554e-01
  7.8146517e-01
 -1.8226988e+00
  5.7578655e-03
  6.1472690e-01
 -2.3178411e-01
  6.8868399e-02
  1.3593069e+00
  2.7884778e-01
  3.3625498e-01
  9.7411357e-02
  1.9719221e-01
  7.7290177e-01
  6.2856543e-01
 -1.0382351e-02
 -1.6689727e-01
  5.4053996e-02
 -8.5497987e-01
 -2.3179203e-02
 -1.0255474e-02
 -6.6874766e-01
 -4.8961958e-01
 -3.5059908e-01
  1.3042029e+00
 -8.7224352e-01
  1.8323733e-02
 -1.2279154e-02
 -7.5748128e-01
 -1.8744371e+00
  2.3768188e-01
  2.8089096e-03
 -1.5487106e-03
 -6.6311949e-01
  1.0524729e+00
 -2.6750714e-01
 -1.5845197e-03
  1.5147583e+00
 -2.6638472e-01
  7.9267389e-01
 -5.7817179e-01
  5.3612143e-01
 -9.2596269e-01
  6.6039018e-02
 -1.0484641e+00
  3.8777626e-01
 -4.3124676e-01
  3.1135702e-03
 -3.3909917e-01
 -1.3587175e-01
  1.0148729e+00
 -2.7481775e+00
 -9.2774043e-03
  3.0456910e-01
  3.4006715e-02
 -2.0002351e+00
  5.7786369e-01
  2.9706556e-01
 -7.8887177e-01
  9.2772435e-04
  1.0883809e-03
  1.4484146e+00
  4.5240465e-01
 -3.7080274e-04
  1.4055936e-02
  1.3209513e+00
 -2.9004407e-01
  8.6800096e-04
  8.5580228e-03
  3.8382673e-01
 -9.3912343e-03
 -6.6760647e-01
  1.5826801e+00
  7.2744302e-02
 -7.3665732e-01
 -6.3198380e-02
  1.0237005e+00
  1.1383659e+00
  7.0893323e-01
 -1.2677914e-01
 -8.4025478e-01
 -3.6114737e-01
  4.1963735e-01
 -6.9849575e-01
 -2.8398415e-04
 -7.9231578e-01
 -8.9204445e-02
 -3.7437794e-01
  6.7956758e-01
  3.0210739e-01
 -2.1487321e-01
  4.3053445e-03
  2.7630144e-01
 -1.8244797e-01
  6.1447207e-02
  1.8884677e-02
 -8.1821345e-03
 -6.8029976e-01
  8.7072343e-02
  1.9542053e-01
 -2.3633521e-03
  1.5710889e-01
  5.8830454e-04
  5.9177750e-01
 -3.7124977e-01
  2.9241273e-01
  3.0200967e-01
  9.9821454e-01
 -1.5205115e-01
 -1.2403901e+00
  8.3471709e-01
 -5.0022546e-03
 -8.3858991e-01
 -1.9344221e+00
  4.3723130e-01
  1.9020364e-01
  8.8656938e-04
 -2.4960068e-01
  2.8850281e-01
 -6.5942844e-03
 -1.5739736e-01
 -9.7059292e-01
  1.3466275e-01
  2.6962417e-03
 -3.4716167e-03
 -3.6774170e-02
 -1.3070198e-03
  6.3247001e-03
  1.6862449e-03
  2.0188880e-03
  1.8813123e-03
 -5.5450160e-04
 -2.2277352e-03
  2.9790297e-03
 -1.2448392e+00
  9.3362564e-01
 -1.1283489e-01
 -7.4059237e-03
 -1.6663669e-01
  1.8693436e+00
  6.4700563e-03
  3.9341053e-01
  1.4383183e+00
 -3.0702734e-03
 -7.0602077e-01
 -1.4598380e+00
 -6.7883164e-01
  8.6119743e-03
  3.3199731e-01
  1.1861814e+00
 -3.1654716e-01
 -8.1091607e-01
  6.0074049e-01
  5.1640970e-01
 -2.0111821e+00
  1.2902228e+00
 -4.2502064e-01
  3.7550285e-01
 -4.8560077e-01
  5.2013928e-03
 -9.4745739e-04
  6.5597862e-01
 -2.3007904e-01
 -1.2010825e-03
  2.5922048e+00
  1.3360577e+00
  8.2528687e-01
  1.0055770e+00
  5.1019073e-01
 -7.6141393e-01
 -1.2396298e-01
 -2.9140513e-02
  1.3947804e-03
 -1.3653775e+00
  3.6178613e-01
  1.4786640e-01
 -1.9214383e-01
  4.2539067e-03
 -3.6976010e-01
  3.7668802e-02
 -3.5239811e-04
  4.2584968e-01
  1.1319596e+00
  9.7353077e-01
  6.0545427e-01
  4.9678075e-01
  1.4254984e+00
  3.3117630e-02
 -1.1008691e-02
 -6.5024877e-01
  5.8605593e-01
  1.0451615e-02
 -1.3452546e-02
 -1.0220062e+00
 -1.2158448e+00
  6.4918953e-03
 -2.7868038e-03
  5.4919595e-01
 -5.0304645e-01
 -6.5168577e-01
 -2.4835946e-02
 -1.0294040e-03
  9.6098912e-01
  1.1908650e+00
 -6.0566765e-01
  4.9940988e-01
 -1.1640828e-01
 -1.2853915e-03
 -1.1460834e-01
 -8.6218424e-02
 -4.7349021e-02
  1.1096008e-02
 -1.1194454e-02
  2.3616230e-01
 -5.1965791e-01
  1.6278915e+00
  3.5640582e-01
  3.0128002e-02
 -1.9757617e-03
 -3.1779429e-01
  7.2474353e-02
  2.3507136e-01
  4.3311425e-02
  2.6957921e-03
 -3.5974589e-01
 -9.5187023e-02
 -5.3734529e-01
 -1.9809797e-03
 -3.7474383e-03
  1.6939484e-01
 -4.8463511e-01
  1.9952500e+00
  2.0801237e+00
 -4.3079242e-01
 -1.9983260e-01
  3.3377564e-01
 -3.4655835e-02
 -5.7470638e-01
 -2.7031001e-01
  1.9463899e-02
  6.6062394e-03
 -2.7167886e-01
 -1.3006717e-02
 -4.0457421e-03
 -2.1839582e-03
  1.5686793e+00
  2.8019741e-01
  2.5334889e-01
 -4.0507644e-01
 -5.8308548e-01
 -5.3977877e-01
 -8.2454205e-01
 -3.7285489e-01
  9.5970452e-02
  1.8316016e-01
  2.2942647e-02
  1.0602614e+00
 -3.3972529e-01
 -1.1244242e-01
  2.3967165e-02
 -4.4655344e-03
  2.9256466e-01
  2.5164908e-01
  1.1239392e-01
 -3.0332637e-01
 -1.3774103e-01
 -2.3019046e-02
 -8.1222970e-03
  2.9614106e-01
 -2.1062944e+00
  3.0333383e-03
 -1.8719284e-01
  1.5814669e-03
  1.0075022e-03
  1.3216843e-01
  4.0347583e-04
 -1.3693944e-03
  2.8545456e-02
 -2.0171318e-02
  1.4195117e-04
 -7.8025591e-01
 -1.1985147e-02
 -6.9692796e-01
 -6.7027949e-02
 -2.4812692e-01
  1.0585353e+00
  2.7781323e-01
  1.9865032e-02
  1.0833106e+00
 -1.5107952e-01
 -2.6175505e-01
 -7.2266208e-05
 -8.1848893e-03
  1.4352216e-01
 -7.6600677e-01
 -2.0506477e+00
 -5.1859327e-02
  9.0945616e-02
  4.2745197e-01
 -6.8688399e-01
 -4.2392594e-01
  6.1823124e-01
  1.7437594e-01
 -7.7342051e-03
  1.1844632e-01
 -7.3081695e-02
 -7.3456918e-03
  3.7558071e-04
 -4.1257199e-03
  7.7648896e-01
 -3.7333971e-01
 -7.4544317e-01
 -7.4694812e-01
 -3.6625385e-02
 -1.7329228e-01
  2.1191272e-01
 -1.1460471e-02
 -1.2582505e-01
  3.9618183e-03
  2.4794575e-03
  1.9725674e-01
 -1.1135095e-03
 -2.1186207e-01
  3.4113422e-03
  2.0644225e-03
 -1.0550216e-04
 -5.3956115e-01
 -2.0689376e-02
  9.1968495e-01
  1.6342046e-02
  1.7406014e+00
 -5.5926609e-01
 -6.5865070e-01
 -6.8638325e-02
  2.7173969e-01
  3.0418930e-03
  5.6723720e-01
 -8.2177538e-01
  9.4951633e-03
  6.6624388e-02
 -3.2832756e-04
 -5.2287447e-01
 -6.3748944e-01
 -2.8458315e-01
 -1.4955819e-03
 -1.0834893e+00
 -7.5094372e-01
 -5.3579593e-01
 -2.1061949e-01
  8.7687749e-01
  4.0760300e-01
  1.0277424e-02
 -1.1895777e-03
  2.0503967e-01
  7.4129534e-04
 -1.0287187e-03
  2.1571782e-03
  7.4066794e-01
 -3.2814708e-01
  1.2088861e-01
 -1.2501988e+00
 -8.7569416e-01
 -1.4972098e+00
  2.2076993e-01
 -9.7846198e-01
  4.5334321e-01
  2.1103861e-02
  2.2217475e-03
  7.7328879e-01
 -8.0128974e-01
  3.0515119e-01
 -2.0200973e-03
  7.7010109e-03
 -1.3327034e+00
  1.3562415e-02
 -3.5962924e-01
  8.4723300e-01
  6.8836093e-01
 -1.2941235e+00
  5.5064544e-02
 -4.6094009e-01
  2.5049257e-01
 -4.1985385e-02
  2.0098016e-03
  7.1391114e-03
  3.3892661e-01
 -6.5267079e-02
  2.5186946e-03
  1.2385792e-02
  3.9982495e-01
  2.3913156e-02
 -5.0562906e-01
  2.7647915e-01
 -4.6979595e-02
  4.9630997e-01
  4.4826087e-02
  3.7075669e-01
 -5.3005850e-01
 -8.4383861e-04
  4.8552433e-01
  1.9496974e-01
  1.5633000e+00
 -1.1539679e+00
 -6.4036286e-01
 -1.6815701e-03
  8.6544794e-01
  9.0718776e-01
  6.2495267e-01
 -8.4187366e-02
 -7.5992882e-01
 -6.6254297e-03
  1.3207833e-03
  1.1648672e-02
 -6.6777202e-04
 -8.0742699e-04
  2.5940789e-03
  2.0379012e-03
 -8.4378511e-01
  1.3822017e-03
 -5.7024729e-02
  3.4588189e-03
  1.1492810e+00
 -1.2021442e-01
 -1.8725486e-01
 -1.5268643e+00
  1.5357295e-01
 -1.9989794e-01
 -1.4697875e-04
  2.1279451e-01
 -7.0575043e-03
  3.1459060e-01
  3.4621307e-01
  1.1212080e+00
 -7.6509315e-01
  1.3470232e+00
 -8.2727835e-02
  8.1066629e-03
  1.1561309e-01
  1.1684987e-01
  7.8361171e-01
  3.5627493e-01
  3.7500682e-01
  6.7501096e-03
  6.6831148e-01
  1.0638049e+00
 -4.7907060e-01
  1.1333955e-02
  9.2914226e-03
  6.5254070e-02
  1.6757157e-03
  7.7683705e-01
  8.2832472e-03
  3.3214034e-03
  3.5234302e-01
 -6.8479323e-01
 -4.7007245e-01
  1.3189688e+00
 -3.5705009e-01
 -4.4281572e-02
 -2.0037505e-03
  6.6594207e-03
 -9.3531948e-01
  1.0325828e-02
  1.2945516e-01
 -2.1306844e-02
  6.5249193e-01
 -9.4569278e-01
 -7.0369583e-01
 -6.6868085e-03
  1.5274047e+00
 -1.2324273e-03
 -7.6183647e-01
 -1.3658230e+00
 -3.7893260e-01
 -8.2592833e-01
  2.2202015e-02
  1.3315165e-03
 -6.3880861e-01
 -9.8840430e-02
  5.9517998e-02
  4.0290847e-01
 -2.0360289e+00
 -7.2335899e-01
  1.2263590e-02
  4.6921354e-03
 -1.5638597e-01
  8.8175148e-01
  1.2035178e+00
  3.5670877e-01
 -5.0108384e-02
 -1.6431549e+00
  2.7364293e-01
  1.6843632e+00
  7.5139099e-01
  2.3551702e-01
  1.0123484e-02
 -1.6861393e-01
  1.2984368e+00
 -6.4634010e-03
 -9.6083874e-01
 -7.4856088e-04
  6.0201144e-01
  3.7008619e-01
  1.8284024e+00
  8.7885165e-01
 -4.5959470e-01
 -9.2820853e-01
 -9.8223783e-02
 -3.9078474e-01
  8.0568761e-01
 -3.9168775e-01
  3.3790818e-01
  9.6363463e-02
  8.9074039e-01
  5.3451878e-01
 -6.8076354e-01
 -5.5223826e-04
  8.0994773e-01
 -6.4178431e-01
  5.6251043e-01
 -2.0876594e+00
  2.0419122e-01
 -1.3314723e-02
  6.3339561e-02
  1.1707729e+00
  2.8942281e-01
 -3.2495400e-03
 -3.2355650e-03
 -9.8018884e-04
  4.5346905e-02
  1.5423604e-02
 -1.9468626e-01
 -8.3420649e-03
 -1.3495088e-01
 -9.6426016e-01
 -6.3648796e-01
 -9.3716264e-01
  1.1223576e-01
  4.2859793e-02
  4.2859793e-02
  4.2859793e-02
  4.2859793e-02
  4.2859793e-02
  2.1534939e-01
  2.1534939e-01
  2.1534939e-01
  2.1534939e-01
  2.1534939e-01
  1.1986069e-01
  1.1986069e-01
  1.1986069e-01
  1.1986069e-01
  1.1986069e-01
  5.4790903e-02
  5.4790903e-02
  5.4790903e-02
  5.4790903e-02
  5.4790903e-02
  1.6075475e-02
  1.6075475e-02
  1.6075475e-02
  1.6075475e-02
  1.6075475e-02
  1.3338973e-01
  1.3338973e-01
  1.3338973e-01
  1.3338973e-01
  1.3338973e-01
