nep4 4 Li La Zr O 
cutoff 6 4 95 30
n_max 4 4
basis_size 8 8
l_max 4 2 0
ANN 30 0
  4.1012806e-03
  2.3280349e-02
  6.6601899e-03
 -1.3216531e-02
 -9.0757921e-02
  6.9778849e-04
  4.2652744e-03
  5.7683429e-03
 -2.7819779e-03
 -1.6227016e-03
  1.4499748e-05
  8.3561573e-04
 -2.9144213e-03
  1.3378230e-01
 -5.6021690e-04
  3.3062436e-03
 -4.4608782e-03
 -3.6924956e-03
  1.7090747e-03
 -1.4365624e-03
  4.1320207e-04
 -7.7050463e-03
 -1.7645766e-03
  5.5263550e-03
  4.4286163e-03
  2.6065030e-03
 -6.1272173e-03
  4.7802166e-03
  1.5231519e+00
  4.2177108e-04
 -4.0667048e-01
 -1.5340898e+00
 -9.2998254e-01
 -2.6937114e-02
  5.4283988e-01
 -3.0175019e-03
 -1.6672632e-02
 -1.2828982e-03
  1.1796801e-03
 -1.7502418e-03
 -7.6838054e-02
  2.2473601e-01
 -7.7467889e-04
  2.9452723e-01
 -3.3698073e-03
 -2.3422781e-02
  2.1672323e-01
 -7.6344177e-02
 -5.4986845e-03
 -6.7832306e-02
 -7.8635532e-03
  2.7155815e-02
 -3.3748257e-03
 -1.6293652e-02
 -1.7145816e-02
  1.7209186e-05
  3.2300134e-03
 -4.8483359e-03
 -5.7159434e-03
 -6.0886242e-03
  5.2601644e-03
 -1.7873991e-03
  2.2794546e-01
  1.1393183e-04
  1.1952648e-02
 -1.8641142e-02
  1.0051765e-02
  1.4542296e-03
 -2.3290035e-03
  1.2314788e-02
 -1.0483779e-03
  6.8851416e-03
  1.8495234e-03
 -5.0717085e-03
  2.5879915e-03
  1.1516463e+00
 -3.6935925e-03
  8.7751489e-04
  1.3889485e-03
 -3.6087602e-03
  1.5220360e-04
  2.0047338e-04
  2.0242943e-01
  3.2476252e-03
  8.7964238e-04
 -4.1042040e-03
  6.5639163e-03
  1.7470836e-03
 -4.4039729e-01
 -2.3073503e-03
  3.0423654e-03
  7.6185865e-04
  5.1702331e-03
  4.0028524e-01
  7.4226130e-03
  3.7514393e-03
  1.7673567e-04
 -1.3460885e-01
 -2.9371213e-03
 -9.0053724e-04
 -1.7417378e-03
 -7.3669069e-03
 -2.4596765e-03
 -3.3834926e-03
  2.6420571e-04
  8.9889689e-04
  2.2425430e-03
  7.1468716e-03
 -4.1870665e-04
 -8.1701009e-03
 -5.2163270e-03
  2.2294503e-03
 -2.6006685e-04
  1.7154522e-03
 -4.2698643e-04
 -1.5700962e-03
 -2.1670396e-03
  7.0152595e-04
  4.9581192e-04
  1.1668636e-03
  1.6183179e-02
  3.5214174e-01
  4.1060288e-02
 -2.4192110e-01
  6.5928124e-02
  3.8248058e-03
  1.1512813e-02
 -6.1469581e-03
  1.2490493e-01
 -4.8629418e-03
 -4.1353020e-01
 -1.7622847e-02
 -8.3655836e-03
 -1.5884250e-01
  8.0353329e-03
  3.5698086e-03
  1.8230496e-02
  1.4298903e-03
  4.4813251e-01
  1.2234291e-02
  5.1720673e-03
 -1.0801606e-01
 -3.7724129e-03
  1.9671892e-01
 -7.9285009e-03
  6.0840016e-03
  1.0366592e-03
  5.8260662e-03
  5.0893915e-03
 -5.3840568e-03
 -6.3643360e-01
  4.0246379e-01
 -3.1276149e-01
 -2.8059179e-02
 -7.7596521e-01
  2.2490720e-04
  1.4478294e-02
 -5.6721778e-03
  1.8667492e-01
 -3.0217709e-02
  2.6138836e-01
  3.4446336e-04
 -4.7760555e-03
  2.8169075e-02
  1.2696271e-03
 -2.8374011e-03
 -3.3299622e-01
  5.5885296e-03
 -1.5728401e-02
 -1.0946891e-03
 -5.3793583e-03
 -8.7238578e-03
  4.0285545e-03
  3.7065691e-03
  2.9623029e-03
  1.0323685e-02
  2.7939526e-03
  4.7358088e-04
 -5.1832426e-04
 -5.5064946e-05
  1.7957178e-01
 -1.5568160e-01
 -1.4739821e+00
  8.0450796e-02
  1.8156612e+00
  5.4122647e-04
 -3.6681280e-01
  1.9181985e-03
  3.5321845e-03
  3.0415587e-02
 -4.2724330e-03
 -1.0910334e-02
  1.4523937e-03
  3.1281102e-02
 -1.2599282e-01
  2.5993704e-03
  2.2184022e-01
  4.8736115e-03
  1.5657072e-01
 -1.0731328e-01
 -4.2385035e-03
  1.9994001e-03
 -2.1619301e-03
  5.8657475e-02
 -4.4616442e-02
 -1.0982418e-02
 -1.7922531e-03
  6.8060183e-03
 -1.4632895e-04
  2.8257435e-02
  1.0283642e+00
 -1.0886848e-01
 -6.0026422e-03
  1.6873264e-01
  1.0790865e+00
 -3.7687209e-01
 -9.3764039e-03
 -9.6699543e-04
  1.8727707e-03
  2.9274102e-03
 -5.7816041e-01
  3.5813686e-02
 -8.9003779e-03
 -2.0171590e+00
 -8.8803376e-05
 -6.7430711e-04
 -9.4891206e-04
  5.2162982e-04
  3.0348817e-01
 -2.4588738e-02
 -1.2875054e-02
 -5.2492676e-04
  3.0993032e-03
 -4.0879983e-02
 -8.1733158e-03
 -3.8443337e-04
 -3.9090631e-03
  6.7358073e-05
 -1.3280450e-03
  2.3359177e-03
  2.4301778e-01
  6.9605219e-01
 -4.1708565e-01
  1.2118291e-03
 -1.9934736e-01
  3.5584634e-03
  4.5592245e-03
 -5.2978015e-03
  6.0856086e-03
 -7.7433349e-04
  3.6774229e-04
  1.7410255e-03
  8.7048151e-03
 -4.5185583e-03
  1.3948905e-03
 -6.6409353e-03
 -1.1678452e-03
 -4.9215099e-03
  6.6976114e-03
  6.2359050e-03
 -2.6386185e-03
  9.1934968e-03
 -3.5944197e-03
  6.6871112e-03
 -3.1067538e-03
  1.6720271e-02
 -2.2935495e-03
 -1.9903111e-03
  5.2930065e-03
 -3.5688363e-03
 -1.8240901e-03
 -9.8800613e-03
 -2.5146483e-03
  2.0120837e-01
  5.9128392e-02
 -5.4241479e-03
 -2.1125972e-02
 -4.0893443e-03
  5.1718242e-03
 -6.1425706e-04
 -1.2638218e-02
 -2.2864367e-03
  5.2856877e-03
 -1.1996781e-02
 -3.0539609e-03
  2.0524373e-03
  4.0141059e-04
 -3.4514384e-03
 -4.4975065e-02
 -9.5802173e-03
  2.2515603e-03
  1.3495363e-02
 -3.7566738e-04
 -5.3119408e-03
 -1.9937041e-04
 -6.7503178e-03
  1.1039004e-03
 -7.0328335e-03
  3.1259295e-03
  1.0400420e-01
  1.3337634e-03
 -5.4497039e-01
  9.5302689e-01
  5.1918896e-03
 -3.9813356e-03
  3.1081107e-03
 -2.7821467e-03
 -9.6357260e-03
 -1.6842071e-04
  1.4840033e-03
  2.3417617e-01
 -9.0862215e-03
  1.8144766e-03
 -6.9717891e-03
 -1.9843271e-02
 -2.1206127e-03
 -3.6973674e-03
 -1.5730277e-03
  2.3842021e-03
  1.1038065e-03
 -1.4724436e-03
  6.6493341e-04
  5.5577876e-03
  2.6025882e-03
  8.4898947e-03
 -2.6782756e-04
  5.2697160e-03
 -5.7893642e-03
  6.8295924e-03
 -3.9914669e-03
 -1.0598345e-01
 -9.0852179e-02
  2.2131772e-01
 -2.2159949e-01
 -1.9773750e+00
  9.1979414e-04
 -4.0195426e-03
 -3.2318770e-03
  1.2591354e-02
  2.2413982e-03
  1.1290909e-01
 -1.1894207e-02
 -2.3245016e-02
 -2.6229674e-01
  6.3546207e-03
  2.1010061e-01
  2.3647273e-02
  3.5917005e-03
  2.9899672e-01
  2.1651833e-04
  5.3143520e-03
 -7.2953448e-02
  4.9307523e-04
  7.2901845e-02
 -6.4387470e-03
  4.9622711e-03
  1.0806682e-03
  1.2704836e-03
  1.6436755e-04
  7.0379034e-04
 -2.3547309e-02
  4.9342928e-03
 -8.5265964e-04
  2.9243585e-03
 -1.0527950e-02
 -2.4283222e-04
 -2.4219716e-03
 -1.4599554e-03
  9.7809164e-03
  2.8056076e-03
 -8.2580233e-04
 -5.2245106e-03
 -7.2602495e-03
 -1.0636266e-03
 -8.5275108e-03
  1.1785228e-03
  5.9161638e-04
  5.5992114e-04
 -9.2236022e-04
  2.8756263e-03
 -4.7691138e-03
 -2.0416446e+00
  2.0765607e-01
  1.1484429e-02
 -1.0115415e-02
 -1.3796889e-04
  3.4744651e-03
  1.7410811e-02
  9.6132010e-03
  2.6545320e-03
  6.1292816e-03
  1.1149766e-03
  6.7069131e-04
 -3.8488300e-03
  5.6081242e-04
 -8.9814313e-02
 -3.3866768e-03
  3.6853924e-03
 -1.9984425e-03
 -3.3738757e-03
 -6.6238833e-03
 -2.5483649e-03
  1.3032486e-04
  7.0309080e-04
 -3.0922021e-03
  1.6367543e-03
  7.4176030e-04
  6.6828832e-04
  2.4238547e-04
  1.4927660e+00
 -8.9343585e-04
  1.0406921e-03
  9.1086952e-03
 -3.9417460e-03
  7.2595838e-04
 -6.5308494e-05
  1.3618540e-03
  6.6224355e-03
 -2.8988109e-03
  5.3304271e-03
  1.5236156e+00
 -5.8530939e-01
  2.8760654e-01
  1.3352139e-03
  1.2232554e-01
 -1.0870842e-02
  4.4257008e-03
 -1.2950581e-03
  1.1593577e-03
 -5.9063674e-04
 -1.7798819e-02
  1.5204458e-04
 -6.1050323e-03
 -1.8721955e-02
  7.7967899e-04
 -5.8555626e-04
 -7.1980141e-04
  5.8321091e-03
  5.7295002e-03
 -1.2726439e-03
  7.4426894e-04
  4.5061265e-03
  1.1465513e-02
  3.3983713e-01
 -7.1609416e-03
 -1.9307421e-03
  1.1133076e-02
  1.8034711e-03
 -1.6939433e-02
  1.4253366e-03
  6.3245022e-01
 -1.2135532e+00
  8.9511746e-01
  1.0133458e-03
 -5.0924283e-01
  6.8096761e-03
 -6.1674626e-03
  3.8642276e-03
 -2.3685037e-01
  2.7682867e-03
 -1.9864282e-03
 -5.1554679e-03
  5.3210503e-01
 -1.6740650e-02
 -1.0825018e-03
  3.8805441e-03
  4.3699641e-02
  6.4990079e-01
 -8.6396195e-02
  1.2271986e-02
  6.9274616e-01
  1.3072907e-05
  2.8546003e-03
 -1.6558925e-02
 -2.7647899e-03
  3.7979465e-03
 -4.0422525e-04
  9.8622087e-03
 -2.4257293e-03
 -3.9844532e-03
 -1.7341287e-01
  2.1231553e-01
 -2.0272601e-01
 -2.6194840e-03
 -1.1357320e-02
  8.8772930e-02
 -4.1416604e-02
 -7.2492789e-03
  6.4861737e-02
  8.8073063e-04
  1.6962445e-01
 -5.2058700e-02
  7.5805886e-03
  4.3871239e-02
  1.0899280e-02
  6.4936676e-03
 -2.2069071e-01
  2.4444007e-03
  9.3219588e-03
  7.6592006e-02
  6.4210385e-01
 -5.9506798e-01
  1.5722775e-03
  3.5447514e-01
  2.2151172e-03
 -2.0826848e-03
  4.6103941e-03
 -1.9255971e-03
 -5.6899667e-02
 -1.2407774e-03
  1.1686576e-01
  8.5672803e-02
  3.7217613e-02
  1.9522258e-03
 -3.7890557e-02
  6.4634024e-03
  1.0325729e-01
 -7.1112020e-04
  5.2312119e-03
 -1.1261487e-02
  9.5113404e-02
  8.1558060e-03
  2.7044363e-02
  9.9528162e-03
 -1.0136727e-04
  6.6516278e-03
  7.2487764e-04
 -4.4294508e-04
 -2.7318776e-03
  9.6397549e-01
  2.5214402e-02
 -3.7527461e-02
 -3.8404646e-03
  2.7603585e-02
  1.8201181e-03
  3.7766960e-03
  7.2306790e-03
 -3.5689995e-04
  9.5461268e-04
 -8.3193951e-04
  2.8065140e-03
 -2.1319385e-01
 -1.2097692e+00
 -1.6934843e-01
  1.1020925e+00
 -3.1173954e-04
  1.1673144e-01
  1.9415468e-03
  5.2966108e-03
  1.2594380e-03
 -9.4649186e-03
  5.0835684e-02
 -2.0412102e-03
  2.8310316e-03
 -1.4967186e-02
 -3.4976813e-03
  5.4462245e-03
 -5.3793597e-03
 -3.7680447e-02
 -4.7997008e-03
  1.6748147e-03
 -5.3754647e-04
 -1.3557178e-02
  9.2312146e-04
 -2.6448225e-03
 -6.3520769e-04
 -8.7620696e-04
  4.0004711e-04
 -2.5884758e-03
 -2.3691051e-03
 -1.5063775e-03
  2.4410007e-03
 -2.2027921e-03
  4.5661628e-03
 -3.1657054e-03
  6.6931313e-04
  1.9626771e-03
 -1.1812519e-02
 -1.3481562e-02
 -2.7455192e-03
 -9.9721993e-04
 -1.4128510e-02
 -2.7462261e-04
 -1.1689593e-03
  1.0537233e-03
 -7.5027399e-04
 -6.4022643e-03
  2.5873554e-03
  2.1761200e-04
 -2.1963182e-03
 -4.5649484e-03
  3.6053334e-03
  8.9133170e-04
  3.7579981e-03
 -6.1876611e-03
  4.5522964e-03
 -7.8099803e-04
 -4.7437937e-04
  3.4082162e-03
  1.9585621e-03
 -2.3374239e-02
 -9.6494006e-03
  5.8267590e-02
  2.0092051e-03
  1.8202249e-02
  7.3450804e-04
  9.8921044e-04
  1.0073300e-03
  2.3689150e-04
  2.4606232e-03
 -3.1239837e-03
  1.3761539e-03
 -4.7483440e-03
 -4.5902980e-03
  1.6791624e-03
 -6.2404838e-03
 -4.6582473e-03
  1.3752182e-02
 -2.0322709e-01
  1.0257446e-03
  4.2583523e-04
  7.5221369e-03
  3.0897900e-03
 -2.6377797e-01
  1.1179989e-03
 -1.3593486e-02
 -3.1402856e-04
 -1.9764234e-03
  1.4251816e-03
 -8.8461441e-01
  6.8773967e-01
  2.3211465e+00
  1.2891361e+00
 -2.7269699e-02
 -1.5707586e-02
  2.0215100e-01
  3.7796055e-03
 -3.6234057e-03
 -1.7345962e-03
 -4.3835654e-03
  1.2674713e-01
 -5.3829849e-02
  1.3739562e-03
  7.9738609e-02
  1.0779598e-02
  2.8616742e-03
 -9.9128163e-01
 -1.0163956e-02
  1.6104147e+00
  5.7975366e-03
  1.0205213e-02
 -1.5655985e-01
  1.5197935e-03
  2.4596024e-01
  1.7436165e-03
  1.8945930e-03
  2.2771312e-03
  1.4839286e-03
 -1.4340784e-03
 -8.2251056e-05
 -7.7901131e-01
 -3.3312163e-01
  1.7556927e-01
  5.1993285e-03
 -5.2760440e-01
  1.2432917e-03
  2.1341271e-03
  1.7840652e-03
  4.2927186e-03
  5.4086182e-02
 -2.0399638e-03
 -3.4306166e-04
  6.1237393e-03
 -2.3557558e-03
 -2.7065424e-03
  8.3556054e-03
  6.8340753e-04
 -3.5192880e-03
 -4.0396079e-03
  2.7597563e-03
  4.2098989e-03
  1.2609544e-03
 -2.0502023e-03
  1.9294880e-03
  6.2962319e-04
  1.0297024e-02
  4.1669710e-03
 -9.5931778e-04
  2.8320597e-03
  5.0042133e-04
  5.3804189e-02
 -4.3610913e-01
 -2.7701041e-02
  1.6242570e-01
  5.1159523e-02
 -6.6702166e-03
 -2.7605570e-03
  1.9775024e-03
 -2.6851597e-01
  1.0054831e-02
 -1.1236791e-01
  3.7489314e-02
 -2.7845116e-04
 -1.2153443e-02
 -7.8834395e-04
 -4.1834428e-03
 -2.7333733e-02
 -5.9647078e-04
 -1.9568129e-02
 -4.1606046e-02
 -1.4329666e-02
  2.4213351e-01
 -1.8138131e-03
 -2.5822900e-02
 -9.6717114e-03
  4.6760440e-03
 -2.1734317e-03
  1.2416567e-03
 -1.3857468e-03
 -1.7936467e-03
  4.7150871e-01
  8.7129259e-03
  9.0488905e-01
 -7.0655562e-02
 -6.5818042e-01
  6.2948190e-02
  1.5524237e-01
  1.8260274e-04
  3.8379390e-02
 -7.4648641e-02
  9.8925494e-02
 -1.4684153e-02
 -2.9266833e-03
 -4.2277604e-02
  3.7154425e-02
  5.7848400e-01
 -4.0469605e-01
  1.1902304e-03
 -8.2780115e-02
  5.4909432e-01
  4.2952329e-01
 -3.4784833e-01
 -9.2298834e-04
  8.1874810e-02
  5.4720346e-02
  6.6484385e-03
 -2.4702554e-03
  3.0899567e-03
  3.3092683e-03
  4.3007201e-03
 -5.3371632e-01
  1.0396432e+00
 -1.0973097e-01
  2.4441877e-01
  4.6408793e-01
 -2.6642408e-02
  2.2431811e-02
  1.1056104e-01
  8.4692252e-01
  2.1861507e-04
 -1.5789598e-03
 -3.7566030e-03
  2.9213030e-03
  1.8423463e+00
 -1.2219783e-02
  3.8800575e-03
 -3.6976784e-01
 -1.4528057e-04
  2.2452691e-01
 -7.9110812e-04
 -4.5588825e-04
 -1.4016134e-01
 -5.5758404e-03
  3.2410619e-01
  7.7123279e-03
  9.0129417e-04
  9.7145941e-03
 -2.3529796e-01
 -1.7471047e-03
 -7.0608365e-03
  3.6135510e-01
  8.6219609e-01
  3.6251748e-01
 -9.3015499e-02
 -4.6318755e-02
 -7.8944260e-01
 -3.2231891e-01
 -3.8845796e-02
 -3.7686798e-01
  1.4726296e-02
 -8.9972001e-01
  2.5938982e-01
 -1.1642043e-02
 -4.4333291e-01
 -7.2344090e-03
 -2.7752784e-01
 -4.0085617e-02
 -2.1270486e-04
 -6.3730764e-01
  6.7727914e-04
 -1.8302779e-01
  3.2362152e-02
 -9.8034645e-05
 -5.4479539e-01
 -5.4684374e-03
 -1.0953707e-02
 -2.5858805e-03
  3.4002201e-03
 -9.7895169e-04
  1.6312659e-03
 -2.1384726e-03
  4.2437492e-03
 -2.3668321e-02
 -3.6416482e-03
 -1.2080939e+00
 -3.7791878e-03
  4.4131679e-03
  2.2161503e-03
  8.3019868e-02
  4.1155936e-03
  1.6656637e-02
 -3.7123361e-03
  6.7174826e-03
  3.7873867e-03
  4.3025287e-03
 -4.8970367e-04
  1.4829694e-03
  1.5994681e-02
 -1.1205891e-03
  1.7376244e-05
  6.5760878e-03
  9.0516759e-03
  1.5469779e-03
  2.5529301e-04
 -3.8107852e-03
 -1.8614875e-03
 -1.1666414e-03
 -2.0017975e-03
 -2.0469595e-03
 -5.1781056e-03
 -6.6272696e-03
 -4.9026469e-03
  8.1299100e-04
 -2.8354025e-03
  5.2831545e-03
 -6.7986577e-04
  4.7836341e-03
 -8.3755550e-04
 -9.3867360e-03
 -2.6753598e-03
 -1.5184289e-03
 -3.1228112e-03
  8.5580600e-03
  1.4401717e-01
 -5.3303293e-04
 -5.0217560e-03
 -4.8738573e-04
 -9.0750970e-04
  1.1419833e-05
 -1.2348909e-02
  2.6777812e-04
  1.0486556e-03
  4.7348887e-01
  1.7577987e-03
  6.1427657e-03
  2.0082658e-03
  2.1562492e-03
 -3.5567780e-03
 -8.0700824e-04
  2.4585708e-03
 -6.3721156e-01
 -5.3326096e-03
  1.6251439e-01
  3.5380176e-01
  1.0035635e-02
 -5.3700902e-03
 -9.3767466e-04
  9.1397879e-04
  1.1771681e-03
 -1.6128224e-03
 -6.3715652e-03
  3.6748312e-04
  1.8645988e-03
  2.4992655e-04
 -4.7033196e-03
 -6.6229096e-03
 -5.0264835e-02
  1.7415142e-03
 -5.0761881e-03
 -5.9673343e-02
 -3.0089298e-03
  3.8096348e-03
 -5.1534493e-03
 -1.4429843e-01
 -4.5905048e-03
  1.1890649e-03
  4.1248351e-03
  2.4937168e-03
  4.9915616e-03
  1.0569315e-02
  5.4994412e-03
  7.6556325e-01
 -3.7930163e-03
 -7.9543819e-04
 -6.3863331e-03
 -7.0265912e-02
 -6.0364634e-02
  1.0218030e+00
  1.1875925e-03
  2.0821851e-03
  4.2757504e-03
 -2.6894073e+00
  7.2126379e-03
  3.6667937e-03
 -2.0268814e-01
 -1.0255922e-01
 -4.0718094e-02
 -2.4280869e-03
  1.8461224e-01
 -7.2484543e-03
 -4.5655249e-04
 -6.0481900e-01
  1.3632672e+00
  7.2131507e-02
  1.7880686e-01
  1.6752998e+00
 -1.7001479e+00
  1.5730577e-03
  1.8833536e-03
  3.5476983e-02
  8.5406817e-02
 -3.5661647e-01
  5.9925178e-03
 -7.3318966e-02
  3.4656200e-01
  9.1171408e-01
 -4.8219040e-01
 -2.3180975e-01
 -2.7304885e-01
 -2.1830367e-01
 -2.2425641e-01
  2.1337369e-01
  6.4023651e-02
 -1.2475491e-02
 -1.3203907e-01
 -3.2955122e-01
  4.8342741e-01
  4.0081820e-01
 -1.8016215e-01
 -4.3992661e-03
 -1.2932599e-01
  2.7786303e-01
  2.0383541e-01
 -3.7653023e-01
  9.3469280e-01
  1.4233412e+00
 -1.1729298e+00
 -6.4011060e-02
  1.9155535e-03
 -4.4841725e-01
 -1.5490646e-02
 -1.3972062e-01
 -2.1128921e-01
 -1.1130291e-01
  1.1696418e-02
 -2.1309506e-03
 -1.6083533e-02
  1.9198781e-03
  1.7573461e-02
 -1.3097571e-03
  4.3092852e-05
 -2.5101161e-01
  2.7506079e-03
  1.1171479e-03
 -9.5500046e-04
 -3.3568311e-03
  3.0868200e-03
 -8.1777616e-05
  5.2369485e-04
  4.9058092e-03
 -2.2229657e-03
  7.2565768e-03
 -5.9069456e-03
 -4.4297571e-03
  1.7009531e-03
  2.0362353e-03
  9.0473499e-03
  1.4474085e-02
  4.1006898e-04
 -1.7234039e-03
  2.3910557e-01
  3.9723518e-01
  1.7956553e-01
 -6.4940608e-01
 -9.9554293e-02
  4.3637574e-01
  1.0638407e-01
  3.8832063e-03
 -3.4833100e-02
  2.9843386e-02
  3.5057620e-03
 -3.5236839e-03
  6.5082143e-04
 -2.5447603e-02
 -1.3843933e-03
 -2.2580510e-02
  1.0182970e-03
  9.3972788e-04
 -1.9107623e-03
 -1.3662158e-02
 -5.8040865e-02
 -5.5554863e-02
 -1.2690559e-02
  4.5124944e-03
 -2.2633956e-01
  5.6980103e-03
 -4.6634958e-03
 -4.5549842e-03
 -1.9179271e-03
  1.3315464e-02
  7.8234673e-03
 -8.6157240e-02
  1.3496592e-03
 -4.5647258e-01
  2.2215797e-03
 -7.2252506e-04
 -9.1595337e-02
 -1.9799583e-03
 -8.7205204e-04
 -1.2988980e-01
 -1.7154780e-03
 -2.5919929e-02
  2.8465805e-04
 -4.5851460e-01
 -3.8241004e-03
 -2.6822300e-03
 -2.5613732e-03
 -1.1426560e+00
  4.3420917e-03
 -9.0898509e-05
 -1.0019450e-02
 -2.4792799e-03
  1.1637100e-02
  1.3911652e-03
  6.6906551e-04
 -4.4088135e-03
 -1.5829034e-03
  3.9703380e-03
  1.8094475e-03
  5.0630686e-03
 -7.9063457e-03
 -3.6361176e-04
  2.4843207e-03
 -5.6303772e-03
 -4.0476539e-04
  6.2516187e-03
 -1.6572328e-03
  3.1025696e-03
  1.2125744e+00
  3.4183522e-03
  1.9662713e-03
  1.4430153e-03
 -4.3334141e-03
 -2.9812816e-03
  4.0112110e-03
 -4.6705105e-04
 -1.0740475e-02
 -1.7880976e-03
 -8.6879032e-03
  1.4443021e+00
 -1.6429322e-03
 -1.7711867e-03
 -5.4603636e-01
  2.6509375e-03
 -8.7130843e-03
  4.3647490e-03
 -1.3093121e-03
 -9.6799177e-04
 -2.8862918e-03
  6.5529151e-03
 -5.0935948e-01
  3.7315071e-01
 -7.3041935e-03
 -5.1791716e-02
  1.7835935e+00
 -5.8509330e-03
 -6.5847877e-03
 -2.7963526e+00
  3.4905843e-02
 -5.3997687e-04
 -3.6201542e-04
  4.2894646e-03
 -1.8582756e-05
  6.9764750e-03
  1.9010375e-01
 -7.3446324e-03
 -3.4939157e-04
  1.3892725e-01
 -5.3083538e-03
 -3.6888508e-04
  3.3178646e-02
  1.4389886e-01
  4.3433146e-03
 -4.7498117e-03
  1.0813975e-02
 -1.2947907e-02
 -1.7489188e+00
  3.3719628e-03
 -2.5756743e-03
  7.3793456e-03
 -1.7635489e-01
 -3.4409106e-02
 -3.3848805e-03
 -7.0007497e-01
 -3.7290317e-01
  2.4012281e-03
  1.2694517e-04
  9.2778327e-03
 -3.8717069e-02
 -2.8878364e-03
 -4.2644381e-03
  3.3740415e-03
 -7.7702751e-04
  1.8746153e-02
 -1.5776162e-03
 -2.8415960e-03
  2.0974966e-02
  7.0358656e-04
 -6.4052962e-02
  1.5119710e-03
 -9.4236847e-04
  3.5324085e-03
  1.1726401e-03
  6.0735345e-03
  7.0581045e-05
 -2.6136728e-03
 -5.3378027e-03
  6.8502990e-03
 -7.0944810e-03
 -3.6738373e-03
  5.3405934e-03
  2.1697076e-03
 -7.0102974e-03
  5.2640014e-03
 -2.8243223e-01
  1.4964986e-03
 -4.5075664e-01
  3.7620190e-01
  1.2774947e-02
  5.0523784e-04
 -1.1436126e-02
 -2.7582860e-03
 -1.8280689e-03
  1.3048993e-02
  2.1656989e-03
  4.2401408e-03
  4.9811817e-04
 -8.8502682e-05
 -7.2545880e-03
  9.0900535e-04
  7.1195974e-03
  5.9203117e-04
 -2.9489899e-03
  2.5434219e-04
  1.7375309e-03
  2.9233103e-03
 -6.6442415e-04
  2.8758771e-03
 -3.0814111e-03
 -5.2851200e-04
 -3.2264661e-02
  1.0586598e-02
 -6.2994492e-01
 -1.6644125e-01
  1.7614415e-01
 -1.5689139e-01
 -1.7060460e-01
 -7.3658186e-03
  3.2996649e-01
 -1.1066532e-02
 -3.6623709e-02
  3.6081258e-02
  4.6469583e-03
  8.8323802e-02
  3.2555629e-02
  3.7190642e-02
  1.9041186e-03
 -8.9585525e-01
  4.7945166e-03
  3.6491796e-01
  7.8533389e-02
  4.8109624e-03
  9.0449788e-03
 -3.8446546e-01
  2.4969588e-01
 -2.5105674e-02
 -1.3331398e-04
  8.3936262e-04
 -1.9038145e-03
  9.6392835e-04
  4.7294637e-03
 -6.7557143e-03
 -1.0997174e-02
  4.2225108e-03
  9.2544677e-03
 -5.3269221e-03
  1.8310677e-03
 -3.2961646e-03
 -2.6626684e-02
 -1.7396819e-03
 -2.7480570e-03
  1.4115829e-03
  4.7106375e-03
  8.3343399e-04
 -4.0802411e-03
  5.2007439e-04
 -1.9962029e-03
 -9.8395422e-03
  1.1386457e-02
  7.0606326e-03
 -3.2472439e-04
  1.1046552e-03
 -8.0173602e-03
 -3.3200621e-03
 -6.5776124e-04
  3.3905637e-03
 -4.1070106e-03
  4.5740897e-05
 -1.0842540e-02
  3.5117040e-03
  3.3213084e-03
 -5.9576136e-01
 -7.0447248e-01
 -1.2868998e+00
 -2.1307173e-01
 -1.9884281e-01
 -1.9108689e-01
  1.1344553e-02
 -2.5272542e-03
  4.2893767e-01
 -4.9687636e-01
 -2.3718350e-01
  1.4401571e-03
  1.6635964e-02
  6.3116378e-01
 -8.4028445e-02
 -4.8487023e-01
 -7.2486603e-01
  1.2807115e-02
  1.1353298e+00
  2.0565244e-03
  5.2468120e-03
  4.5641661e-03
  6.4873984e-03
  1.6861899e-01
 -3.4456889e-03
  3.3892795e-02
  2.4249867e-02
 -5.3373142e-03
  1.7864662e-03
  6.1630867e-03
 -5.7945033e-03
  1.3041033e-02
  1.5569590e-01
  1.8017586e-01
  1.3156997e-03
  1.3154651e-03
  2.4369247e-04
 -9.4253831e-03
  1.8051710e-03
 -1.0285937e-03
 -4.5894030e-03
  1.5511873e-04
  2.1562011e-03
 -4.6298234e-03
 -1.0532523e-03
  3.1423100e-04
 -9.9873441e-01
  3.7393221e-03
 -9.0003875e-04
  7.7627017e-03
  1.1391181e-03
  4.8830509e-03
 -3.8510847e-03
  1.5931817e-03
  5.9703786e-02
 -2.4429271e-03
  1.8567163e-03
 -2.2013625e-03
  3.2274199e-03
 -4.5787629e-01
 -8.6222667e-01
 -1.3728638e-02
 -7.4537277e-02
 -1.2990606e-01
 -4.9507331e-02
 -2.6602512e-03
  1.2616061e+00
  2.9584186e-03
 -2.4784260e-04
 -2.0472994e-03
 -1.6827917e-03
 -2.5297864e-03
 -4.9404078e-04
  3.7736073e-01
 -3.3106343e-03
 -1.9115232e-03
 -5.1244308e-04
  1.2007106e-02
  1.1271886e+00
  2.1879419e-03
  1.1049638e-01
  6.2472997e-03
  2.7119983e-03
  1.6882299e-03
 -7.1314960e-03
  1.0304423e-02
 -1.9991300e-04
 -2.6150825e-03
 -7.0993172e-04
 -7.5081717e-03
  6.2962682e-03
  1.7235717e-03
  2.2729076e-03
 -1.1777045e-03
  2.6393242e-03
 -3.9379485e-03
  4.1412679e-03
 -6.6129188e-03
 -7.8192353e-03
 -1.4499906e-02
 -1.8930656e-04
  2.2602624e-03
  9.6298316e-03
  3.6060452e-03
 -1.4296552e-03
 -6.5589388e-04
  1.2694251e-03
 -1.2606170e-02
 -1.0279558e-03
 -3.8115706e-03
 -9.0288959e-04
  9.1135213e-03
 -4.6146917e-04
  1.0422176e-03
 -2.0078446e-03
 -4.2089578e-03
 -1.3594226e-03
  3.9994912e-03
 -3.1615077e-03
  1.2646799e-03
 -2.2945373e+00
  3.1707457e-03
 -1.9416244e+00
  4.4486681e-03
 -1.6614887e-03
 -2.5570469e-03
 -3.9713252e-03
 -1.0099373e-03
 -1.0481041e-03
 -5.3561656e-03
  1.1373174e-02
  9.9859685e-03
  5.7369699e-03
  4.4028969e-03
  1.0878685e-03
 -2.7817306e-03
  7.5324262e-03
 -3.6296314e-03
  5.4963916e-03
 -3.8156338e-04
 -3.8085761e-03
 -3.9513176e-03
 -1.0707237e-02
 -3.3078459e-03
  1.1889115e-03
  3.8372765e-03
  4.9636420e-03
 -8.2717454e-03
  7.0448418e-04
  1.5603805e-01
  6.7370623e-01
  7.4128193e-01
  1.8339815e+00
  1.6547327e+00
  1.3018116e-01
  1.0617344e+00
 -7.4541467e-01
 -4.5719615e-01
 -2.6585701e-01
  5.5897272e-01
  3.4764349e-01
  6.1257449e-03
 -1.8146704e-01
 -1.2058899e+00
  4.1990966e-01
  4.9019653e-01
 -1.9315986e-01
 -3.0102793e-03
  8.6477511e-02
 -1.4054160e-01
 -1.7056753e-01
 -2.6491958e-01
  1.3464995e-03
  3.8651365e-01
  1.9448431e-01
 -9.8420970e-02
 -8.0734241e-04
  3.5985147e-03
  3.1147096e-02
 -1.8104649e+00
  2.0959053e+00
 -5.1072817e-02
  1.7334552e-01
 -7.9941547e-01
 -1.7832364e-01
 -3.7336096e-01
 -2.7649160e-02
  7.6683788e-03
 -8.2969382e-02
  1.1679127e-02
  2.2321915e-02
  6.8889153e-03
  7.7780331e-03
 -4.3598709e-01
  1.7947993e-01
  1.3288100e-03
  8.4485061e-02
  3.3930745e-03
 -8.8845290e-02
  4.0174746e-03
 -2.0608590e+00
  3.9938100e-02
  6.2760208e-03
 -2.2089261e-01
  1.1543735e-03
  1.6255042e-03
 -2.2948256e-03
 -1.8157491e-03
 -2.8126363e-02
  4.7612144e-04
 -8.2463287e-03
  3.4819120e-03
 -3.2283012e-03
 -4.7803195e-03
 -1.3375857e+00
  2.1909592e-03
  7.7604488e-03
 -6.5310614e-04
 -5.3445105e-03
 -2.7900890e-01
  1.2878892e-03
  1.7943842e-03
  5.9771276e-04
  2.7763023e-04
 -2.5038656e-03
 -6.8380078e-03
 -1.8746069e-03
  3.0739801e-02
 -9.5635638e-02
  2.2439472e-03
 -2.3213392e-03
 -5.2846543e-02
 -1.0589232e-03
  6.7050796e-04
 -2.4146514e-03
 -4.4528884e-03
  1.2360811e-03
 -3.5074048e-03
 -3.8096106e-03
  2.3096469e-01
 -9.5464885e-03
 -8.5517906e-02
 -2.8308716e-02
 -8.3420705e-04
 -1.5484360e-02
 -4.5967428e-03
 -4.5091063e-05
  1.7504719e-03
  2.0907920e-02
  2.9820912e-03
 -1.3039296e-03
  7.3600174e-03
 -1.3123821e-03
 -7.9014627e-03
  1.7497313e-03
  2.2718546e-03
 -3.5009622e-03
 -6.1726440e-03
 -1.4727928e-02
  7.3866895e-04
  1.4767746e-04
 -5.7179546e-03
  8.6933695e-05
  3.1629638e-03
  1.4856742e-03
  9.2439773e-03
  5.8872360e-03
  5.1268711e-05
  2.3135480e-04
  1.2447195e+00
 -8.7666088e-01
  1.0351994e+00
 -1.0124415e+00
 -7.8712112e-01
 -6.0118955e-01
  6.3248020e-01
  3.4246489e-01
 -4.7466287e-01
  8.1845351e-02
 -7.3427275e-02
 -1.1385237e+00
 -2.4091250e-01
 -2.7513388e-01
  2.0170701e+00
 -1.1541005e+00
 -3.7419021e-02
 -4.2355371e-01
 -4.9112770e-03
  1.0065877e+00
 -2.2494286e-01
 -3.9435512e-01
 -6.5692246e-01
 -5.9755950e-04
  1.1126646e-01
  1.3060184e-03
 -9.0954499e-03
 -1.0764467e-02
  6.2417316e-01
  1.4384490e-01
  3.2820904e-01
 -2.0352591e-02
  1.6711126e-01
  6.6667278e-03
  5.0474140e-03
  8.2456265e-03
  2.6498960e-02
  4.9180333e-03
 -1.7373184e-02
 -2.4406253e-03
 -1.4145763e-02
  2.2496020e-03
  1.3291304e-03
 -6.7904880e-03
 -1.8968242e-01
  4.6327547e-03
 -9.4529637e-04
 -2.3488691e-02
  8.1182277e-04
 -5.3751781e-03
  4.1999904e-04
 -3.8513306e-03
 -2.6710278e-03
  6.8557649e-03
  7.2748726e-03
  3.3426224e-03
 -1.3300803e-02
  9.4863057e-02
  2.2881215e-04
  1.4178843e-03
 -1.6321751e-03
  4.4640689e-04
  1.7890631e+00
 -2.6261708e-02
  3.8729355e-02
  3.8688633e-01
  8.0039557e-03
  1.0565451e-03
 -3.9258420e-01
  1.7140184e-02
  2.4412754e-03
 -2.6189412e-03
 -2.1104491e+00
 -2.0947564e-01
  3.2196406e-04
 -1.0186862e-01
 -9.8771807e-03
 -1.6817230e-01
 -7.6094582e-03
  6.6991160e-03
 -2.0367241e-01
 -3.7594654e-02
  2.1542159e-03
  8.5751703e-03
  4.5744861e-03
  8.5447608e-03
 -9.9993590e-03
 -7.0364415e-03
  2.4712367e-02
  5.1444415e-02
  1.2077028e-03
 -1.2289915e-01
 -1.5743325e-02
 -4.3419525e-03
  6.7683466e-02
 -2.1309501e-03
 -7.2476650e-03
  6.8807779e-03
 -5.9227511e-02
 -2.8350933e-03
  4.0701707e-03
  2.3933544e-03
 -6.0628988e-03
 -2.4513039e-03
  7.3329633e-01
  7.2931750e-03
 -1.6427481e-01
  1.8523078e-03
 -1.4900322e-03
  9.9376254e-03
 -1.1611570e-03
  1.6747148e-03
  1.5977972e-05
  8.9398617e-01
  1.8007436e-04
 -2.4032984e-03
  5.3691813e-03
 -2.3863672e-03
  5.0287386e-03
 -5.1221489e-03
  7.0574456e-01
 -2.8577572e-01
  7.2836369e-01
 -7.1074021e-01
 -1.0057859e+00
  1.8359716e-01
  1.9189917e-02
 -4.2735782e-04
 -6.2823105e-03
  2.0180920e-03
  8.8048413e-02
  7.1390520e-04
 -1.8966169e-03
 -1.7470276e-02
 -2.4419485e-03
 -3.1611450e-02
  7.0682989e-04
 -2.0576611e-02
 -4.4950256e-03
 -1.0947949e-03
 -1.8903093e-02
 -7.5608781e-03
 -9.0036914e-04
  4.5914338e-03
  7.0879152e-03
  1.2336804e-02
 -5.2793873e-03
 -1.0075955e-02
  4.5529343e-03
  2.9801244e-03
 -1.3135424e+00
 -8.0381674e-01
 -1.0986311e+00
  7.0872378e-01
  1.7013268e-01
 -8.5455233e-01
 -6.4586115e-01
 -6.3343523e-03
  5.0463641e-01
 -4.6812002e-02
  7.5010289e-03
  9.5336735e-03
  1.0209642e-02
  2.8438720e-01
 -5.0669646e-01
 -3.0948375e-03
 -1.2855279e-01
  5.7694804e-02
  8.5829943e-03
 -2.9813185e-01
  6.0165817e-01
  1.7108959e-01
 -1.9152708e-03
 -5.4403050e-03
 -5.7975434e-02
 -2.2407982e-02
  4.9106739e-03
  3.9958148e-03
 -1.6199976e-02
 -6.0253434e-02
 -9.3623358e-01
 -4.1089961e-01
 -4.8863769e-01
 -7.6726824e-01
  5.8260816e-01
 -8.8136539e-02
 -2.4128184e-03
 -1.3870279e-03
  1.9139659e-03
 -2.8483896e-03
 -2.8381735e-01
 -5.1335082e-03
 -2.0603016e-03
  2.9971169e-03
  8.9521952e-02
 -6.9498937e-03
 -1.6742718e-01
 -1.2589430e-03
 -1.1667657e-03
 -3.6923263e-02
  3.8993240e-03
 -9.9703693e-01
  5.3406297e-03
  2.9308442e-03
  1.1666783e+00
 -3.9302423e-03
  3.9513404e-03
  7.8023318e-03
 -5.7725427e-03
 -1.2572311e-03
 -8.6442695e-04
 -8.0417161e-04
 -1.4596382e-03
 -2.9451607e-03
 -1.7453408e-03
 -1.9452801e-02
  4.1030389e-03
  8.6871540e-04
  5.0968924e-03
 -9.0517278e-04
 -2.1183747e-01
  1.1042033e-03
  7.8960517e-03
 -2.1149053e-03
 -9.7128851e-03
 -1.6212077e-03
  1.2278192e-03
  6.0989475e-01
 -5.0175060e-03
  6.0397340e-03
  3.1187031e-03
 -1.4959890e-03
 -3.0065929e-03
 -1.2804628e-03
  6.2021130e-04
  5.2894014e-01
  3.0072653e-03
 -1.1577659e-02
  9.9728322e-03
 -5.5064736e-03
  5.1699225e-03
 -1.4487256e-03
 -1.2038875e-03
 -2.3863341e-03
  1.6664590e-03
 -2.9617164e-03
  8.7023422e-04
  4.8376594e-04
 -4.5865369e-03
  2.1463756e-03
  1.6348627e-03
 -2.7007402e-03
 -3.3543257e-03
 -1.0062484e-02
  3.3269301e-03
 -2.2848984e-03
  1.4187680e-03
  3.8361268e-03
  3.1165284e-04
  6.6073923e-03
  2.1431244e-03
 -3.9861700e-03
 -5.1597310e-03
  5.4946258e-03
 -1.1286339e-02
 -3.2644183e-03
  1.2334066e-03
 -5.8960789e-03
  2.6875366e-03
  1.4752218e-03
 -4.2356575e-01
 -2.5061907e-02
 -6.7976034e-01
  4.6273518e-01
  2.9620689e-01
 -3.2057814e-02
 -3.9377159e-01
  5.7184608e-03
  1.2915508e-01
 -6.7437021e-03
  7.0346966e-03
  1.7749016e-01
  4.5731256e-04
  1.1544538e-02
  7.2402567e-02
 -7.5963057e-05
 -3.1278988e-03
  4.3337340e-03
 -1.1870545e-02
  4.3352866e-03
 -1.2693845e-03
  1.8340144e-04
  1.2334448e+00
  2.5350490e-04
  4.1555976e-03
 -1.6447629e-03
  5.5177761e-03
 -1.0263458e-03
  1.0238438e-02
 -2.0443888e-02
 -7.6539437e-03
 -2.0276215e+00
 -3.8576025e-01
  2.9283437e-01
  2.7137515e-01
 -6.5328265e-03
  2.0873002e-03
 -3.2251894e-01
 -9.5845416e-02
  9.9245002e-03
  3.2462501e-03
  5.1938317e-04
 -1.2690111e-03
 -4.1233054e-03
 -9.8954684e-01
 -2.8787740e-04
 -6.3482043e-03
 -2.1698677e-03
  4.6720798e-03
  2.5205256e-02
  1.9239527e-03
  7.3685958e-03
  1.1444499e-02
  3.7321795e-03
  1.0278496e-03
 -2.7509264e-03
 -1.5858812e-05
  2.1566397e-03
  6.6550756e-03
 -7.6503039e-04
 -1.6386621e-02
  4.3262343e-04
  1.4845331e-03
  6.6737924e-03
  2.5067395e-03
 -4.5545949e-03
 -5.0554323e-01
 -4.1790318e-04
  1.4330561e-02
  2.5524767e-03
  2.2431887e-03
 -1.9845155e-03
  1.1741890e-03
  5.6259786e-03
  2.7113035e-03
 -2.0316863e-03
 -1.1515392e-03
 -2.0943000e-03
  2.7932687e-05
 -3.0722572e-03
  4.6470240e-04
 -3.5646132e-03
  3.4113755e-03
 -3.1745171e-03
 -5.3073126e-03
 -3.1556333e-03
 -2.3697970e-02
  1.2748869e-03
 -8.2874419e-03
  3.8506014e-03
 -7.0843026e-02
 -2.1697620e-02
 -1.1006023e-01
 -2.3386108e-03
 -9.0403509e-01
  1.4181427e-03
  1.9523099e-03
 -9.2958156e-03
  4.8762960e-03
 -3.7934840e-01
 -1.7129098e-03
  1.8502022e-01
 -4.8143047e-01
  2.5325639e-03
  2.6649356e-01
  1.6065449e+00
  4.6061715e-03
  2.2205515e-03
 -6.9454694e-01
  1.9319158e-03
  5.2024718e-02
  8.2128141e-03
  1.1445338e-01
  1.1520165e-02
 -1.0939195e+00
 -2.5785712e-03
 -6.6224965e-03
 -9.2927605e-04
  1.0077704e+00
  1.3775640e+00
  2.3566724e-01
 -6.0092020e-01
 -1.9759326e-01
 -2.7667848e-02
  6.7510688e-01
  1.7031600e-01
 -2.4883399e-02
  8.4794372e-01
 -2.3823418e-03
  1.9535763e+00
 -1.7814983e-01
  2.2474690e-01
 -9.7687443e-05
  3.4882013e-02
 -1.6287431e+00
  4.4927347e-01
 -1.2794252e-01
  1.5470730e-01
 -9.0287882e-01
 -3.4340030e-01
 -9.2419732e-01
  1.6345799e-01
 -4.4350526e-01
  9.7776031e-01
  5.3018707e-01
  1.6202966e-03
  2.0761914e-04
  4.1251957e-01
  8.7842602e-01
  1.8268341e-01
  4.8164350e-01
  1.4039694e-01
  2.5104377e+00
  8.5842192e-01
 -7.2281283e-01
  6.0501689e-01
 -3.7501401e-03
  5.5450517e-01
  6.0386199e-01
  4.9236391e-02
 -6.2100980e-03
 -1.2748209e-01
  4.8998427e-03
 -6.1926734e-01
 -3.9625238e-03
  6.9406210e-03
 -1.1053981e-01
  1.4282665e-03
  3.5581529e-01
 -1.7148153e-03
 -8.4390854e-03
  2.9939409e-02
  1.1290283e-02
 -1.7740980e-01
 -1.0312245e-03
 -1.2279183e-02
  1.0257197e-02
 -4.1298685e-03
 -1.3470338e-03
 -1.9261964e-01
  2.0544602e-02
  1.9406554e-01
  1.3196860e-02
  7.9983650e-03
 -2.2423002e-03
 -2.9080994e-03
 -2.1288560e-03
  4.3888614e-03
  1.6655382e-03
 -2.0231774e+00
  2.3880159e-04
  1.9581978e-04
 -3.2106466e-03
 -1.7609411e-03
  5.6054415e-03
  2.3784235e-03
  3.3840733e-03
 -2.6004540e-03
 -1.0138216e-02
 -3.8665894e-03
 -1.8806154e-03
 -1.2738821e-03
 -2.1162094e-03
 -3.2761418e-03
  3.8553559e-04
  2.3662199e-03
  8.1340189e-04
  5.7520211e-04
 -9.3545939e-04
  2.1347782e-02
 -2.3021095e+00
  1.4439419e-01
  1.8928140e+00
  1.1812292e+00
 -7.8914541e-01
 -6.8962753e-01
 -7.6103203e-02
 -2.9946849e-01
  2.4986318e-03
  7.1548715e-02
 -7.8392380e-01
 -5.0659257e-01
 -2.7305129e-01
  8.1003332e-01
  1.1031700e+00
 -1.7967305e+00
 -9.3923849e-01
 -2.3943333e-02
 -3.8158897e-01
  5.2093470e-01
 -1.0286999e+00
  7.4671204e-03
  7.0554629e-02
 -7.3544338e-02
  5.9671994e-02
  1.7771518e-02
  7.4548580e-02
 -7.4745961e-03
  6.1806408e-04
  1.2373225e-01
  2.3057588e-04
 -5.7975119e-03
  2.1432698e-01
  3.1516472e-01
  2.8320390e-03
 -1.0086336e-02
 -1.1077919e+00
 -1.5692648e-02
  1.5855625e-02
  2.2864684e-03
 -4.2923717e-03
 -2.7347086e-03
  5.4935962e-03
 -1.4161849e+00
 -1.1796938e-03
 -5.3342618e-03
  1.3526665e-03
 -2.8049834e-03
 -5.0855720e-01
  2.2120667e-03
 -3.3451982e-02
 -1.0596126e-04
  3.6521987e-03
  1.3927993e-02
 -1.8101841e-03
  8.0403913e-04
 -1.9017306e-01
 -1.9024059e-03
  1.1874698e+00
  4.0006542e-04
  3.9714021e-03
  1.5214947e-02
  2.3247434e-03
 -2.1780289e-03
 -8.4737712e-04
 -5.1574185e-03
 -5.5360317e-04
 -3.1121557e-03
 -3.2659820e-01
  1.4483428e-03
 -3.6529361e-03
  3.3794711e-03
  2.1820141e-03
 -1.9638747e-01
 -6.8069296e-03
 -1.8878202e-03
 -7.7941576e-03
  2.4236173e-03
 -3.4632969e-03
  2.5881587e-03
  6.5815956e-03
 -7.5095105e-03
  1.0347031e-03
 -3.9085522e-03
  3.7854274e-03
  6.0915458e-04
 -3.3505526e-04
 -9.6034480e-04
  4.1353875e-03
 -6.1754589e-03
  2.2510812e-03
 -1.8146150e-03
 -2.5241295e-04
 -4.7049006e-03
 -2.9543079e-03
 -2.1020405e-03
 -7.8389496e-03
 -1.0333658e-04
  3.0951960e-02
 -4.0369635e-03
 -1.1399931e-03
 -4.1407534e-01
  1.4022616e-03
  2.1527217e-04
 -6.9400216e-03
 -2.6322636e-03
 -9.3717175e-03
 -1.1093781e-02
 -2.3654471e-03
 -2.8285380e-03
 -3.1703943e-03
 -3.5173704e-03
 -2.1350337e-03
  7.2246622e-03
  1.7338743e-03
 -5.2205315e-03
 -1.4342492e-02
  2.2739847e-03
 -2.0974621e-03
  3.2799304e-03
  6.6480678e-01
  1.6778148e+00
 -3.5431626e-01
  2.8190297e-01
 -1.0168513e+00
  1.2984701e-02
  4.2719230e-02
 -4.9378979e-03
 -7.2686370e-03
 -4.6035431e-02
  9.1971695e-02
  1.8267609e-01
 -4.5048930e-03
  3.2369646e-01
 -2.6677513e-02
  1.1997110e-03
  3.4772910e-02
  2.5862483e-02
  2.2149559e-03
 -3.5261854e-03
  3.9329737e-02
  1.9707386e-03
 -2.9368903e-03
 -8.8320777e-02
 -1.6604476e-01
 -1.4212717e-02
  5.0057482e-05
  7.4196341e-03
 -5.0778762e-03
 -4.1166358e-03
  9.3840677e-03
 -4.3987283e-03
 -2.3194751e-01
 -4.4036354e-03
 -2.7678364e-03
 -8.8837463e-03
  8.1361551e-04
 -4.0300637e-03
 -2.8652791e-02
 -9.2582181e-03
  3.1079389e-03
  2.4803949e-03
  3.8904683e-03
  3.8514938e-02
  2.8126794e-04
  7.9256548e-03
  1.5097716e-03
 -5.8377698e-02
 -2.6776849e-03
 -1.5287281e-03
  2.6679856e-03
  1.1695679e-02
  2.4335482e-03
 -3.3093303e-01
  3.6697782e-04
 -3.1383894e-04
 -1.2594188e-02
  6.3877096e-03
 -6.8828808e-03
 -2.5956708e-03
  1.3877023e+00
 -7.3768251e-02
  1.6489279e-01
  4.1890755e-01
 -1.8321879e-01
  4.1254513e-02
 -3.5429537e-01
  2.1441596e-02
  2.3917824e-01
  3.9321430e-02
  1.7233238e-02
 -5.9062773e-01
  1.3854834e-01
  1.1849005e+00
 -6.9230866e-01
  1.0758571e-02
 -8.1391591e-01
  6.7115412e-03
  1.6811583e+00
  9.9665463e-01
  1.1678023e+00
 -1.3797344e-01
  1.3746672e-03
  8.7158054e-01
  6.2766963e-01
 -4.3057042e-04
  3.9309364e-02
 -1.9938972e-02
  4.5957207e-03
 -1.2170937e-03
  5.7578927e-05
 -1.2689833e-01
 -1.1656529e-01
 -4.8554069e-01
  2.9766047e-01
 -8.8549173e-04
 -6.6573202e-04
 -8.7878341e-04
 -2.9529542e-02
 -8.6126979e-03
 -1.2706073e-01
  2.7686561e-02
  2.3297335e-03
  1.6485168e-01
 -3.8452586e-03
 -7.6638525e-03
 -4.5916983e-03
  5.0413418e-03
 -4.4307103e-03
  1.4691580e-03
 -1.7725989e-03
  8.8657495e-03
  3.3789764e-03
 -5.5204701e-01
 -7.3027541e-03
 -1.4121878e-03
  9.7722463e-02
 -5.3366227e-03
 -2.2770551e-03
 -5.2058893e-01
 -1.1350924e+00
 -1.5112287e-01
 -9.7867274e-01
 -1.2087705e+00
 -8.8190332e-02
  2.5604862e-01
  1.6137287e-01
  1.6687585e-01
 -3.8845906e-01
  2.4458984e-02
  2.3588872e-02
  7.3313314e-01
 -7.1946281e-01
  5.2915412e-01
  4.3135262e-01
  1.7423704e+00
 -5.8983028e-01
  6.9365520e-03
  3.3622181e-01
  1.7847850e-03
  3.6527568e-01
 -4.0378252e-01
 -4.7569396e-03
 -5.2683949e-01
  1.9549337e-01
  5.2964875e-05
 -4.8419993e-02
  5.6700287e-03
  6.7004552e-03
  1.0248272e-02
  1.5256356e-02
  2.0900080e-02
  1.5562706e-01
 -1.6218725e-03
  6.2402153e-01
  9.5152194e-03
  1.9242459e-03
  9.3907997e-04
  4.9193823e-03
  8.2032185e-04
 -1.6487526e-03
 -2.9623039e-02
 -1.5206991e-03
 -1.2290183e-03
 -4.5075495e-04
  2.3945849e-04
  4.1109502e-02
 -3.8385727e-03
  2.4931642e-01
 -1.0425119e-03
  1.2681119e-03
  2.1226248e-03
 -9.9487312e-04
  1.2283705e-01
 -1.3357932e-04
  5.7404774e-04
  1.5200282e-03
 -2.3052150e-03
  3.2237845e-03
  1.5183596e-03
 -4.8899488e-04
 -4.7162685e-01
  3.3091282e-04
 -5.1091111e-01
  9.3485363e-02
  1.0343437e-03
 -3.2655194e-02
  1.5052811e-03
  7.9392118e-04
  3.2244421e-05
  7.6462631e-03
  5.0444960e-05
  2.7074090e-03
  1.2903663e-03
  2.0461769e-03
 -1.3672324e-03
 -3.7243459e-03
  5.5317678e-03
 -6.9855154e-04
  5.8299382e-03
 -9.2768772e-03
  2.9612228e-03
 -1.3668308e-03
 -7.8343949e-04
 -1.0494320e-02
  1.0846504e-02
  1.3394515e-03
 -2.4959812e-04
  1.5119120e-03
  8.1653014e-02
 -1.4754386e+00
 -1.2415526e-01
 -2.6416190e-02
  3.0215991e-01
 -4.7516483e-01
  3.5163713e-01
  5.4992545e-01
  2.1691532e-01
 -7.9404986e-01
  1.2602441e-02
  1.0451885e-02
  4.8360327e-01
 -4.3736872e-01
 -2.1774115e-02
  3.8673455e-01
  4.5646307e-01
  7.9781610e-01
 -4.9295722e-05
 -4.7834411e-01
  6.1040014e-01
  5.2174002e-01
 -6.5440786e-01
  1.9799015e-03
 -1.2186587e-01
  5.3416885e-02
 -2.8023259e-03
 -1.5602052e-01
  3.9586127e-03
  2.3200600e-01
  1.2448705e-01
 -3.1174878e-03
  2.6945566e-04
 -1.6814642e-02
 -8.0379117e-03
 -2.1174355e-01
  2.2561281e-04
  4.6088458e-03
  2.4629813e-03
  3.8143769e-03
 -2.6955782e-03
  9.5956959e-03
  4.3078940e-03
  5.7524131e-03
  8.1299573e-02
  5.3057242e-03
 -1.3711455e-03
  3.5523027e-03
 -2.7140363e-03
  3.9624744e-03
  1.0528561e-01
  5.9173442e-02
  4.0365937e-03
 -4.7651753e-05
 -3.6259931e-02
 -2.5344221e-03
  3.7571369e-04
 -5.2174572e-03
  6.1725304e-03
  1.5028199e-04
  6.6758725e-03
  1.4318357e-01
  8.0646724e-01
 -1.1782094e-01
  9.5652038e-01
  1.0063523e+00
 -1.3042999e-02
 -1.3229249e+00
  1.1783307e-02
  3.8592798e-01
 -7.4273579e-02
 -5.7407284e-01
 -3.8246283e-01
  4.8848498e-01
 -1.7423363e+00
  4.9048686e-01
  6.2746948e-01
  1.2745795e-01
 -2.8254013e-03
  2.3017880e-01
 -3.7384990e-01
 -1.3206946e+00
  1.4042146e+00
  1.1765805e-02
 -3.6287768e+00
 -1.2860560e+00
  4.7024868e-02
  1.3723360e-01
  7.9687731e-04
 -1.3180302e-02
  5.4966257e-04
  1.9634438e-03
 -5.8316004e-01
 -3.3909862e-03
  6.5431339e-03
  5.5172852e-05
  1.0219214e-03
 -8.1619894e-04
 -5.7325708e-03
 -1.0544836e-03
  6.0939271e-04
  3.5141726e-04
 -6.1276332e-03
 -5.1110124e-05
  1.0994539e-03
  4.8959686e-05
 -1.1332005e-03
  2.1731281e-03
 -6.8351871e-04
 -1.5358959e-05
  1.1257716e-02
 -8.3157775e-04
  1.2301989e-02
 -2.9954466e-03
 -6.5973736e-03
  3.3762364e-04
 -7.4809785e-03
  7.8255066e-04
 -3.1432973e-03
 -1.4874592e-03
 -3.9189346e-03
  1.0447834e+00
 -5.7310462e-03
 -3.4196126e-01
 -1.1387434e+00
  2.1327510e-02
  5.6363128e-02
  9.5944047e-02
  3.8301725e-02
 -8.4092939e-01
 -1.8924652e-04
  2.2407983e-01
  1.1527470e-01
 -3.7827764e-02
  7.7075928e-01
 -1.8716370e-01
 -8.5644089e-05
  1.4689155e-02
  4.7509489e-03
  4.1174269e-03
  2.3575230e-03
  5.5977607e-01
  7.8021586e-02
 -4.1110802e-04
  1.6923955e-01
 -5.7737744e-01
 -6.7501445e-03
  3.8308084e-03
 -1.3924454e-03
  2.5319937e-03
 -6.3328664e-03
  2.8786123e-01
 -1.4689837e-01
  3.5348392e-01
 -1.9551979e-01
  9.1177094e-01
 -1.5530017e-01
 -3.3186715e-02
  5.0938867e-02
  4.5152741e-05
 -2.7596676e-01
  1.2252930e-03
 -3.8892846e-03
  1.6650899e-01
  1.0645695e+00
 -1.0821729e-01
  1.5895632e-01
 -7.7084973e-02
  7.8080408e-04
  1.0515150e+00
 -9.3725538e-03
  7.9209451e-03
 -3.4223086e-01
  1.0215484e-03
  1.3415984e+00
 -3.3636361e-02
  1.2468322e-03
 -8.9920970e-05
  3.4822244e-04
 -7.8093356e-01
  2.8947880e-04
  7.6963449e-01
 -2.2369954e-03
 -9.9185206e-02
 -1.2141816e-01
 -8.2209811e-02
  2.6844514e-03
  2.6544277e-03
 -5.6550070e-03
 -1.0257014e-03
 -3.9591775e-03
  9.8873749e-03
  3.4632203e-03
  4.4231890e-03
  3.4689224e-01
 -2.3316491e-01
  1.0579543e-03
  3.1313309e-03
  6.0084276e-03
 -1.1245503e-01
  3.2960053e-03
  8.6278164e-01
 -3.3377928e-01
 -1.5682185e-03
 -1.4168333e-01
 -2.7896352e-03
 -9.4185310e-04
 -6.3177794e-03
  5.4478664e-03
  2.4800932e-03
  5.4400203e-05
 -4.4546236e-04
 -4.3976889e-03
 -5.3073964e-03
  2.1984435e-03
 -1.4990529e+00
  1.4987519e-03
  1.5144580e-03
 -1.6613335e-03
 -1.3296967e-02
  9.8682083e-03
  4.4137896e-03
  6.6428324e-03
  2.0779131e-03
  2.2862105e-04
 -2.8104088e-04
  8.0135809e-03
 -4.9800631e-03
  6.2129856e-03
  1.6154611e-03
 -3.8609903e-03
 -1.1498631e+00
  3.4518838e-03
  6.2049683e-03
 -3.8911493e-03
 -5.3000640e-02
 -3.5895070e-04
  1.7474580e-03
 -6.8083747e-05
  8.1800083e-03
 -1.0004007e-03
  9.5435902e-03
  3.1659185e-04
 -1.2983458e-01
 -3.1811976e-01
  3.4851737e-02
  2.6505711e-02
  5.3833803e-04
  2.4721193e-01
 -3.8707629e-03
 -1.5477010e-03
  3.3620915e-03
  9.0819076e-03
 -1.7111879e-03
  1.0512330e-01
  1.0750925e-03
 -3.0033924e-03
  6.8133851e-03
  2.7782582e-03
 -1.8997238e-03
 -4.6258494e-02
  2.9078374e-02
  3.1783427e-03
  3.9310111e-03
 -1.3819999e-01
  2.2029800e-03
 -1.7959814e-03
 -1.4678565e-03
  1.6732598e-04
  1.0323887e-03
  5.4178205e-03
 -1.1144729e-03
 -1.6035724e-03
 -4.2923214e-03
  2.1042551e-03
  4.0703220e-04
  1.0314896e-02
 -1.1828157e-02
  5.6599299e-03
  4.4127153e-03
 -7.9394458e-04
 -8.8459189e-04
 -1.1155107e-02
 -2.9518686e-02
 -1.9521331e-03
  6.2731444e-04
 -4.2920202e-02
 -2.9157584e-03
 -3.9843374e-04
  2.6508506e-02
  1.1062069e-02
 -4.4437735e-03
 -3.2618679e-03
 -9.1560143e-01
  8.0533847e-03
  1.1634849e-03
 -4.6612341e-03
 -7.0380536e-03
  2.5926399e-04
  1.2437088e-03
  1.3663229e-02
 -4.7839736e-03
 -4.1280761e-03
 -6.2527279e-03
 -1.6589849e-03
 -7.0300912e-03
  2.3282850e-03
  7.9942602e-01
  3.0088779e-03
  1.5411542e-03
  1.0071550e-03
 -1.7992250e-03
 -4.5846283e-04
 -1.2776890e-02
  6.8034851e-03
  1.2697836e+00
 -2.3806009e-03
  3.1476305e-03
  9.3315197e-03
 -3.1466954e-03
 -5.8956374e-03
  6.8123559e-03
 -7.8723555e-05
  1.6038986e-03
  2.1726878e-03
 -1.7136850e-03
 -4.9768444e-03
  5.7513532e-03
  2.0172626e-03
 -2.7336231e-03
  1.6358772e-03
  1.2255965e-03
  9.9636763e-03
 -1.4892956e-03
  1.1827615e-02
  2.8305734e-03
 -1.2870802e-04
 -5.7823416e-03
  4.2442912e-03
  2.7037409e-04
 -1.1476158e+00
  1.4858331e-04
 -4.0800241e-03
  8.2828961e-03
 -1.7986048e-04
  3.7824186e-03
 -1.2459118e-04
  8.2318988e-03
  7.4150288e-05
  1.0022538e-03
  1.7429878e-03
  6.7419591e-03
 -4.3221377e-03
 -4.4704410e-03
 -8.0055166e-03
  7.6183415e-04
 -8.0423936e-04
  5.7729863e-04
 -1.6872069e-03
 -3.9587864e-03
  1.0356405e-02
  1.6267088e-04
  2.1627431e-03
  5.0426829e-03
  2.3828818e-01
 -3.4694513e-03
  1.3901910e-03
 -1.0307709e-02
  5.7176449e-03
  1.8903728e-03
 -3.3414585e-03
 -2.2806337e-03
 -3.8439999e-04
 -4.6195020e-03
 -2.1964300e-02
 -1.3468538e-03
  7.9064490e-04
  3.5472098e-03
 -4.8379623e-03
  5.7060786e-02
 -5.4834154e-04
 -5.4257284e-03
 -5.0024725e-03
 -2.1870996e-04
  1.3428819e-02
  4.5503364e-03
  1.4836520e-03
  4.3414661e-04
 -8.6655887e-03
  4.0690741e-03
  8.6227478e-03
 -3.6508315e-03
  7.9204037e-04
 -4.0839803e-03
 -1.7484952e-03
  1.0118919e-04
 -7.2339172e-03
  8.8759400e-03
 -6.2850313e-03
 -1.9129638e-03
  5.5599990e-03
 -3.3582472e-03
 -7.2753099e-03
 -9.0859598e-03
 -1.6752584e-02
  8.1988849e-04
  9.1484486e-04
 -1.4370009e-02
 -2.2682641e-04
  5.8240811e-03
 -1.4495732e-03
  4.9649831e-03
 -7.7557839e-03
  5.1830858e-03
 -1.1085574e-02
 -7.2040416e-02
  1.9260271e-03
 -3.3214316e-03
  3.2235945e-03
 -3.2516304e-01
 -2.0137335e-04
  1.8204811e+00
 -5.8287358e-01
  4.1377731e-02
  7.9022533e-01
  2.6663251e-03
 -6.8670683e-02
 -5.5119556e-01
  1.0737072e+00
  2.1630366e-01
 -8.6017840e-02
 -8.0690868e-03
 -2.6022572e-02
  8.1499487e-02
 -1.4881708e-01
 -1.0847206e+00
 -2.2292160e-03
  2.0141110e-01
 -1.4846754e-03
  2.7478042e-01
 -1.2757565e-01
  3.4160942e-03
 -1.0278231e+00
  1.6768698e-02
  3.9634141e-01
 -2.4357907e-01
  1.6051851e-02
  1.0735224e-02
  1.0418545e-03
 -7.2004860e-03
 -1.3411410e-02
 -1.0897389e-03
  8.1798322e-03
 -6.5588456e-04
  3.4574107e-03
  4.2517117e-04
 -4.3115829e-04
  3.9516811e-04
  1.2292383e-04
 -1.2873099e-03
  9.1231847e-04
  3.4115596e-03
  2.0493032e-02
  8.8921841e-03
  3.2117609e-03
 -3.6259695e-05
  3.6121141e-03
 -2.1914239e-03
 -1.3727054e-03
  4.5898105e-03
  1.9416731e-02
  1.5247109e-03
 -1.5990012e-03
 -1.5954500e-03
  1.8448858e-03
  7.0169675e-03
 -1.4889929e-03
  2.2164143e-03
  3.7061386e-03
 -8.6166197e-03
  2.2296354e-03
 -1.9468386e-03
 -6.0895048e-03
  8.2501154e-03
  1.2775862e-03
  1.0164811e-01
 -7.7327644e-04
  2.3846503e-03
  5.0192275e-03
  8.1276847e-03
 -4.5007142e-01
 -7.5622596e-04
  2.7081412e-03
  2.7055868e-03
 -2.8975720e-02
  1.6846017e-03
 -2.9659444e-03
 -6.8531460e-03
 -4.4497456e-03
 -6.2348426e-04
  5.0796433e-03
 -9.2687877e-03
  1.4425245e-04
  8.8858110e-04
  3.7527900e-02
  1.2765052e-03
 -3.9688721e-03
 -9.5561584e-03
  7.4642344e-04
  3.1198194e-04
  2.0239898e-03
  1.5148242e-01
  1.1534395e-04
 -7.7428764e-01
 -1.2319738e-01
  2.9729956e-03
  4.9972825e-04
 -1.2359838e+00
  1.9728064e-03
 -1.0234025e+00
  7.0097190e-03
 -8.4208459e-01
  4.5310456e-01
 -2.8495372e-03
  3.2549150e-02
 -5.4891113e-02
  1.8296657e+00
 -2.7144663e-03
 -4.8786783e-01
  7.0837748e-01
  4.4801188e-04
  8.9530172e-03
 -4.8447698e-03
 -8.9658406e-03
  4.8056571e-03
 -2.2415455e-02
  4.6558073e-03
  3.8000965e-04
 -6.7400402e-01
  6.1017647e-04
 -6.4980757e-01
 -5.7484198e-01
  1.6402530e-02
 -1.0822898e+00
 -2.4763349e-01
 -8.5295467e-03
 -4.8139900e-02
  5.8142567e-01
  3.1018445e-01
 -2.6286042e+00
  3.3718938e-01
  1.0661840e+00
 -3.3364737e-01
 -8.0234632e-02
  2.0760944e+00
  2.7261588e-01
 -1.2395120e+00
  4.0137343e-02
  6.9139642e-01
 -8.9092791e-01
  3.8437226e-01
 -2.0221411e-03
  2.8838837e-01
 -3.7155919e-02
  7.3161133e-02
  3.0179129e-03
 -2.0758897e-01
  7.0101616e-04
 -1.2443093e+00
  4.3320823e-03
 -1.1963448e-02
 -1.1759135e-03
 -1.4812386e-03
  1.8474128e-02
  9.3621965e-03
 -2.3048935e-03
 -3.4560610e-03
 -1.7322322e-03
 -5.2435291e-03
  2.2028992e-01
  4.4475142e-03
  4.9482617e-03
  7.1278925e-04
  4.7961096e-03
 -1.1848941e-02
 -1.2765436e-03
  2.1018861e-03
  5.1196117e-02
  4.2276536e-03
 -7.0873867e-03
  2.0871663e-03
  1.3932731e-03
  1.1837402e-03
 -6.1927433e-04
 -5.3254168e-02
  3.0327744e-03
  1.6194725e-03
  1.2814722e-03
  9.8250271e-04
 -4.7813267e-03
  2.5031595e-03
  4.1418305e-01
 -2.3586568e-03
  4.7853064e-06
 -4.9359132e-02
  3.9541867e-04
  4.5491842e-04
 -8.9501366e-03
 -6.6988654e-03
 -8.3017834e-03
 -6.8049901e-04
 -3.3338333e-03
  4.8004100e-03
 -1.0874629e-03
 -2.5800699e-03
 -3.3927918e-03
 -6.3542146e-03
  4.2705042e-03
 -6.0565067e-03
 -3.0376684e-04
 -1.3046354e-03
  4.1986932e-03
 -6.9165340e-04
  3.3633571e-04
  4.0138159e-03
  1.6052676e-04
  1.2415940e-02
  2.1098788e-01
 -2.0630278e-03
 -3.8221013e-03
  4.4721928e-03
 -1.7456454e-03
  1.2246641e+00
 -1.2624052e-02
  7.7954940e-02
  3.1127626e-01
  3.4973188e-03
  3.4956161e-03
 -1.0006067e+00
 -1.9403615e-03
  7.0629627e-03
 -5.5108941e-04
  7.2781571e-05
  2.3436585e-02
  1.1819519e-02
  4.6869099e-02
 -1.0271550e-03
 -6.4635491e-01
  1.6626223e-03
  7.5919763e-04
  2.0023613e-04
  6.0128112e-04
 -1.3496231e-02
  8.3489537e-02
  2.7051927e-03
 -5.2841138e-03
  3.4563639e-04
 -4.0337052e-03
 -3.1582643e-03
 -1.1019482e-02
  6.2308917e-03
 -1.6262797e+00
  3.1326619e-01
 -4.2885256e-01
  1.3321321e+00
  3.4495670e-01
  2.1022232e-02
  1.3731617e+00
 -2.4490471e-01
  6.1851227e-01
  4.1491064e-01
 -4.2174420e-01
 -1.5704710e-02
  5.5701083e-01
 -1.9215731e-01
 -1.5930353e-01
 -7.6814690e-03
  8.1908226e-01
  1.1307381e+00
  7.8484833e-01
 -8.3043009e-01
  1.1169284e-03
  2.2997743e-01
  3.4158609e-03
 -2.4126601e-01
 -3.7042198e-01
 -2.3120176e-03
  1.3059153e-01
 -4.5581805e-03
  6.6264286e-03
 -3.8555928e-02
 -9.6814404e-04
 -9.5865000e-03
 -2.2187719e-01
 -2.5089910e+00
 -1.3651501e-03
 -1.0200620e+00
  6.7940094e-03
  2.5241182e-03
  9.3990238e-03
  3.3060918e-03
 -3.3276118e-03
  3.0704928e-03
 -4.6059871e-03
  1.4184627e-02
  4.7404873e-03
 -8.6585165e-04
 -1.3253575e-03
  4.7005978e-03
 -4.9577104e-03
 -1.2235618e-03
 -5.2137072e-03
  9.3550812e-03
  6.2182262e-03
  2.2713342e-04
 -4.5484039e-03
 -2.8439506e-03
  8.5134106e-04
 -9.9845805e-05
  1.2776064e-03
  4.1902260e-04
  1.5739837e-01
  1.1742859e+00
  2.0601749e+00
 -4.1397163e-01
 -1.8540670e-01
 -1.0703068e-03
 -6.5447544e-03
  1.3435124e-02
  2.8882632e-01
 -2.0397399e-03
  1.4343662e-03
  3.0817598e-01
 -4.9001881e-01
 -5.2544498e-01
 -8.2263816e-03
 -3.8771715e-03
 -6.6986479e-02
 -7.0638428e-03
 -5.4496348e-01
  1.2196676e-01
  5.0021893e-01
  5.4639734e-02
 -1.3224658e-02
 -5.8752920e-02
  3.0312824e-01
  5.0579677e-03
 -4.1981912e-03
  8.0198264e-03
  5.7137175e-04
 -7.0332456e-03
  5.0033671e-01
  7.4084178e-02
 -1.0155553e-01
 -4.3330270e-01
 -1.1353734e-03
 -3.8072395e-03
  1.5655447e-04
 -6.4977068e-01
  2.5011731e-02
  1.3201348e-04
 -2.4656914e-03
 -1.2402591e-02
 -9.7148959e-03
  1.9284110e-03
  5.6849918e-03
 -5.6154798e-03
 -5.0283913e-03
  1.4854464e-03
 -9.5043033e-02
 -2.5569787e-02
 -1.0293182e-03
 -2.8742661e-03
 -2.6471214e-03
  2.2500346e-03
 -4.2846813e-03
  1.2641470e-03
 -2.4838040e-03
  3.9103564e-02
  5.7248012e-03
 -4.6319654e-03
  1.4959986e+00
  1.2419516e+00
  2.3182435e-01
 -9.7028893e-01
 -6.5166332e-02
 -2.8308418e-01
  1.9070977e-02
 -4.0109900e-01
 -6.0480204e-04
 -6.6646904e-01
 -1.0306547e-02
 -1.3472517e-01
 -6.3528687e-02
 -5.5529529e-01
 -6.6389990e-01
 -1.1046518e-02
  5.9328485e-01
  2.1392831e-03
  9.2064729e-03
 -5.6059146e-03
 -2.0541228e-02
  5.9820432e-03
 -1.8885707e-02
 -2.2130331e-01
  2.2502790e-01
  3.5730314e-03
 -1.2940376e-03
  6.4674397e-03
  1.1212922e-02
  8.7464938e-04
  2.8472522e-02
  7.9210999e-04
 -1.6341608e-02
  2.1481090e-03
 -6.9368444e-03
  6.9650076e-04
 -6.8743555e-03
 -3.5668111e-03
 -2.7146169e-03
 -1.0616671e-03
  2.4510524e-03
  6.2864892e-02
  2.5294778e-01
  4.8224130e-03
 -2.2678471e-03
  3.7322097e-02
 -6.0489005e-03
 -4.9499886e-05
  2.4619163e-03
  2.5993881e-03
  9.7510970e-01
 -1.1299836e-03
  1.4329117e-02
  2.3997070e-03
 -2.4536503e-03
 -1.3853463e-03
  1.3830540e-03
  2.1278921e-03
 -1.3954620e-03
  2.0843565e-03
  6.0167646e-01
  6.7161387e-03
  3.3747950e-03
  9.9504095e-01
  1.8567811e-01
  3.0523139e-01
  7.7725017e-01
  1.8583304e+00
  3.2505067e-03
  2.5194311e-01
  1.8588434e-01
  8.8077128e-01
  8.6339951e-01
  8.1817210e-03
  1.6545989e-01
  1.4731799e-01
  8.8592187e-02
  1.5165125e+00
 -6.1410089e-04
 -4.6203563e-01
  1.8074051e-01
  1.0306160e+00
  4.7097933e-01
 -1.6246125e-01
  7.9833955e-04
 -8.7987998e-04
 -2.8224185e-03
 -4.6358887e-02
  4.5630597e-03
  1.2830938e-03
 -5.8692825e-01
 -4.7479286e-03
  7.3548712e-02
  1.1071469e-01
 -2.5941670e-01
  3.9339100e-04
 -2.2663265e-03
  6.8665318e-02
  2.3190662e-02
 -9.4094423e-05
 -3.2102452e-03
 -2.2119868e-01
 -9.7017884e-02
 -6.7096293e-02
 -3.0051942e-03
 -6.5859579e-03
 -1.5030164e-01
  2.0472624e-03
 -5.0544988e-02
  3.9800620e-03
 -2.5795407e-03
 -3.1571990e-01
  2.3516868e-03
 -6.2940987e-03
  3.3687128e-04
  1.4761191e-02
 -1.3187003e-03
  2.4498811e-03
 -2.4167662e-03
 -3.4898933e-02
  1.9350153e-01
  5.8759713e-01
  5.3529078e-01
  6.7908600e-02
 -1.2055723e-01
 -1.7747681e-01
  2.9915253e-05
 -9.4958866e-01
 -6.1956280e-01
 -2.3456812e+00
 -3.8807601e-01
 -3.4988809e-01
  1.1890022e-01
 -4.4922456e-03
 -5.6817281e-01
 -8.4493870e-01
 -7.5087912e-02
 -3.4890121e-01
 -1.9830549e-01
  2.5621685e-03
 -8.2889086e-01
 -5.3901362e-01
 -4.6682268e-01
 -3.7305217e-02
 -5.3203356e-02
  5.0360793e-03
  4.6547204e-03
  3.5912046e-01
 -9.0561935e-04
 -3.4726748e-01
 -1.4083822e-03
 -2.0453949e-03
  1.9465061e-03
  1.5762342e-03
  6.8650703e-04
  9.3501294e-04
  6.2463344e-03
 -7.2238623e-04
  1.0866061e-03
  3.6182278e-03
 -8.5142534e-04
 -5.3742691e-04
 -4.6456782e-03
  1.5897092e-03
  3.2666202e-03
  3.6045685e-04
  5.5862212e-04
 -1.4642871e-03
  3.8859525e-04
  8.1434026e-03
  5.9131056e-01
 -5.4392789e-04
 -4.7924370e-03
  8.2191534e-04
 -2.1351953e-03
  3.1313619e-03
 -4.9012899e-03
 -2.8858909e-03
  2.7292017e-03
  2.6037015e-03
 -3.5041898e-02
  9.7794309e-02
  1.1318185e-02
 -3.5240951e-01
  1.6519846e+00
  3.5334807e-03
 -3.7677442e-03
 -6.3448586e-03
  1.9416474e-03
  1.8398653e-03
 -7.2347192e-04
  9.8477735e-04
 -1.3810440e-03
 -6.4543267e-03
  5.3121813e-02
  1.4914768e-03
 -7.7529531e-03
  7.2064303e-04
  2.2006968e-04
  9.0858517e-03
 -1.4997248e-03
 -8.9568668e-04
 -6.8162126e-04
  1.2680483e-02
 -2.8205551e-03
  7.2135575e-02
 -2.6712482e-04
 -1.0315905e-02
 -1.1209564e-03
  2.9986402e-02
  1.3213199e+00
  1.9083247e+00
  6.0102034e-01
 -1.4742328e+00
 -6.0610771e-01
  1.9271025e-01
 -1.8898529e+00
 -1.6500452e+00
 -1.8443046e+00
 -3.2842898e-01
  2.0164660e-01
 -3.9436707e-01
  1.4911826e-01
 -1.0090311e+00
  1.8165082e-01
  4.5106611e-01
  2.6526695e-02
 -6.6277009e-01
 -7.0823079e-01
 -3.7445414e-01
  4.2700356e-01
 -4.8319229e-01
 -1.5844832e-01
  8.1494547e-02
  2.2504102e-01
 -1.3626300e-01
 -1.7449142e-01
  9.1197697e-04
 -5.7428643e-02
  1.2105785e-02
  3.9509088e-02
 -4.3776664e-03
 -6.8092970e-03
 -2.0277030e-03
  2.1075950e-05
  9.9662459e-04
 -6.9209537e-03
 -5.2223746e-03
  4.4377996e-03
 -6.4975447e-03
 -4.2681731e-03
  5.1663625e-03
 -4.2839646e-03
  2.5401667e-03
 -4.9837562e-04
 -2.1233065e-03
 -3.9211619e-03
 -4.7522940e-04
 -1.3076314e-03
  1.0831008e-03
  6.0099794e-04
  2.5170613e-03
  6.1506969e-03
 -3.0341514e-03
 -2.4813142e-01
 -3.0022955e-03
  3.6360298e-03
 -2.3722732e-03
  5.1896013e-03
 -2.2482674e-03
  1.0149988e+00
  2.9336240e-02
 -2.1553412e-03
 -9.1862071e-01
  2.2724124e-03
 -3.9897047e-02
 -2.0123887e+00
 -2.0968113e-02
 -6.9891163e-03
 -6.7636711e-03
 -3.1795313e-03
  1.9245779e-02
 -1.0387242e-03
  6.3443370e-03
 -1.3432609e-03
  1.0182176e-03
 -1.0519703e-03
  7.2620460e-03
  6.5160757e-03
  4.0288437e-03
  1.8609056e-03
  1.1846564e-03
 -1.0878937e-02
  5.0698505e-03
  4.1129714e-04
  2.9986692e-03
 -2.9861177e-03
 -7.7708758e-04
  1.0703058e-02
 -4.8193653e-04
  8.7655708e-03
  1.8281708e+00
  4.9903134e-01
 -6.4703935e-01
 -6.4129159e-02
  4.5594107e-03
  1.2396247e-02
  1.7552069e-01
 -1.0094979e-02
 -3.1943975e-03
  5.8443547e-05
  1.5770787e-03
 -1.3695958e-03
 -1.9131772e-03
 -4.1301105e-02
 -5.0706580e-02
  4.5846042e-01
 -3.1600280e-03
  1.2182357e-03
 -3.6219397e-01
 -1.9643152e-05
  2.5793789e-02
 -1.9037045e-03
 -1.3152683e-01
  1.6410099e-04
 -1.3551533e-03
  2.2425398e-03
  1.1439648e-02
  1.1225120e-03
 -5.6437945e-01
 -1.4638309e+00
  6.1509579e-01
 -7.6216239e-01
  4.2113447e-01
  1.3768353e-03
 -8.7301441e-06
  4.8363610e-04
 -7.0212287e-01
  8.1149889e-03
 -2.1973481e-04
  1.3863259e-03
 -6.6242999e-01
  1.0845304e-02
 -2.7947041e-01
 -2.5314173e-02
 -3.4389046e-03
 -2.3737311e-01
 -4.0052780e-03
 -3.0500484e-01
 -6.4415120e-02
  4.1225483e-04
  1.0104278e-02
  4.4281264e-03
  1.3403631e+00
  5.5030086e-03
 -3.1321447e-03
  7.1531441e-03
  1.5582968e-02
  1.3549707e-02
  2.6531441e-03
  5.6594813e-01
 -5.5175745e-01
  1.4408387e+00
  5.3190273e-01
  7.6160192e-01
 -2.2275005e-02
 -4.4764178e-03
  1.0519935e+00
 -2.0847119e-02
 -1.5331838e-02
  1.5459795e-03
 -1.1820155e-02
 -7.8392355e-03
  1.0532395e-03
 -9.8961197e-02
 -1.1582660e-02
  6.1024435e-02
  4.4926599e-04
  4.5002435e-04
  1.5330197e-01
  5.9695600e-04
  5.0749225e-03
 -1.7537357e-02
 -1.2992352e-01
  1.0439661e-02
  1.5606821e-04
  5.6967861e-03
  4.1842982e-03
  9.9750978e-05
 -1.9176953e-03
 -3.9991048e-01
 -1.9766677e-03
  1.4084473e-01
  8.9960420e-01
  3.0195824e-04
  2.6619373e-04
  1.1611924e-03
  4.6843707e-04
  1.2767407e-02
  1.3280896e-03
 -3.2558564e-05
 -7.6102302e-03
 -7.5594308e-03
 -2.4930248e-02
  8.3694935e-01
 -4.3801540e-03
  1.1087714e-02
 -6.6760072e-04
 -1.5026968e-02
 -2.3695565e-04
 -5.9184492e-01
  2.5471264e-01
 -8.7943347e-03
 -3.7209864e-03
  1.0324670e-01
  8.9801177e-03
 -1.8564161e-03
 -3.3601990e-03
 -1.1685466e-03
  3.2523063e-03
 -6.1946828e-03
 -9.1821502e-04
 -3.6694558e-04
 -1.0348416e-03
  2.5345889e-04
  3.3207764e-03
  5.8036214e-03
 -3.4810274e-03
 -4.5458844e-04
  1.8119155e-03
 -1.9863907e-02
  2.7958550e-03
 -7.6286291e-04
 -5.9589941e-02
  2.0389480e-03
  1.0045065e-03
  9.2533615e-04
 -1.3318533e-03
  2.8247309e-01
 -8.1396932e-03
  5.1851268e-03
 -3.1242687e-03
 -1.9813971e-01
 -7.2623412e-03
  6.8574948e-03
 -4.3368466e-02
  2.6284587e-03
 -8.8526513e-03
  8.0728596e-03
  5.3218785e-03
  6.2689715e-04
 -1.4327736e+00
  1.8404035e-01
  3.9692450e-02
  2.8336640e-03
 -2.4780622e-03
 -7.3130918e-03
 -2.5934633e-03
 -5.0316444e-03
  6.0215113e-03
  1.6882122e-03
 -3.2469081e-03
  1.1510522e-02
 -2.5206944e-02
  5.8522537e-02
  1.4133034e-03
 -2.2749044e-02
  8.0319917e-01
 -4.9057207e-03
  1.1913277e-02
  3.7390729e-03
 -5.9401100e-03
 -9.3357795e-04
  8.9499511e-02
 -1.8897657e-03
  8.1862239e-03
 -8.6138702e-05
  2.1522858e-03
 -7.4965341e-05
  5.4238727e-03
 -1.3226917e+00
 -1.4000829e+00
  1.3850455e+00
 -7.1452147e-01
 -2.7419712e-02
 -3.1384265e-01
 -3.5903833e-03
 -8.6860460e-01
 -7.7996618e-01
 -1.1886106e-01
 -1.2086950e-04
  3.2480836e-01
  3.0829716e-03
  3.6980279e-02
 -4.6007115e-01
 -1.1242317e-03
 -7.9444861e-01
 -4.1294262e-01
 -4.0434036e-02
 -1.0021226e+00
 -2.4508706e-03
 -2.4699621e-04
 -1.0871033e-03
 -6.7571008e-01
 -1.8401346e-01
  3.9793686e-03
  5.8869692e-03
  6.8506375e-03
  3.0096620e-03
 -7.0108846e-03
  2.0178666e+00
 -6.1835557e-01
 -1.0246917e+00
 -3.7299573e-01
  5.5851442e-01
  2.1887691e-01
  3.3997220e-01
  7.8677481e-01
  1.8731610e+00
 -6.9211990e-02
  7.0435472e-04
  3.9023772e-01
  9.4246313e-02
 -1.6060960e-02
  1.3881994e+00
  1.3916412e-01
  1.3005047e+00
  1.1672728e+00
  8.8996577e-01
  1.2518684e+00
  5.2735303e-02
 -7.7558704e-02
  5.9242862e-01
  6.9524795e-02
  5.2362931e-01
  1.7852985e-03
 -2.0482235e-01
 -3.4598130e-01
 -8.7327972e-02
  2.3900369e-01
  5.4963392e-01
  2.0308882e-01
  1.0168045e+00
 -1.1275022e+00
  1.2836399e-03
  2.6808813e-04
 -3.5635795e-02
 -4.0365368e-02
 -8.4459282e-02
 -4.5564305e-04
 -1.1058961e-03
  3.0132399e-03
 -1.1311471e-03
 -1.9074090e-02
  2.1236854e-02
  6.5853406e-04
 -6.5087348e-02
 -4.4596705e-01
 -1.1314006e-03
  5.2515459e-03
  3.6025238e-01
 -5.2952062e-04
 -1.0029324e-03
 -2.9366342e-03
 -3.5216429e-03
  1.7805715e-04
  2.6040811e-03
 -2.5655383e-03
 -1.8296244e-03
  1.4539665e-03
 -5.8411283e-04
  9.0751946e-03
 -4.2675161e-03
 -1.4962377e-03
  8.8475160e-03
 -6.2564025e-03
  2.9008600e-03
  1.3103383e+00
  1.4988644e-03
 -2.2921704e-05
  3.0695123e-03
 -6.3200048e-03
  2.8829505e-03
  5.7724997e-04
  3.4554598e-03
  8.2148751e-03
 -3.5376064e-03
  1.1640780e-03
 -6.5534788e-01
  1.4090294e-03
  2.6701826e-03
  5.0684186e-03
  3.8145686e-04
  1.9221499e-03
  7.4451411e-04
 -7.8647146e-03
 -6.6232902e-04
  9.3129212e-03
 -5.1315682e-04
 -5.0393288e-04
 -2.7903891e-01
 -2.8902635e-03
  1.9030685e-02
 -1.8209178e-03
 -1.2412874e-03
 -7.2673931e-05
  4.9402625e-03
 -7.3618907e-03
 -8.3867001e-04
  3.3906149e-03
 -4.1362033e-03
  1.2803844e-03
 -3.7782658e-02
  5.9482506e-03
  2.5702291e-03
 -2.9742159e-03
  9.1289822e-03
  1.3685435e-02
  5.9405470e-01
  3.1017752e-03
  1.1937533e-03
 -8.0737699e-04
 -3.6223785e-03
  1.8144244e-01
  7.5821030e-05
  6.3516023e-03
 -2.1112829e-03
  5.7957927e-04
  1.3650134e-03
  3.2834563e-05
  8.7313598e-01
  9.8641264e-01
  8.3220655e-01
 -1.1080272e+00
 -5.4282230e-01
 -4.1418093e-01
 -1.1893352e+00
  1.0157099e+00
  8.9019515e-02
 -1.2505536e+00
 -3.5671905e-01
 -1.1014470e+00
 -1.0156531e+00
 -8.2069707e-01
 -2.8098333e-01
 -4.7550747e-01
 -1.7748871e+00
  1.5635784e-01
 -1.2281784e-01
  6.5812808e-01
 -8.9434713e-01
 -1.2451930e+00
 -3.5932788e-01
 -5.1243738e-03
 -1.9975284e-02
  9.4548725e-03
 -4.4742835e-01
  3.2379642e-01
 -5.0548622e-03
 -1.3111369e-03
 -7.3892036e-03
  6.5172899e-01
 -5.0524976e-02
  1.1442060e+00
  4.8347511e-03
  3.4260352e-03
  8.0654165e-04
  4.5409487e-03
  7.9936301e-03
  2.2134902e-02
 -2.5404832e+00
 -4.7525615e-03
 -1.0598595e-03
 -4.6802562e-04
  2.6625555e-04
  2.8463220e-03
  3.8808557e-01
 -7.4077085e-02
 -3.7765909e-02
 -8.6089335e-03
  3.6288069e-03
  2.2237130e-02
 -9.1667539e-03
 -4.4543864e-03
 -2.0559299e-04
  2.6286026e-03
 -5.1690191e-03
 -1.0353242e-02
  2.7347936e-03
 -4.0553384e-03
 -3.6872990e-04
 -4.1086372e-04
 -3.2055113e-01
  8.3295919e-02
 -1.8341024e-01
 -1.9465746e+00
  1.1084036e+00
 -9.8044091e-01
  3.5269120e-01
  2.3976164e+00
 -5.4313165e-01
 -1.0525984e+00
 -2.7144414e-03
 -7.3008114e-01
 -4.1639686e-02
 -2.2480085e-02
 -1.1932733e-02
 -4.0914166e-01
  8.8053417e-01
  8.2179755e-01
  1.1921218e-02
  5.8097171e-04
  3.4852532e-01
 -1.3038567e+00
  1.1004457e+00
  2.0959701e-01
 -2.7543226e-01
 -1.2699694e-03
 -1.8226402e+00
 -4.8836580e-01
 -1.0200304e-02
  7.4746013e-02
  1.7861795e-01
 -1.3035108e+00
 -4.8481768e-01
 -1.2222452e+00
 -5.0059897e-01
 -5.3766865e-01
  3.0762497e-01
  5.2833027e-01
 -2.9153618e-01
 -1.4246812e+00
  8.1355218e-03
  1.9765837e-01
  1.6025479e+00
  7.5136542e-02
  1.6153917e-01
 -2.5450113e-01
 -2.5123745e-01
 -3.4461489e-01
 -1.7745514e-01
 -2.4602244e-02
  2.9863483e-01
 -3.4837008e-01
  6.9901806e-01
  5.1422000e-01
 -3.4275409e-02
  1.8627094e-02
 -8.5689914e-01
 -6.5737724e-01
  1.8848684e+00
 -1.0860893e+00
 -4.5943917e-03
 -2.9437704e-04
 -2.2946835e-02
  1.2623826e-01
 -1.0028203e-01
  1.6170351e-01
 -7.6080978e-01
 -9.3890125e-01
 -9.8845087e-02
  2.2210790e-01
  3.6398381e-02
 -3.6944181e-01
 -1.2026613e+00
 -5.3983593e-01
 -7.9261470e-01
  8.3346444e-04
  9.3112365e-05
 -2.4105685e-03
 -5.8068945e-03
  4.2946711e-03
 -2.7482148e-02
  8.5641316e-04
 -1.0445164e-01
 -5.4322064e-01
 -9.3087548e-01
 -7.0090699e-03
  7.3406088e-01
 -1.1241144e+00
  3.2515213e-02
 -1.0659472e+00
  8.4171808e-01
 -4.0738809e-01
  9.6890274e-03
  3.2245601e-03
 -1.6896423e+00
 -1.8005382e-01
  5.9881214e-02
  1.1206747e+00
 -1.0285544e-02
  1.5308527e+00
 -2.9673383e-01
  3.9297432e-02
  2.1214594e-01
  1.9078074e+00
  2.6833138e+00
  2.8362470e+00
 -1.6015697e+00
 -1.0701554e-01
 -3.3634450e-02
  3.4368323e-04
 -7.9507500e-01
  3.5038459e-01
 -8.9751256e-01
 -8.7217122e-02
 -4.0347373e-01
 -5.8318692e-01
 -1.1300956e+00
  3.5783739e-03
  3.5594788e-01
  1.0193779e+00
 -1.3886260e+00
 -4.0049997e-01
  2.1997213e+00
  2.2968556e-01
 -4.8097074e-03
  1.9371561e-03
  3.8266648e-05
  4.6262756e-01
  4.6474105e-03
  1.6409674e-01
  6.0366911e-01
 -1.4575182e+00
  3.0136257e-01
  8.2947946e-01
  1.4095694e+00
 -1.4430876e+00
 -2.5239134e+00
 -2.8394823e+00
  3.3214915e+00
  7.6889331e-03
  1.1296790e-03
  3.0394849e-01
  1.7233574e-01
  2.0084116e+00
  1.1409708e+00
 -4.6634111e-01
 -7.2040820e-01
 -6.0631621e-01
  1.7270662e-01
 -5.9780120e-03
 -4.7344834e-01
  1.5278056e+00
  1.1520889e+00
  1.5223769e+00
 -3.1265447e-01
  4.0843911e-02
 -1.6232572e-01
 -7.1922734e-02
 -5.4082155e-01
  1.2397738e+00
 -7.3365515e-01
  3.8761193e-01
 -5.0115371e-01
 -6.6888416e-01
 -2.7521620e+00
  2.1008402e-02
 -1.3226290e+00
  4.2098221e-01
  4.0746024e-01
  8.2764149e-01
 -1.4226333e+00
  5.5639303e-01
  4.0405584e-03
  9.5093355e-04
 -2.8940147e-01
 -6.5065466e-02
 -1.4998545e-01
 -9.8096216e-01
  4.8443025e-01
 -1.8948415e-01
  8.5276359e-01
  2.0341773e-02
  4.0595725e-01
  1.4405922e+00
 -4.4149730e-01
  4.1961682e-01
 -5.0832307e-01
  6.6104583e-02
  1.7172955e-01
  1.5239168e-03
  6.5627867e-01
  5.2086496e-01
  1.3647213e+00
 -1.7940295e-01
 -2.8522369e-01
 -1.2946931e+00
  4.8774561e-01
  1.9442142e-04
  1.8758056e+00
 -1.2725201e-02
 -9.8351948e-02
 -9.8317796e-01
  1.1892853e+00
  7.2174001e-01
 -3.3125792e-02
 -1.2263264e-01
 -1.0182660e+00
  1.3021735e+00
 -1.5883579e+00
 -2.2918789e-03
  9.7242486e-01
  5.7303226e-03
  2.1310888e-02
  5.0461316e-03
  4.9805190e-02
 -1.1675547e-01
 -1.0805224e+00
  7.0682347e-01
  9.7566378e-01
  5.1222857e-02
 -3.4718457e-01
  7.5412914e-03
 -1.8667691e+00
 -3.4999502e-01
 -4.2035803e-04
 -1.6028632e-03
 -6.2633576e-03
 -8.7861292e-04
  5.2707869e-04
  7.8825804e-04
  1.7977092e-01
 -1.0315963e-01
 -8.4527838e-01
 -2.4037738e-01
  4.9210781e-01
 -5.5417502e-01
  1.0843038e-01
  7.0721144e-04
  1.9530066e+00
  1.1323400e-01
  2.6138130e-04
 -4.5466553e-02
 -2.3566320e+00
 -2.5126950e-03
  1.3531995e-03
 -1.6145773e-03
 -1.0067740e-03
 -4.6933565e-01
 -5.7036984e-01
 -3.1542446e-02
  3.3508140e-01
  1.6048087e-01
 -1.6414738e-01
  6.5660290e-03
 -6.2655315e-02
  1.1312781e-01
 -1.7544092e-01
 -1.1555469e+00
 -3.6796564e-01
  1.5235699e+00
  1.6770054e-01
  2.0223632e+00
 -8.6686023e-02
  1.2146647e-01
 -6.0731113e-01
 -6.8513507e-01
  7.0476788e-01
  1.6337303e+00
  1.8495218e-01
  1.3168754e-01
 -7.8398508e-01
 -6.8064457e-01
  2.7152535e-02
  1.8206412e-01
  3.6887591e+00
  8.9314533e-03
  1.8264835e-03
 -3.8949111e-03
  1.3734429e+00
 -1.2550429e+00
 -2.8209383e+00
 -2.8215733e-01
  2.4172395e-01
 -1.2844740e-01
 -2.2559749e-01
 -2.0842533e-01
 -2.7812499e-01
 -1.0390766e+00
 -7.5757485e-03
 -2.5639752e-01
  9.5981610e-01
 -1.5420574e-03
  2.3121475e-03
  2.2192225e-03
 -2.9333608e-02
  7.9631396e-02
 -3.2983744e-01
 -1.0998787e+00
 -6.6346759e-01
 -7.7376276e-01
  1.6065702e-01
  3.2882506e-03
 -1.6030755e-02
 -6.6353571e-01
 -2.0096302e+00
 -1.6881138e+00
 -8.8794410e-01
 -5.6516271e-02
  1.1778396e-02
  1.8178902e-04
 -1.2590475e-01
  2.2939350e-01
 -8.2812548e-01
 -3.2329988e-02
  1.2202015e+00
 -1.3675587e+00
  2.4008384e-01
  1.8776971e-01
 -1.0009519e+00
 -1.4951636e+00
  4.1209188e-01
  6.5734184e-01
  2.4570875e-01
  1.0612767e-01
  2.9610593e-03
 -5.1870933e-03
 -4.7607011e-01
  3.0216905e-01
  3.5416979e-01
  9.7765373e-03
  4.3584424e-01
 -5.6209862e-01
  3.3890733e-01
 -1.7702861e-01
  1.2574403e-01
 -9.9459130e-01
 -1.3731089e-01
 -6.0386248e-02
  1.4654865e+00
 -1.3535690e-02
  5.4410594e-03
  1.9161975e-03
 -3.9453968e-01
  3.6710981e-01
 -3.7025443e-01
 -6.3097268e-01
  6.3505426e-02
  5.2780515e-01
 -1.9403137e-01
 -9.7458251e-02
 -3.5599186e-03
  1.0080955e-01
 -4.8472043e-03
  2.8231768e-02
 -1.9316822e+00
 -1.1515813e+00
  1.5698069e-01
  1.1114245e-01
  7.7066457e-01
 -4.4870919e-01
 -1.1839615e+00
 -3.3757954e+00
 -1.3616891e+00
  9.0233332e-01
 -9.0888806e-02
 -1.8831505e-03
 -1.1540556e+00
  2.5263501e-03
 -1.7553210e-01
 -1.1120668e-02
  3.2753128e-01
  1.1112760e+00
 -1.7789206e-02
  1.3581280e-02
  1.9854994e+00
  3.2010344e-01
 -3.0701682e-01
 -6.8570733e-02
  1.4981111e-03
 -4.6227017e-01
  2.8062158e-03
 -2.9562976e-02
  6.1326247e-01
  1.0998335e+00
  4.7055903e-01
  1.0955229e+00
  6.6780502e-01
  1.5459903e+00
  7.6593763e-01
 -1.3858539e-01
 -2.3417506e+00
  3.3731682e+00
 -1.7020316e+00
 -1.2911968e+00
  3.6052361e-01
  3.2886720e-01
 -1.6229454e-01
  1.8771833e-01
  1.6235466e+00
 -1.3786335e+00
 -1.0748142e+00
 -1.2141800e+00
  2.3131049e+00
 -5.7392704e-01
 -1.2105649e-02
 -7.5060539e-03
 -1.0419257e+00
 -2.2793643e+00
  1.3542427e+00
 -5.7193738e-01
  3.5313562e-01
  1.3133454e+00
  1.3346456e-01
  5.2160513e-02
 -1.2042111e+00
 -5.7804155e-01
  1.1213263e+00
  1.4873527e-01
  5.9604329e-01
 -1.4792634e+00
  1.5923005e-01
  7.8170754e-02
  8.8418204e-01
 -1.2856221e-01
 -1.0883967e+00
 -2.0372274e+00
  3.9405480e-01
  1.8764120e+00
 -5.2117538e-01
  5.1638521e-02
  5.3858650e-01
  7.0286411e-01
 -2.4235256e-01
  2.5221136e-01
 -5.0368488e-01
  1.3996220e+00
  3.8368589e-01
  4.9303668e-03
  1.0642840e+00
 -3.1520170e-01
 -2.0862508e-01
 -4.8567909e-01
  1.3683891e+00
  2.8983228e-02
  3.0773371e-01
 -3.4071901e-01
  1.2752560e+00
 -2.3057300e-01
 -8.7999970e-01
 -1.6049800e+00
  2.8951749e-01
 -5.2687933e-04
 -4.2921752e-01
 -2.6401423e-04
  7.1707958e-01
 -2.9621994e-01
  8.7778091e-01
  6.5487504e-02
  1.4228697e+00
 -1.3715771e-01
 -6.4840741e-02
 -9.8212166e-03
  1.6160028e+00
 -4.8548344e-01
 -7.6641954e-02
 -1.6321354e+00
  6.1033648e-01
  1.7146324e-01
  3.3327464e-03
  8.2252575e-03
 -2.6861534e-01
 -5.9920013e-01
  3.5589796e-01
 -2.6496279e-01
  8.0227327e-01
  1.9716664e-01
  2.5731832e-01
  3.6658693e-02
  6.9764680e-01
 -7.6941103e-01
  4.6485257e-01
  1.5917049e-01
  4.7993571e-01
 -8.1469524e-01
  5.4135972e-01
 -5.4962416e-03
 -3.7960187e-01
 -3.0742168e-01
 -5.0489638e-02
 -1.1294307e+00
  1.1380445e+00
  2.1146916e-01
 -5.9219361e-03
 -9.0586999e-03
 -8.5406523e-04
  1.3760955e-02
 -3.0457440e-01
  1.4432964e-01
  6.2321305e-01
 -1.9374194e+00
 -1.5360869e+00
  1.5231557e-01
  1.0036798e+00
  5.9424657e-01
 -1.8381877e-01
  3.0976224e+00
 -2.6457107e-01
 -1.7359873e-03
  1.5953984e-03
 -3.7144253e-01
  1.0981263e-02
 -1.6917683e-01
 -2.6801927e-02
  6.8910705e-04
  7.4937004e-01
 -6.1534023e-01
 -1.9708751e-02
 -8.1982333e-03
  4.6405879e-01
  2.4031299e-01
  6.8078190e-01
  4.2852437e-01
  1.8677743e-01
  3.7785210e-02
  3.6519188e-03
 -1.8521817e-03
 -2.0593544e-03
  5.2324140e-01
 -7.9815360e-03
  3.5993343e-03
  9.2638296e-01
  7.7793640e-01
  9.6186560e-01
  3.7103292e-01
 -1.4177607e+00
  8.1858295e-01
 -4.0192536e-01
 -1.9784120e+00
 -4.1152361e-01
  9.5624098e-04
  2.6449140e-03
  3.4785054e-03
  3.0154446e-01
 -1.6101832e+00
 -5.5964214e-01
 -1.0308440e+00
  1.1977732e-02
  2.6390507e+00
 -9.8210150e-01
 -4.9126763e-03
 -1.0655625e+00
  1.6884124e+00
  2.8393939e+00
  1.0684133e-01
 -4.6812779e-01
  5.7162397e-04
 -1.5962146e-02
 -5.6815790e-03
 -1.6684763e-01
 -3.7910080e-01
  2.7451456e-01
  1.6800784e-01
  2.1113610e+00
  2.0435922e-01
  1.7183757e-01
  6.5842769e-03
  5.1270705e-01
  3.7387523e-01
  8.9492160e-01
  2.0887713e+00
  5.2037841e-01
 -3.0213769e-03
  1.7599441e-03
  1.7443227e-03
  2.6096066e-03
  1.3258007e-01
 -5.8095318e-01
 -3.2993719e-01
 -9.8403215e-01
  3.3090779e-01
  2.5560424e-01
  2.3757813e-03
 -1.1375034e+00
  1.6009247e+00
 -1.2705917e+00
  1.1958276e+00
  8.9045870e-01
  7.3014475e-02
  6.5272127e-04
  5.6145316e-01
  2.3179676e-01
 -1.7797025e-01
 -3.5948792e-01
 -2.5442235e+00
  1.1428849e+00
  1.1310416e+00
  9.6049541e-01
  2.9062298e-01
 -7.4861169e-01
 -1.0818315e+00
 -3.1276652e-01
 -2.7904314e-01
 -1.0018024e+00
  1.8699309e+00
  8.5402175e-04
  4.6945927e-03
  1.5394960e-01
 -3.1672139e-02
  2.6268131e-01
  7.3515213e-01
  2.0552735e+00
 -4.2210802e-01
  7.3938169e-02
  1.2034232e-02
  1.3087533e+00
  7.7548450e-01
  1.2169365e+00
  6.4215624e-01
 -1.8087425e+00
 -9.9487230e-02
 -2.8041045e-03
  3.7003087e-03
 -4.7896323e-01
  4.6278054e-01
 -6.4558774e-01
 -3.4183329e-01
  1.8330586e+00
 -1.2123868e-01
  1.2699711e+00
  3.7092725e-03
  3.6871025e-01
  2.0676936e-01
  2.0481212e+00
  6.7541963e-01
  2.2546431e-01
 -2.5842100e-01
 -2.5284806e-01
  4.9629265e-01
 -9.6220776e-02
  3.4042841e-01
 -1.2329696e+00
  4.5958254e-01
 -2.3446038e+00
  1.1750958e+00
  7.8676336e-02
 -3.1319610e-03
  2.2240252e+00
 -3.0319113e-01
  1.4491257e-01
  1.2470555e-02
 -4.1137269e-01
 -5.1292616e-01
  2.5279063e-03
 -1.0678224e-03
  5.6183368e-01
  1.6048208e-03
  1.7423842e-03
 -3.2943613e-03
  7.4684691e-01
 -5.2282824e-03
 -3.9706521e-02
  3.6367297e-04
 -3.3921185e-01
  2.1133684e-01
 -1.6658237e-03
 -1.1109848e-03
 -2.7191898e-01
  9.2226547e-01
 -2.2257813e-03
  4.8052579e-02
 -6.6207701e-01
 -7.1203262e-01
 -2.8989094e-03
 -2.8328847e-03
  9.0909129e-01
  6.1683679e-01
  2.1043645e-02
  3.9443769e-04
 -1.5752910e+00
 -2.6869428e-01
  4.1872155e-02
  6.5244589e-04
 -1.1272334e+00
 -9.8684102e-02
 -7.2275926e-03
  4.8461109e-02
  2.4560935e+00
 -6.8622386e-01
 -2.6387218e-01
 -1.3914895e-01
  4.0211856e-01
 -5.3514534e-01
 -7.8479737e-01
 -3.8350804e-03
 -7.5147766e-01
 -7.3227085e-02
  1.5125232e+00
  1.2036351e-02
  2.6195304e+00
 -1.1398077e+00
 -2.8581399e-01
 -1.4199001e-03
  8.3100080e-01
  7.4818268e-02
 -2.8097818e-03
  1.8289773e-02
 -3.0421826e-01
 -3.5347921e-01
  7.5317416e-03
  1.0449871e-02
  1.2557561e+00
  1.6656493e+00
  8.1343281e-01
  6.4146167e-01
 -4.1799697e-01
 -8.2923309e-04
  2.7637726e-02
 -2.6366267e-01
  1.4093074e+00
 -1.1886360e-02
 -5.5122721e-01
 -2.8622461e-02
  7.3325641e-02
  4.5761511e-01
 -2.4803325e-03
 -8.2284119e-03
  1.2956427e-01
  7.6303148e-01
  7.2557706e-01
  3.4341819e-03
 -1.1241562e+00
  1.7028545e+00
 -1.9574447e-01
  9.5893033e-03
 -1.1155020e-01
  4.1553441e-01
 -3.8495284e-02
 -3.7542783e-02
 -4.6649173e-02
  6.2178046e-01
 -3.5581532e-01
  1.1039136e-02
  2.2357737e-01
  1.4539875e+00
  3.0453727e-02
 -6.5334648e-02
 -9.0410984e-01
  9.4935346e-01
 -1.8043303e+00
  2.7065727e-01
  8.4923440e-01
  5.6228304e-01
  5.0809011e-02
  5.6515962e-02
 -6.5637767e-01
 -3.1438868e-02
  7.8995991e-03
  1.3798079e-03
  7.5235772e-01
  1.1548476e-01
  5.4784131e-01
  5.5243704e-02
 -1.3218100e+00
  6.5279841e-01
 -7.7857900e-01
  1.1118659e-01
  7.3360634e-01
 -3.6678278e-01
 -3.8499966e-01
 -5.3878999e-01
  1.4577456e-02
  1.7328894e+00
 -5.1227774e-02
  3.3363977e-03
  1.4631628e+00
 -2.5537348e-01
 -2.4967107e-03
 -4.2262551e-01
 -1.0772773e+00
  6.4436501e-01
 -1.6579460e+00
 -4.4641942e-03
  4.5866033e-01
  4.7197181e-01
  9.7204968e-02
  3.6871397e-01
 -9.7753835e-01
 -2.2420859e-01
 -1.6576720e+00
  3.7214570e-03
  1.3810115e+00
 -9.4045794e-01
  1.7068506e+00
  4.0218815e-01
  1.0802209e+00
  8.0679399e-01
  1.1695670e+00
 -4.8631853e-03
 -6.1526657e-03
 -7.4179638e-03
  3.8664723e-03
  3.1825819e-04
 -3.3863042e-02
 -2.1027929e-01
 -7.9533138e-04
 -2.7315435e-04
  1.9809486e-02
  4.0970454e-01
  1.0320286e+00
  8.0505937e-01
  2.9637426e-01
  2.3919617e-01
 -4.0113986e-03
 -1.6337701e-03
 -6.7098039e-01
  1.0598150e-01
  2.8148957e-02
  1.8088891e-01
  3.9056450e-02
  2.2682248e-01
 -3.6399710e-01
 -1.3046508e-03
 -4.3452391e-01
  7.6409924e-01
 -2.5852168e-01
 -3.3709696e-01
 -5.7509750e-01
  2.8111205e-01
 -4.1125000e-01
 -6.7124540e-01
  5.1131397e-02
  2.8535596e-01
 -2.7390416e-03
  1.0760366e-02
 -1.3763384e+00
 -4.1489011e-01
 -5.9359014e-01
  3.8166327e-04
  9.5932382e-01
  4.8982108e-01
 -3.2164621e-01
  6.1230385e-01
  1.0346649e+00
  9.1863219e-03
 -6.7387791e-03
 -2.3388853e-03
  1.2207158e-01
  2.8697634e-02
  1.0701228e-02
  7.5985095e-03
 -8.8003330e-02
  7.9096395e-01
  3.0070281e-01
 -6.5806909e-03
  6.4576077e-01
  1.0486003e+00
  9.1086721e-01
  1.4722830e+00
  3.9057959e-02
  1.2458470e-01
 -1.9901912e-01
  1.5999692e-02
  1.0578068e+00
  4.5763877e-01
  3.4817990e-02
  3.7237215e-01
  2.2318763e-01
 -6.2654608e-01
 -1.3991610e+00
  4.8493696e-03
 -2.5457525e-01
  3.0579489e-01
 -8.7957925e-01
  4.7134385e-02
 -3.4911301e-02
 -3.8873276e-01
 -1.6391805e+00
 -8.0211234e-01
 -6.9184124e-01
 -4.8917311e-04
  1.3482271e-02
 -8.4044598e-03
 -8.6188912e-01
 -2.1107426e+00
  3.4633529e-01
 -6.7637530e-03
 -1.6639880e+00
 -1.3220644e-02
  8.6824811e-01
 -8.0098742e-01
  6.3463545e-01
  3.6012253e-01
  3.7002116e-01
  2.2013703e-01
 -3.9908484e-01
  2.3932570e-01
  1.8870889e-01
  5.9611261e-01
  2.6782450e-01
  4.6502674e-01
 -1.1952821e+00
  6.5781770e-04
  1.5069730e+00
 -3.2065016e-01
  7.7738881e-01
 -4.5255354e-01
 -7.5114352e-01
  3.4985710e-02
 -2.1077468e+00
  4.8556076e-03
 -6.4111578e-01
 -3.5949883e-01
 -4.0717400e-03
 -3.2840201e-03
  7.3158818e-01
  6.9353449e-01
  6.1559295e-03
  4.7285832e-03
  9.9745589e-01
  5.4817230e-01
 -7.7491635e-01
 -7.4710411e-01
  1.7158768e-01
  9.3152004e-01
  1.6741810e-02
  5.4058284e-01
 -2.0666176e-01
 -4.4955027e-01
 -2.4406393e-01
 -4.0198979e-01
  1.0071336e-01
  1.3778697e-01
  1.4001174e+00
  4.8750094e-03
 -5.1385897e-01
  9.2158550e-01
 -1.5063845e+00
 -1.8328843e+00
 -1.2702183e+00
  1.7705960e-02
  2.7090572e-03
 -1.7910097e-03
 -1.7472701e-01
  6.0813352e-03
 -3.9337520e-03
 -1.5545802e-04
  7.9797596e-01
  6.3195550e-03
 -2.8254746e-03
  1.9515766e-03
  2.7120960e-01
 -1.4250387e+00
 -2.5419271e-01
 -2.5531723e+00
  1.3610027e+00
 -1.6974287e-01
  2.6346358e-02
  3.2534933e-01
  3.7898734e-01
  2.3154684e-03
 -1.6883075e-01
 -1.0013699e-01
 -8.0230826e-04
 -2.4323851e-02
  9.8054439e-01
 -1.2975712e-03
 -8.2554549e-01
 -5.0487888e-01
  7.0482254e-01
  5.4499692e-01
 -6.9754416e-01
 -8.9289588e-01
 -3.7382443e-02
 -6.2369907e-01
 -9.6226007e-01
 -1.0903058e-01
  5.1617497e-03
 -2.9150037e-02
  3.0044436e+00
 -1.1899884e+00
  1.2539253e-01
 -1.5731532e-03
 -5.8946919e-01
 -3.7945467e-01
 -7.8219521e-01
 -1.0104576e+00
  1.1356398e+00
  1.1438533e-03
  5.5970989e-02
  6.4499378e-01
  2.2011258e-01
  2.3301601e-01
  6.9688209e-03
  4.1865552e-04
  3.2939702e-02
 -4.7532126e-01
  2.9230818e-01
  1.1590608e-02
  7.2867739e-01
  7.4843228e-01
  6.8570841e-03
  1.1366230e-01
  6.0484779e-01
  2.2800519e-01
 -1.3355814e-02
 -8.5492268e-02
 -2.8178927e-03
  2.6185116e-01
 -1.2418972e-02
 -4.4885352e-01
 -7.8129378e-04
  9.4797677e-01
  7.2986668e-01
  1.6527193e-03
  2.3574300e-01
  1.3428165e-01
 -6.7581850e-01
  7.8279108e-02
  4.4369283e-01
  6.6521275e-01
 -6.5501798e-03
 -6.2665809e-03
 -6.9652069e-01
  2.7982491e-01
 -2.0024870e-03
  4.3261901e-04
 -3.3109087e-01
  1.1356100e+00
 -1.7381503e-03
  4.1661304e-03
 -8.3332247e-01
 -6.2682164e-01
 -5.2877212e-01
  1.0744166e+00
  5.6149542e-01
 -2.8843072e-01
  2.0535365e-01
  2.3963691e-01
 -1.1172938e-01
  3.2086945e-01
 -2.5889704e-01
 -6.1908919e-01
 -5.5506253e-01
  2.6999336e-01
  1.5071558e+00
  7.5112714e-04
 -8.0859371e-02
 -7.3992568e-01
 -7.6219273e-01
 -5.7619798e-01
  1.2931910e+00
 -1.9004007e-01
 -6.6650853e-02
 -9.7252004e-02
 -7.3000826e-02
  6.9266289e-02
  8.3267031e-04
  6.7696220e-04
 -9.8019791e-01
  2.7802020e-01
  2.5488207e-01
 -9.3633886e-03
 -3.9179987e-01
 -3.0034903e-01
  7.0485431e-01
  7.6490998e-01
  1.0839570e+00
 -5.8231072e-04
 -3.5565582e-03
 -2.4792694e-03
 -2.0548231e-03
 -9.3227625e-01
  4.9856207e-03
 -4.0709884e-03
  3.5521588e-01
  4.2053200e-03
 -4.2023002e-03
  3.0945013e-03
  2.8861097e-01
  1.3845810e-02
  9.3460250e-01
 -3.0960890e-02
 -1.1084556e-01
 -4.1769748e-03
  9.7591209e-04
 -2.3607219e-02
  1.3071859e-03
  2.1074915e-03
  6.5387948e-03
  1.4273600e-02
  1.2105530e-01
  2.9868228e-04
 -4.0858705e-04
  1.5112926e-04
 -4.7397506e-01
  1.0532997e+00
  8.0006975e-01
  1.1416857e+00
 -1.6804099e-02
 -1.1751506e-03
 -6.1745658e-03
  9.8405387e-03
  8.3978113e-04
  3.7732100e-01
  6.7185872e-04
 -1.3050751e-03
  3.2710987e-03
 -1.4953872e-03
  3.5640009e-04
 -5.1133131e-04
  3.4347403e+00
  5.8967060e-01
 -6.2848026e-01
 -9.9559105e-04
  7.8009689e-01
 -7.6314495e-03
  9.6962595e-04
 -2.7546333e-03
  3.7398373e-03
 -2.7144913e-04
  2.6716923e-03
 -5.9127022e-04
  4.0850344e-01
  7.4835878e-04
 -5.9662922e-03
 -5.8111865e-03
 -4.7030804e-01
  4.7031578e-01
  9.3712054e-02
 -3.8611877e-01
 -4.6875492e-01
  3.0465380e-03
  3.4675885e-03
  4.1517447e-05
 -1.9329878e-04
  1.2315638e-01
 -2.3842729e-03
 -6.6940635e-02
  1.5298018e-01
 -3.0468699e-02
 -2.8592907e-03
  1.0655955e-03
  1.0911063e+00
 -1.8275069e+00
  1.2511858e+00
  8.7916368e-01
  1.3300972e-01
 -8.0793940e-02
  8.0665777e-04
 -3.5986927e-04
 -2.7621272e-03
 -1.9688359e-02
 -3.7205140e-03
  7.0460546e-03
 -9.0503216e-02
  2.4065641e-01
 -1.0554347e-02
 -1.3445335e-02
 -2.2629725e-02
 -9.9143130e-01
  5.7469177e-01
  6.3337237e-01
 -9.4025278e-01
  7.3291158e-04
  6.1315810e-03
 -2.9754993e-03
  2.4973680e-04
  1.0133278e-01
  3.5534238e-03
 -1.2279028e-02
  9.2081809e-01
 -2.0608987e-01
 -9.3918288e-04
 -1.2066337e+00
 -6.9370538e-01
 -5.8080608e-01
  8.3975774e-01
  8.7660199e-01
 -5.1667728e-02
 -1.2983321e-04
 -3.0125752e-03
  2.6128932e-03
 -2.0621350e-04
 -1.3036820e-01
 -7.5675733e-03
  1.4787731e-03
  1.1103692e-01
  2.9258522e-01
 -2.2860499e-02
  1.0982718e-03
  1.3315934e+00
 -4.0265605e-01
  8.6303031e-01
  7.9698753e-01
  2.1103332e+00
 -1.4458953e-01
 -1.9738800e-03
  4.5226887e-03
  5.9135319e-03
  2.2115771e-02
 -3.6172853e-03
 -1.4924842e-02
  4.0410066e-01
  1.1148900e-02
  6.2534278e-03
  1.4782486e-03
 -1.2436450e+00
 -6.3989925e-01
 -1.3520688e-01
  3.6186147e-01
  1.8511460e+00
  6.5871912e-01
  9.9360123e-03
  1.3205726e-01
  2.1101247e-01
  4.3881025e-02
  3.1832811e-01
  6.1960751e-01
  1.2465256e-02
 -1.1585748e+00
 -1.0166519e+00
 -5.8804255e-04
  7.2865438e-01
 -1.4634695e+00
 -3.9969587e-01
 -6.5974778e-01
  1.4282237e+00
  9.4035769e-01
 -5.8016885e-04
  3.3932547e-03
 -5.5552030e-01
  1.5780021e-02
 -3.5719429e-03
 -7.0866749e-02
  3.4083035e-02
 -4.9056374e-03
  3.2332991e-03
  1.9181703e-01
 -4.1187775e-01
  8.4248614e-01
 -1.2969614e-02
  1.1036005e-01
  2.0327896e-03
  4.8679653e-01
  7.2683732e-04
 -1.1956023e-02
  4.1247573e-01
  5.2306429e-02
  3.1562617e-01
  2.7602804e-01
 -8.8430159e-02
 -1.1174957e+00
 -2.3036011e-01
  3.2553633e-03
  7.2372872e-01
 -2.0153592e-03
 -5.1417416e-01
 -5.7470318e-02
  2.7577513e-01
 -6.1316562e-01
  7.3482923e-02
  7.6354575e-01
  6.2176180e-01
  1.5313586e-02
 -5.6003029e-03
  1.3688721e-01
 -1.0275723e+00
 -1.5797021e+00
 -2.5321164e-03
  7.8047719e-03
  5.9725446e-01
  1.3990502e-01
 -6.8884385e-01
 -2.5971439e+00
 -8.3569503e-01
 -1.7719762e-01
 -1.3170311e-01
 -3.0733654e-01
 -2.3465910e+00
  1.8465035e-02
  3.2759768e-01
  3.7960291e-01
  2.7937379e-01
 -3.3701563e-03
 -3.1538266e-01
 -6.6862474e-03
  7.2301492e-02
 -1.1664108e+00
 -2.4990518e-02
 -7.6213278e-02
  2.1146102e-01
 -1.8347131e+00
  3.4073684e-01
  2.9414853e-01
 -1.7682442e-01
  5.1530942e-02
  3.8539874e-03
  8.1014907e-01
  8.8679957e-01
  1.1953441e+00
  2.4212149e-03
 -2.0223758e-03
 -1.8967872e+00
 -4.2263404e-02
  6.4636481e-01
  1.0203683e+00
  1.6526282e+00
  2.3924895e-01
 -4.5184530e-03
  3.0033296e-01
 -3.3005533e-01
  7.5626932e-03
  2.1592883e-04
 -4.2294614e-02
  2.1824579e+00
  1.1868935e+00
 -3.4997395e-01
  3.3977299e-03
  3.3767143e-01
  8.3684605e-01
 -3.5913271e-01
 -2.7466932e-02
  3.0330616e-01
  1.0516237e+00
 -5.3762831e-02
 -3.9671894e-02
 -9.4178957e-01
 -1.0040532e+00
  1.9480950e-01
  1.0253192e+00
 -8.9255795e-02
  1.5107965e+00
 -1.0380544e-03
 -6.3439779e-04
  1.5180947e+00
  1.3455000e+00
 -2.0241818e-01
  7.3769313e-01
 -8.2420820e-01
  1.3204260e+00
  2.1442364e-01
  4.5576319e-01
 -1.5801069e+00
 -1.1315330e-02
 -9.3825990e-03
 -8.9786919e-03
 -6.7997950e-01
  8.0744261e-01
 -1.1513460e-01
  2.7739312e-03
  5.1990163e-01
  2.4381454e-01
 -2.0469753e-01
 -9.1206230e-02
 -3.6939460e-01
 -3.7817347e-01
 -2.1036796e-04
  1.6689369e-04
  1.3774434e-01
  1.3099734e+00
  1.0334052e-02
  9.3841457e-01
 -1.9749187e+00
 -1.2997434e-02
 -1.6819729e-02
 -1.6313384e-03
  1.7411418e-01
 -1.4478813e+00
 -9.7031403e-01
  2.4904777e-01
  1.4285223e+00
 -1.1062586e-02
  5.0062258e-03
 -1.0490951e-03
  5.5706515e-03
  1.5968687e-03
  5.0114846e-04
 -5.4397788e-03
 -2.9848360e-03
  5.4411776e-03
 -7.4806781e-03
 -8.8494681e-03
 -1.4537694e-01
  6.4457107e-01
  9.7647381e-01
 -7.9851264e-01
 -2.7151731e-01
  2.4685871e-03
  2.0412847e-02
 -3.6185340e-03
 -8.8346936e-02
  4.2499995e-01
 -1.0733291e-03
 -4.9685526e-01
 -9.6278667e-01
  1.4394259e+00
 -5.8806527e-02
 -2.2542909e-04
 -6.4131819e-02
 -1.0594627e+00
 -6.6836432e-02
 -1.5609357e+00
  1.0056839e+00
  3.7926454e-02
 -1.6386806e-03
  3.4712823e-03
  1.0777782e-01
 -6.0821433e-02
 -2.8846897e-03
 -2.9335460e-03
 -3.6532171e-03
 -4.2644273e-03
 -1.0000377e-02
 -1.2821062e-02
 -1.8457702e-03
  2.1938081e-01
 -2.3978326e-01
 -1.1125923e-01
  2.3299053e-02
 -4.0037367e-03
  1.4772212e-02
 -4.6301614e-03
 -1.3932483e-03
  9.2195773e-01
  4.8877462e-03
 -1.5758757e-01
 -1.7066489e-03
  4.7045089e-03
 -1.4977925e-02
  2.2375709e-03
 -1.1317858e-03
  7.0736766e-02
  4.0168726e-01
  1.3244629e+00
  2.0655932e-01
  1.3105416e-04
  4.8366203e-03
 -4.2260922e-03
  4.6008813e-01
  1.4057003e+00
  2.4755311e-04
 -8.1216395e-02
 -3.7675902e-01
  5.8230138e-01
  1.3934531e-03
 -3.5474608e-03
 -3.9396042e-01
  6.6032100e-01
 -1.8595985e+00
 -2.1783860e+00
 -2.6584229e-01
 -2.4785380e-01
 -1.5310419e-03
 -3.2802639e-03
  4.1565347e-01
  2.1690080e-01
 -2.5580956e-03
 -2.9320911e-02
  5.0704873e-01
 -2.6179962e-02
 -1.7742547e-03
  3.8564275e-03
 -1.8923404e+00
  1.2425665e-01
  3.1827268e-01
 -8.6080837e-01
  8.6472148e-01
  5.6581408e-02
  1.1603061e-02
 -7.2117983e-03
 -5.2525032e-01
 -8.9925893e-02
  1.5621136e-03
 -2.5143105e-01
 -5.3701198e-01
 -5.6147896e-02
 -6.7082574e-03
  5.2381721e-03
  1.3330120e-01
  2.5002539e-01
  5.9711635e-01
  7.6572508e-01
 -1.9268837e-02
 -1.0070014e-01
  2.3337174e-03
  3.5190452e-03
  1.7054605e-01
 -8.5185468e-01
 -4.6270429e-03
 -4.8297434e-03
 -8.1555754e-01
 -3.8879997e-01
 -1.1722073e-02
  1.9090392e-03
 -1.6934934e+00
  3.0035334e-02
  9.7745925e-01
 -3.2534990e-01
 -4.7640714e-01
  4.6828941e-02
  4.6828941e-02
  4.6828941e-02
  4.6828941e-02
  4.6828941e-02
  1.7722858e-01
  1.7722858e-01
  1.7722858e-01
  1.7722858e-01
  1.7722858e-01
  1.0162893e-01
  1.0162893e-01
  1.0162893e-01
  1.0162893e-01
  1.0162893e-01
  5.3965513e-02
  5.3965513e-02
  5.3965513e-02
  5.3965513e-02
  5.3965513e-02
  1.6471438e-02
  1.6471438e-02
  1.6471438e-02
  1.6471438e-02
  1.6471438e-02
  1.2958409e-01
  1.2958409e-01
  1.2958409e-01
  1.2958409e-01
  1.2958409e-01
