nep4 4 Li La Zr O 
cutoff 6 4 102 32
n_max 4 4
basis_size 8 8
l_max 4 2 0
ANN 30 0
 -1.8049620e-02
  1.5901227e-03
  1.3103233e-02
  1.4578709e-03
 -1.4934026e-01
  3.8683627e-04
  3.9340919e-03
 -3.8868310e-03
  3.9311484e-03
 -9.7197527e-03
 -4.1233594e-04
  1.2025697e-02
  4.3785437e-03
 -4.1268305e-03
 -3.1336297e-03
  1.6475065e-01
 -1.3779111e-02
  3.9458834e-03
  4.1669719e-03
  3.6434919e-02
  3.8908105e-03
  1.9294957e-02
 -1.7487224e-02
  2.3230633e-03
 -6.1723182e-04
  3.9294854e-04
 -1.0225610e-02
 -4.5369760e-04
  4.4456818e-03
 -5.6860124e-04
 -4.0333681e-03
  7.6608160e-03
  4.1169545e-04
  2.4945211e-02
 -9.5602749e-03
  6.0998825e-03
  8.9428909e-03
 -3.6563582e-03
  1.1484041e-03
 -1.4059037e-02
 -1.7283823e-02
 -2.3386842e-03
 -4.8311803e-02
 -1.5753839e-03
 -6.9978274e-04
  1.5783204e-02
 -1.3721146e-02
 -7.4561569e-03
  2.0739952e-02
  7.6690563e-03
 -1.2189707e-02
 -1.3940154e+00
 -2.1048183e-02
  3.8075910e-03
 -1.9360419e-02
  1.0671666e-02
 -1.4299126e-02
  6.9751819e-03
  1.5991429e-03
 -8.7729739e-03
  1.4820869e-02
  2.0051949e-01
 -2.2868866e-01
 -1.3974911e-02
 -4.4584274e-01
 -4.8555069e-02
 -7.2206014e-01
 -1.0383227e-04
  7.8937626e-03
 -3.1807132e-02
 -2.2345902e-02
  9.5586376e-03
  1.1597855e-03
  2.7772854e-03
 -5.7377610e-03
 -1.5720902e-02
 -5.3302930e-03
  4.7461400e-03
 -2.6434136e-03
 -1.9651778e-02
 -1.8830614e-02
 -4.9837925e-03
  6.3005267e-03
 -3.7695272e-03
 -1.8849665e-02
  4.8632221e-03
  1.4461414e-03
  7.9044783e-03
  4.8527261e-03
  4.2717154e-03
  9.3578197e-02
  3.3147145e-02
 -3.1602703e-02
  9.9853855e-03
  2.6772222e-01
 -4.0266044e-02
 -6.6941343e-03
 -4.8600826e-03
  4.4923984e-03
 -3.1892017e-02
 -1.2125928e-02
 -4.3618171e-03
 -7.1240566e-03
  1.2223594e-02
 -1.0304083e-01
 -1.1213980e-01
 -8.7302586e-04
 -8.5133879e-04
 -2.2960876e-03
 -7.9758884e-03
 -2.9394099e-01
 -8.8133961e-03
 -4.0021185e-03
  6.7866654e-03
 -6.8216681e-02
 -1.0547787e-02
 -1.2335530e-03
  3.4751529e-03
  3.7054459e-03
  1.2725556e-01
 -6.5248482e-02
 -3.3258491e-03
  1.0013740e-01
  1.9920310e-03
 -1.2933734e-01
 -1.7275367e-02
  5.7007596e-03
 -1.3747754e-03
  1.1628280e-02
  3.5499159e-02
  1.6178411e-02
 -7.2677238e-03
  1.0745915e-01
  9.2138154e-03
  1.3241544e-01
  7.6648098e-04
 -1.0478858e-02
  2.5924554e-03
 -2.3479797e-03
  4.7852988e-03
  2.9620981e-02
  2.1910087e-04
  1.4165670e-03
  1.1959860e-02
  1.1043709e-02
  1.0838628e-02
  4.4614123e-03
 -1.5146469e-03
  1.1587907e-03
 -5.4600067e-03
 -2.5851281e-02
  8.2588252e-03
 -5.3628911e-03
 -8.4502331e-04
 -2.7816430e-02
  2.3473275e-03
  1.9357175e-02
 -5.3481022e-03
  1.5165829e-02
 -9.4721938e-04
  6.8564969e-03
 -7.2749131e-03
  1.4507760e-03
 -8.1313020e-03
 -1.0359474e-02
 -2.3908084e-02
 -5.4070838e-03
  3.2336551e-03
  1.8954808e-02
 -1.1674641e-02
 -2.2849853e-03
 -1.9862917e-03
 -6.8137031e-03
  6.2164143e-03
  2.2592250e-02
 -1.8198010e-02
 -1.3240946e-02
  4.7267252e-03
  8.1109218e-03
  2.0065853e-02
  3.1962580e-04
  6.2482296e-03
  1.0181646e-02
  1.5929883e-02
  9.3640381e-04
  3.8083440e-03
  8.7220371e-03
 -5.2294643e-03
 -2.2418612e-04
 -1.5819158e-02
  8.4406445e-03
  1.8479396e-02
 -7.0517814e-01
 -3.4364036e-03
  1.8828252e-02
 -3.5542913e-03
  3.7899592e-03
 -4.6969915e-04
 -1.8541813e-03
  3.8720369e-03
  7.6036805e-01
 -7.4645369e-03
 -2.1227670e-03
  1.2487151e-03
  5.4942588e-03
  1.5158937e-02
 -2.1764744e-02
 -2.1063473e-02
  1.5103158e-02
  3.0824507e-03
  1.4035809e-01
  3.9804539e-01
 -1.5542562e-01
 -1.8802445e-01
 -2.0641078e-01
 -1.3376845e-01
 -2.8509902e-02
 -3.1942148e-02
 -4.7742724e-03
 -1.4753574e-01
 -2.9655543e-01
  1.6481481e-02
  1.1560976e-02
  2.6837445e-03
 -3.0325153e-01
 -3.0794969e-01
  4.7027937e-01
 -4.7207948e-02
 -2.4220084e-01
 -2.4849592e-01
 -1.8520458e-01
  9.9156372e-02
 -6.5982523e-03
  1.9678582e-02
 -3.6351821e-01
 -4.2070048e-03
  8.0336668e-03
 -7.5452821e-03
  4.2509572e-03
  5.2334000e-03
 -2.0591205e-03
 -1.0206964e-03
  6.3189841e-03
 -1.0898028e-02
 -5.4588895e-03
  5.9226103e-04
 -1.3639458e-02
 -2.6839837e-02
  2.0729189e-03
  8.3687818e-03
 -3.9002320e-01
  2.1948244e-03
  2.3827073e-03
 -2.6152523e-03
  3.8234682e-03
  7.2951922e-03
 -4.4946922e-03
  8.7939018e-01
  1.5891520e-03
 -3.7382762e-03
  1.5480721e-02
  3.4753466e-01
  2.0417741e-02
 -2.2878688e-02
 -4.4821695e-04
 -3.9254902e-03
  1.0149494e-02
  9.6234481e-04
  2.8866343e-03
 -2.1820494e-03
 -3.1787265e-04
  1.3503158e-02
 -4.0945474e-02
  3.0675947e-04
  9.2410948e-03
 -1.5398314e-02
 -9.8635862e-04
  3.2421874e-03
  5.9081329e-04
 -3.2770984e-02
 -4.2767592e-02
  5.1858472e-03
  3.2357213e-03
  1.0407294e-02
  4.1165021e-03
 -3.3140995e-02
  4.5631373e-01
 -1.9911933e-03
 -4.6382784e-03
 -1.1054297e-02
 -1.4780325e+00
 -1.7881960e-02
  6.9014099e-03
  2.6061440e-01
 -4.3948330e-02
  1.3162968e-02
  5.1063169e-03
  1.4558727e-03
  4.0893075e-03
  2.2140395e-02
 -4.2973560e-01
  1.7084509e+00
  6.7185694e-01
  7.0398790e-01
 -3.2106256e-01
 -4.9764116e-04
 -8.7025370e-03
 -2.0118244e-03
  4.2112819e-03
 -2.0236250e-02
 -1.2459265e-01
  1.3944231e-01
 -4.0872917e-03
 -1.8908864e-02
  1.7043108e-02
 -9.2822656e-02
 -2.9507297e-01
 -2.3419898e-02
  2.5245680e-02
 -2.9196095e-01
 -1.0304296e-01
 -2.1606398e-01
 -1.9075796e-02
 -4.0826113e-03
 -4.3495721e-01
 -2.3666364e-03
  2.8418703e-03
  1.7366663e-03
 -9.9426098e-03
  2.3682497e-02
  8.9806095e-03
  4.1540726e-03
  5.1362196e-04
 -8.5492004e-03
 -6.1944434e-03
 -1.9931837e-03
 -3.4232074e-03
  4.3130652e-03
  6.3515751e-04
 -5.5235620e-03
  1.0890967e-01
 -6.5468107e-03
  2.7369179e-03
 -2.1865962e-04
 -7.8906044e-03
 -5.0488334e-02
  6.5116026e-03
  6.6853100e-03
 -1.2085412e-02
  4.2230468e-02
  2.4341736e-03
 -5.9654438e-03
 -5.2617327e-03
  2.9350207e-03
  4.4870796e-03
 -2.3561718e-02
  1.4885675e-02
 -4.6626073e-03
 -7.0901281e-01
 -8.3360309e-03
 -7.6322323e-01
 -3.6696860e-01
  3.3995467e-01
 -3.5030991e-02
  5.8050424e-01
  2.3979294e-01
  2.8088253e-03
 -2.1433422e-02
  3.1026590e-03
  1.7681567e-01
  2.3497097e-01
 -4.7685523e-03
  8.3669770e-04
  6.5785898e-03
  1.0107392e-01
  4.1626891e-01
 -3.1573859e-01
 -1.5420554e-03
 -5.0193239e-03
  7.7494693e-01
  1.6146816e-01
 -2.1900584e-01
 -7.0406508e-04
 -1.5775193e-02
  2.3238739e-01
  7.1401414e-03
  2.3284242e-03
 -1.1842916e-02
 -2.0902737e-03
  6.4854366e-03
 -1.6868286e-02
 -5.5635697e-03
  3.3603860e-03
 -5.5354798e-01
  2.7091138e-03
 -2.5141009e-03
  9.1410138e-02
 -1.9610819e-04
  1.2408309e-02
  5.6765792e-03
 -1.2313926e-02
  5.1549808e-03
 -2.5771987e+00
  1.0073896e-03
  8.1139733e-04
  4.0334654e-03
  1.0376276e-02
  6.6697206e-03
 -2.9088319e-03
  1.1447876e-02
 -1.1357900e-02
  6.3137575e-03
  1.8474029e-02
  1.6698416e-02
 -5.8814511e-03
 -2.3487546e-03
  1.0562182e-02
  2.9797861e-03
  7.1378122e-04
  1.2679138e-02
  4.7110108e-01
  1.4797013e+00
 -2.6715499e-01
 -9.6700478e-01
 -1.5063552e+00
 -5.2801615e-01
 -4.3413576e-01
  4.8011267e-03
 -1.0846175e-03
 -6.4174074e-01
 -3.1543329e-01
 -1.1640859e-01
 -2.1754220e-02
 -2.6673457e-02
 -1.3338411e+00
 -5.0606549e-01
  3.7496710e-01
 -9.8165452e-02
  2.2349018e-03
  5.1686942e-04
 -4.5141378e-01
  3.3316267e-01
 -5.1365211e-03
 -5.3354949e-03
 -5.0549183e-02
 -1.7454863e-02
 -7.8451950e-03
  1.0651905e-03
  7.1922066e-03
  5.1873278e-02
  2.8829710e-03
  6.0782153e-03
 -1.6733220e-01
  1.5065394e-02
 -2.3619227e-02
 -2.0021844e-01
 -3.2594323e-02
 -2.7929510e-03
  1.5953233e-02
 -2.3741405e-01
 -2.0285286e-01
  8.0879801e-04
 -1.7314606e-03
  4.2799599e-03
 -4.1650459e-01
 -3.9446345e-01
 -9.8960008e-03
 -9.4541728e-02
  9.7912515e-04
 -6.1745435e-01
 -1.8418249e-01
  4.6982348e-02
  3.8920445e-03
  3.6550122e-03
 -2.4598217e-01
 -2.2493634e-02
 -1.1773257e-03
  5.3157518e-03
  1.9393216e-03
 -6.8412017e-05
  7.9751098e-01
  2.7026522e-01
  5.8191609e-01
 -8.9382557e-03
 -3.7858483e-01
 -3.1042308e-01
 -8.7095290e-02
  3.5067026e-02
 -5.4492272e-02
 -2.3595014e-01
 -3.9051515e-01
  1.6427936e-03
 -1.1683294e-03
 -2.7939668e-03
 -3.2809880e-01
  8.6986572e-02
  2.1600377e-02
 -1.2202575e-01
 -4.4369657e-02
 -4.5111483e-01
 -5.7148600e-01
 -2.3023643e-02
 -1.7982118e-02
 -6.7788516e-03
 -7.8159869e-01
  3.1781022e-03
 -7.4799294e-03
 -1.3651859e-03
 -4.3814201e-03
  3.4789552e-03
  4.9906440e-02
 -3.7910920e-03
 -6.0667329e-02
  2.4131117e-03
 -1.4741349e-02
 -1.1141297e-02
 -1.2387714e+00
 -5.6335712e-03
 -1.7089681e-03
 -2.0240942e-02
 -6.6568971e-02
 -2.5066640e-03
 -1.3701458e-02
  5.2356534e-04
 -1.1858125e-03
 -1.2796305e-02
  1.1063524e-02
 -1.0507836e-03
 -1.2176404e-02
 -1.5033139e-02
 -8.4116809e-02
 -2.0555346e-03
 -2.0747131e-03
 -3.8374819e-02
 -1.4213320e-02
  5.6685549e-03
  2.4068255e-03
  7.5681172e-03
 -8.4760375e-03
  1.2156563e-02
  1.5185572e+00
  9.7469568e-01
 -2.7997488e-01
  2.1424793e-01
 -7.7854580e-01
 -2.7205417e-02
 -3.7802786e-03
 -2.7495211e-03
  2.1932553e-03
 -1.2876903e-01
 -1.2855086e-01
 -8.4106484e-03
  2.5139615e-01
 -5.3338864e-04
  2.9044815e-03
 -1.2433354e-01
  9.0326108e-02
 -7.0149735e-02
 -1.5957521e-02
 -2.2611612e-01
 -1.1045033e-01
  9.0841554e-02
 -5.7887016e-03
 -1.2256394e-03
 -2.2520404e-02
 -6.2103085e-03
  3.2944714e-03
  4.3248958e-03
  2.4183905e-03
  2.3238467e-02
  3.8769219e-02
  1.0081207e-01
 -2.9807448e-02
 -1.1406606e-02
  6.3368171e-03
  6.6682740e-05
 -2.8738528e-03
  2.5837433e-02
  4.4363858e-03
 -1.5380935e-02
 -5.5534557e-02
 -1.0051159e-01
  2.4261868e-03
  1.5956674e-02
 -7.0475437e-02
 -1.7954329e-02
 -2.2866591e-03
  1.5226805e-02
  6.6678249e-03
 -1.4472899e-03
 -5.5874153e-03
 -2.4329470e-02
 -6.8550995e-03
 -7.1081570e-03
 -7.1475647e-02
 -5.4046283e-03
  2.4599602e-02
 -7.5593380e-06
  2.3705730e-02
  3.1143380e-03
 -2.6636808e-03
 -4.2309030e-03
  4.3759309e-03
 -2.9395867e-02
 -3.4139520e-03
 -4.4247527e-03
 -2.4674913e-02
 -1.2925141e-02
  6.8255947e-03
  2.8865626e-03
  8.4462890e-04
  5.3902349e-04
 -3.7950324e-03
  3.0450278e-03
 -2.0125319e-05
  2.4729023e-02
 -4.7713779e-03
 -1.1423277e-02
 -8.5135186e-03
 -4.8038741e-03
  5.7818308e-03
 -8.6208470e-03
 -8.6199334e-03
  1.3527181e-03
  7.4737226e-03
 -1.1968692e-02
 -3.4050557e-03
  5.6077424e-03
 -1.7710937e-04
  6.4604972e-03
 -1.1008737e-02
  8.5622080e-02
  4.3988118e-01
 -7.3373234e-03
 -5.3124696e-02
  1.2995355e-01
  4.6558920e-03
  5.2315621e-03
  2.8303581e-01
  1.9899614e-01
  4.5243827e-01
  3.9937100e-04
 -2.4492268e-03
 -3.7488677e-03
  1.9340530e-01
  3.3349171e-01
  2.1812212e-01
  5.0778353e-01
  1.5953990e-03
  4.7864567e-02
  3.3222437e-01
 -2.7213204e-01
 -3.6454882e-02
  6.9469237e-03
  9.7821549e-02
  2.3043558e-02
  1.2854496e-01
  2.2948366e-03
 -4.2123389e-03
 -9.2015326e-02
 -9.5984980e-04
  1.1547152e-03
  1.7146749e-03
 -2.6395274e-02
 -2.6464154e-04
  3.4959565e-03
 -1.0228906e-02
  4.2239409e-03
  3.6793910e-03
  8.0742650e-03
  9.0847129e-04
  1.0941814e-02
  1.8862248e-03
  1.1777706e+00
 -6.3714245e-04
  4.7963401e-03
  5.3438172e-03
 -7.2720164e-01
 -1.1619015e-03
  7.2854466e-04
 -7.0648834e-02
 -4.7511738e-03
 -1.8003948e-02
  1.4032079e-02
  8.4944377e-03
  1.1227114e-02
 -1.5994898e-03
  8.8053178e-03
  7.6041906e-03
 -3.6722040e-03
 -7.6861037e-03
  1.2873792e-02
 -1.4820819e-02
  1.4209508e-02
  2.8164042e-03
  4.9436721e-03
 -4.5518894e-03
  1.4859809e-03
 -1.1699527e-02
 -1.2596812e-02
  4.1635162e-03
 -2.4352793e-02
  3.3609890e-03
  7.0049264e-04
 -1.2053772e-03
 -1.1284652e-02
  1.7180912e-03
  1.0248395e-03
  6.9322758e-03
  5.0373184e-03
 -2.9551096e-03
 -1.8540774e-02
  2.7198642e-03
  1.6344389e-03
 -5.0578350e-03
  1.7932208e-02
  7.7236975e-03
  8.4521566e-03
  8.7310988e-03
 -2.2176523e-03
 -1.7675508e-02
  5.6252042e-03
  2.3279686e-03
 -3.9483639e-03
  5.4983189e-03
  3.2362642e-04
  8.1106853e-03
 -8.2751121e-03
 -1.4560069e-03
 -1.7129539e-03
  1.9217612e-03
 -7.4394126e-03
  2.5863191e-03
  8.6377999e-03
  3.8581088e-02
  1.4359776e-02
 -5.1290039e-03
  6.0083042e-03
 -2.5195788e-04
 -1.6935773e-03
  8.0050743e-04
  9.5140673e-03
  1.2831825e-02
 -9.6371066e-04
 -2.3045200e-04
  4.7976998e-04
  9.1791749e-03
  1.3666664e-04
  6.7671842e-04
  1.1671697e-02
  2.9884931e-01
  1.9480398e-01
 -8.0955466e-03
 -6.1501682e-02
 -8.5142925e-03
 -1.8033421e-01
 -7.8220097e-03
  5.9794670e-01
  1.9058444e-03
 -4.5901209e-02
 -1.2558311e-01
 -1.3412711e-03
 -1.9505611e-03
  2.8719432e-03
 -2.9324031e-01
 -3.2886829e-02
  5.4668994e-03
 -3.9273379e-03
 -6.9810832e-03
 -1.6937716e-01
  2.9424152e-01
  1.7878951e-03
  3.1506993e-02
  4.2227432e-04
 -1.1047854e-01
  4.5333058e-03
 -3.9074193e-03
 -2.1421886e-03
  3.6758811e-03
  3.3963419e-02
 -2.3818245e-02
  4.0132582e-02
 -4.3890551e-03
 -1.5376090e-02
 -3.6868855e-02
 -7.3276251e-04
  6.4430840e-04
  9.2391670e-03
  1.2146804e-02
 -5.3771730e-03
  2.1578908e-02
  8.5853133e-03
 -9.4962157e-03
 -9.7872235e-04
  1.0886890e-02
  3.7323688e-03
  8.4322942e-03
 -4.7627189e-03
  8.5198684e-03
 -8.3159963e-03
  4.0864674e-03
 -1.1154521e-03
 -2.6805378e-03
 -7.2281854e-03
 -5.1588621e-03
 -1.9302743e-03
 -6.8826070e-03
 -3.6866781e-03
 -3.3047437e-04
 -9.1141666e-04
  9.7682691e-01
  1.9949338e-01
 -5.8031029e-01
  1.4117403e+00
 -1.2645942e+00
 -2.4543088e-02
 -1.3404894e-01
  7.1852040e-03
  2.6444012e-02
 -1.0385028e-01
 -3.2665804e-02
 -1.7082061e-03
 -9.1822777e-04
 -4.4677343e-04
 -7.1666136e-02
 -8.1737496e-02
  1.0756772e-01
 -1.9312175e-01
 -4.0735314e-03
 -6.0897633e-02
  2.2072561e+00
  9.1103673e-02
  1.4419143e-02
  1.2388719e-03
 -5.9201363e-02
  1.0178256e-02
 -6.9755497e-03
 -5.1013241e-03
  2.2648284e-03
 -7.6246355e-04
 -1.3673502e-03
 -2.9736072e-02
  6.8975524e-03
 -9.0886817e-05
 -1.8846779e-03
 -4.8664124e-03
 -2.5972477e-03
  2.1599683e-03
 -6.5198280e-03
 -1.0634371e-02
  5.3091072e-03
  1.9945754e-03
  1.2046014e-03
  2.3465664e-03
  7.0738592e-03
  3.3979584e-02
  6.1218841e-03
  4.5125796e-03
 -4.0951770e-02
 -3.1823872e-03
  2.7986700e-03
 -4.8582414e-03
 -2.0542119e-04
  9.6036149e-03
  1.0433269e-02
 -3.8149250e-03
 -2.5607193e-02
  3.4011677e-02
 -1.1969183e-03
  5.6684688e-03
 -4.2286795e-03
  3.4653416e-04
 -2.1176585e-03
 -7.1383780e-03
 -3.7367970e-02
  1.9900413e-02
  3.5508578e-03
 -1.3819276e-03
  3.3150373e-03
  3.4493420e-02
  3.2513965e-02
  2.1147057e-03
  1.3676393e-03
  2.4037054e-03
  5.4124910e-03
  1.3381151e-02
  5.7050115e-03
 -4.8034089e-03
 -1.9305153e-03
  6.2432291e-04
  1.1039578e-01
  1.0222246e-02
  3.7505631e-03
  1.2397850e-02
  2.3964357e-03
 -5.7923272e-03
  7.6446421e-03
  1.2334875e-03
  1.1817425e-02
 -9.6568772e-05
 -2.8122967e-01
  1.3632380e-03
  2.8845619e-02
  9.3406476e-02
 -1.0342022e-01
 -9.1039250e-03
  5.3927079e-03
  1.4697029e-01
 -9.1772527e-04
  1.7722109e-01
  2.3065982e+00
  1.1909442e-02
  1.2846652e-03
  3.0250824e-03
  1.8763405e-01
  1.4965023e-01
  2.0029777e-01
  8.8230178e-02
 -1.2264931e-02
  2.7068609e-01
  2.0520401e-03
 -5.4557669e-01
 -4.1953575e-02
 -8.4358053e-03
 -5.7355031e-02
  1.4959073e-01
 -2.2609555e-03
 -2.7647969e-01
 -5.2127071e-02
  8.1000030e-02
  1.9041078e-01
  6.1564236e-03
 -3.2995746e-01
 -3.8739511e-01
  3.5563555e-01
 -3.3624917e-02
  1.1421720e-02
 -7.6198137e-01
  3.0054111e-05
 -5.5776870e-01
 -1.0417910e+00
 -1.7414625e-01
  7.1167397e-01
 -5.8625784e-02
 -1.1934783e+00
 -8.8000935e-01
 -1.1516882e+00
 -3.8139665e-01
 -6.7579126e-01
 -4.8348299e-01
  2.8202165e-02
  1.7300941e+00
  1.9645503e-02
 -4.3859743e-03
  1.8322103e-01
 -5.7579136e-01
  6.8822252e-03
 -1.0701118e+00
  1.1990972e-01
  1.4496501e-01
 -9.7186962e-04
 -1.1789597e-02
 -1.9321132e-02
  3.6193228e-01
 -1.9764911e-01
 -3.3801922e-03
  4.1281790e-03
 -1.6630912e-02
  2.0558737e-02
  1.1821112e-02
  1.7023804e-03
 -2.5158701e-03
 -4.3296958e-03
 -3.3081159e-02
  2.7615274e-03
  9.8431374e-05
 -9.8200133e-03
  6.4489548e-03
  1.8828571e-02
 -8.8567380e-03
 -1.3454948e-02
 -2.6855466e-03
  5.8816709e-03
 -1.3037711e-02
 -4.4434194e-02
  2.8200895e-03
  1.3011579e-01
  4.7113779e-03
 -6.0178572e-03
  2.2773661e-03
 -5.1964158e-03
 -9.5531326e-03
  1.2710339e-02
  5.2428371e-03
 -7.4363691e-03
 -1.3048443e-04
 -7.7601112e-03
  5.0750226e-03
  2.1856446e-03
  1.7887827e-03
  1.1768583e-02
  2.3387386e-03
 -2.1669328e-02
 -1.6913537e-03
  1.1996420e-03
  2.3929283e-03
  1.1597727e-02
 -3.7611295e-03
 -3.4828621e-03
 -3.7938149e-03
 -4.2217234e-03
  5.5067642e-03
  2.6592340e-03
  2.9323024e-03
  5.5546942e-04
 -5.7696025e-03
  1.5348884e-02
 -2.9026903e-03
  5.3550773e-03
 -3.9890062e-04
 -1.1431767e-02
 -1.3764586e-02
 -2.3924017e-02
 -1.3014962e-02
 -8.0337478e-03
  9.8220157e-03
  2.2590817e-03
  7.8551462e-03
 -1.3994134e-03
 -9.1382610e-03
 -1.4114222e-02
  7.2355126e-04
 -2.9268523e-04
  2.7658541e-03
 -5.5792590e-04
 -5.1538604e-03
  4.4836473e-02
 -1.6576583e-02
 -4.4664657e-03
  1.0522403e-03
 -4.2553577e-03
  2.0728147e-02
  3.6715046e-03
  1.3000338e-02
 -6.5525835e-03
  1.3674149e-02
  3.1550662e-03
 -5.5452255e-03
  2.0810846e-02
  2.3173643e-03
  4.4386119e-01
  2.4086800e-01
 -6.2485994e-04
 -4.7724274e-01
  2.6156029e-01
 -1.4929675e-03
 -2.6847734e-03
  1.2286896e-03
  1.3309824e-03
  1.6844597e-01
 -1.0336410e-04
  7.7640964e-03
 -3.2998880e-03
 -8.1925830e-03
  4.0120455e-03
 -1.0049096e-02
  9.9705346e-03
 -6.8570264e-03
 -2.0612789e-02
  1.6963612e-03
  3.2574369e-03
  1.4284316e-02
  2.7188659e-01
  2.4492896e-04
  1.5503868e-02
 -1.4564498e-01
 -6.0483027e-02
 -1.0782339e-02
 -1.9680634e-01
 -1.0664495e+00
 -2.5751855e-04
  2.8000122e-03
  6.6800849e-03
  3.1690928e-03
 -4.8529981e-03
 -1.6954019e-03
  2.6582464e-04
 -2.3409689e-03
 -9.2621101e-04
 -4.2053363e-03
 -1.4614356e-02
 -2.3283553e-03
 -1.4068384e-02
  7.0544565e-03
 -2.8472722e-03
 -6.8547303e-04
  2.3828917e-03
 -1.2400169e-02
  8.7348446e-03
 -1.0586518e-01
  2.0681361e-02
  2.9516951e-03
 -2.9838696e-04
  4.5902510e-03
  7.0496655e-01
  1.0317919e-03
  1.2552436e-02
  1.1949692e-02
  6.7700865e-04
 -5.3492999e-03
 -1.2904789e+00
 -1.0674505e+00
  7.0573813e-01
  1.3605431e+00
 -1.4329922e-01
  1.3124030e+00
  6.8649665e-02
 -3.5231665e-01
  3.0290973e-01
 -1.0892710e-03
  3.2575658e-04
  1.8692236e-02
 -1.4003080e-01
  1.8644121e-01
 -1.6385753e-02
 -6.0513288e-02
 -2.2157988e-02
 -3.2966401e-02
  1.0543990e-01
 -1.6042933e-01
  1.1390340e-01
  2.9953059e-03
 -2.5582896e-03
  2.9418978e-01
 -8.8028997e-02
 -4.8768916e-03
 -3.3728365e-02
  1.1232999e-02
  9.8186946e-03
 -3.4608111e-02
 -2.1858063e-02
 -3.1060529e-01
  1.1703009e-04
 -3.3073552e-02
  4.5003107e-01
 -8.6796153e-03
 -1.0123479e-02
 -7.4013676e-03
 -4.8447149e-03
 -1.2090657e-02
 -8.1979483e-04
 -3.4788111e-01
  4.3143607e-03
  3.1178470e-03
 -6.6219079e-03
  3.2662081e-03
  2.1895349e-03
  2.5780690e-03
  2.8218725e-03
  7.3692338e-03
  3.0283102e-01
 -6.1776303e-03
 -3.9548404e-03
 -1.4850748e-04
 -7.1675503e-03
  7.7336747e-03
 -9.4242906e-03
  2.3221364e-03
 -5.5819936e-03
  6.5751880e-04
 -1.9513519e-02
  9.6389550e-01
  7.4284463e-03
  1.5316656e-03
  5.9299879e-03
 -1.4618854e-02
 -1.5030798e-03
 -2.0570809e-01
 -3.4078246e-03
 -5.7280835e-05
 -4.1957792e-02
  1.1064573e-02
 -8.5450392e-03
 -3.2703825e-03
 -4.9540959e-03
 -2.3101978e-03
 -2.3415204e-02
  4.4979160e-03
  6.4081559e-03
 -2.0065203e-03
  2.1240006e-01
 -1.3306600e-03
  1.2357491e-02
 -5.6521907e-03
 -1.9402431e-02
 -2.5481565e-02
  1.1700146e-02
 -4.5611560e-03
 -1.0437773e-04
  5.7707857e-03
 -4.0457924e-03
  5.1708979e-04
  3.4350574e-02
  2.6035465e-03
 -2.7353747e-03
 -8.0003515e-03
 -6.0779196e-03
 -6.2673511e-03
  4.2195609e-03
  3.3884563e-03
 -9.1400919e-03
 -1.4244808e-02
  6.3873986e-03
  7.7862870e-03
  2.5072538e-03
 -4.8224502e-03
 -4.6393471e-03
 -1.2713432e-03
 -3.4115538e-03
 -5.3721480e-04
 -2.8501656e-03
 -7.5103506e-03
  2.5720971e-03
  9.0330122e-03
 -4.0726303e-03
 -1.4869247e-02
  3.8962956e-03
 -8.4698629e-03
  1.8625020e-03
  6.4543420e-03
  8.9767249e-03
 -1.5850743e+00
 -1.1665648e-02
 -7.5001910e-04
 -4.5504775e-02
 -1.1899558e-02
 -3.6276412e-01
  1.8718020e-03
 -1.3211380e-02
  9.8308641e-04
  7.5534689e-03
 -4.7791945e-03
 -1.5108050e-02
 -2.7174307e-03
  4.5099724e-03
  6.0651568e-04
  7.8275362e-03
 -7.0013534e-03
  1.3428656e-03
  1.4542395e-02
  6.5341648e-03
 -9.2203524e-03
 -1.4831988e-02
 -5.7148647e-01
  2.7776710e-03
 -3.5669028e-03
  2.7115472e-02
  8.3127227e-03
 -3.0725930e-02
 -1.0928254e-02
 -1.3933858e+00
 -1.1687182e+00
  2.7423494e+00
  3.7343755e-01
 -6.4596260e-01
  1.1894627e-01
  2.1215738e-01
 -4.0860417e-01
  7.3580307e-01
  4.7510690e-03
  1.1644828e+00
  4.6964165e-02
 -8.9923227e-01
  1.3664483e-02
 -3.6300293e-01
  6.5030992e-01
  2.3845877e-02
 -9.0584469e-01
  1.4200281e-01
 -2.5592161e-02
 -2.6191849e-01
  3.4863504e-03
  2.6554527e-02
 -2.1690091e-02
  9.1528660e-03
  1.3930921e-03
 -1.2617008e-02
 -1.5202034e-01
 -2.6790027e-03
 -7.4890833e-03
  3.6418515e-01
  1.5133555e-01
 -9.8079592e-01
  8.6187178e-01
 -1.2311008e+00
 -1.7240952e-01
  2.2213332e-02
 -1.1518512e+00
  3.9517915e-01
  7.2559633e-04
 -8.4349251e-01
  1.8108331e-02
  1.9225720e-02
  2.9393476e-01
  3.8973171e-02
 -5.8414185e-01
  7.6752510e-03
  1.6357106e-01
  1.3459787e-01
 -3.4213560e-03
 -1.5602089e-01
 -1.5627382e-02
  1.3854413e-01
  8.1644794e-03
 -6.9611005e-02
 -8.7380568e-03
  3.5553605e-03
  5.2030035e-04
  1.3657764e-03
  1.1700986e-02
  3.9579186e-01
 -3.9742690e-01
  5.0023979e-01
  7.2189069e-01
 -8.1504220e-01
 -2.8018615e-01
  2.6375639e-01
 -2.0422198e-02
  7.6362473e-01
  2.1008627e-01
 -5.3879797e-01
  2.5362340e-01
  1.7558403e+00
  3.2790864e-01
  3.3851776e-02
  8.3720249e-01
 -3.1848684e-02
  1.6909323e+00
  4.4312388e-01
 -3.7859961e-01
 -5.4850680e-01
  1.6177291e-03
  1.3635086e+00
 -2.2438818e-03
 -2.5004455e-01
  6.9169933e-04
  1.1274846e-02
 -3.0423799e-03
 -7.5520733e-03
 -6.2255953e-03
  4.8772752e-01
 -1.4410260e-01
 -1.0765737e+00
  6.6996646e-01
 -2.6093417e-01
 -2.2162071e-01
 -3.7366825e-03
 -6.2690890e-01
  3.8701916e-01
 -1.5930569e-02
 -3.1552505e-01
  2.1312368e-01
 -7.3349676e-03
  1.9141464e-01
  4.9139436e-02
  2.8172256e-02
 -1.5392992e-02
  7.6615803e-02
  3.7026167e-01
 -2.7165688e-03
 -2.8433740e-01
  3.9970833e-03
  2.5071043e-01
  3.4733262e-02
 -1.1871700e-01
 -4.3152839e-01
  3.3034068e-02
  5.2758367e-03
 -2.2042075e-03
  4.7469642e-03
  2.3122276e-03
  7.3051946e-03
  7.1867248e-03
 -1.0460480e-02
 -9.5047202e-04
 -6.8014329e-03
  7.4904906e-03
 -2.0303667e-02
  1.1395421e-03
 -1.6449660e-02
 -6.5945573e-03
  7.2874194e-03
 -6.4409450e-03
  2.9401887e-02
 -9.8345065e-03
 -5.6292592e-03
 -2.1849505e-03
 -4.7161528e-03
 -2.8447346e-03
 -5.9084441e-03
  5.0647790e-04
 -1.3441288e-02
 -1.5963756e-02
 -4.9860944e-04
  1.0504021e-02
  4.4488283e-03
 -2.5160520e-03
  1.5395380e-02
 -3.4316540e-02
 -4.7193221e-03
 -2.2871080e-03
 -4.0049031e-01
  6.4878156e-03
  1.5684551e-02
 -1.8749550e-02
 -1.1468389e-02
 -9.1553098e-03
 -2.6890200e-03
  4.0264241e-02
 -3.9706263e-03
  3.1133713e-03
  6.2066462e-04
 -7.7727549e-03
 -1.0904913e-03
  6.5909763e-04
  3.0331647e-02
 -1.8219696e-02
  1.9798478e-02
  9.7442716e-03
 -7.2942479e-03
  1.7226137e-02
  1.4970944e-02
 -7.8354858e-02
  2.4797295e-03
 -2.9516562e-03
 -5.7542496e-03
  1.5563997e-02
 -2.0711920e-03
  2.2098254e-03
 -1.8169570e-03
  3.5619271e-01
  8.4683704e-01
 -5.4475102e-03
 -6.8581212e-01
  4.7887354e-03
 -1.9838680e-03
 -1.4894489e-02
  3.5562553e-02
 -2.6127905e-02
  1.4991665e-03
 -5.8254658e-04
 -1.0807268e-02
  1.0090239e-02
  2.9481722e-03
  6.0867383e-03
 -3.2549873e-03
 -9.5617129e-03
 -5.8957920e-03
 -2.6344804e-03
  1.9837243e-03
  2.0831598e-03
  2.0426090e-03
 -1.3700611e-03
  2.6188751e-03
  5.6954427e-03
  3.8836559e-03
  6.4436095e-03
 -2.0955910e-03
  6.5063625e-03
  2.0267149e-03
 -1.3771635e-02
 -9.6181137e-03
 -9.9130925e-03
 -7.8328522e-03
 -2.5325443e-03
 -5.6854106e-02
  8.7047303e-03
 -4.7219968e-03
  5.0187889e-03
  3.3078335e-02
  7.2417506e-03
  1.2642993e-02
  1.7572924e-03
 -2.8020253e-03
 -4.4017942e-03
 -7.2067417e-03
  9.8640495e-04
  5.3050895e-03
 -6.1211004e-03
 -5.7418295e-03
 -1.6437479e-03
 -6.3330377e-03
  5.1985611e-03
  3.3266402e-03
  1.3584046e-03
  4.8766751e-03
  7.0374361e-03
  2.9523415e-03
 -2.9795587e-02
  1.1799490e-02
 -4.4484174e-01
 -1.8685876e+00
  2.1696627e-02
 -6.2447631e-01
 -4.4072714e-01
  5.3145224e-01
  1.9442669e-01
 -6.3074839e-01
 -7.1564377e-03
  2.8309051e-02
  1.3686979e+00
  1.3707525e+00
 -1.2228867e+00
  2.8198984e-02
 -1.5762904e-01
  8.3455664e-01
 -6.2704990e-03
 -1.1996839e+00
  9.9564986e-03
  9.1736373e-03
  5.5861205e-01
  1.3700837e-01
 -6.9520766e-01
 -1.8038178e-02
  1.9898146e-01
  1.1799492e-01
 -1.8340976e-03
 -1.2510044e-02
 -2.6624228e-03
 -8.5597895e-03
 -9.4985534e-03
  1.2667366e-02
  6.0871723e-03
 -2.5209730e-02
  1.1599854e-02
 -1.1433313e-03
  2.9041177e-02
 -9.8927645e-03
 -2.0595242e-03
  2.4720015e-02
  8.2058068e-03
 -1.1096568e-02
  1.2673787e-03
  9.5742010e-04
 -1.0434764e-02
  1.8273506e-04
 -2.8814471e-03
  2.7333912e-03
  9.2826079e-04
  3.2343124e-03
  2.6689025e-03
 -2.2952311e-02
 -1.0392627e-03
  3.7340324e-03
 -6.5051159e-03
  8.5993921e-03
 -3.2085695e-03
  1.5643410e-03
  1.9738564e-02
  1.2245165e-03
  9.8767513e-01
 -4.7429703e-02
 -1.1991025e-02
 -8.5379861e-02
 -7.8602636e-01
 -3.2968035e-01
  1.5388213e-01
 -1.6560811e-03
 -1.1049952e-01
  1.9073969e-03
 -3.4165043e-01
  2.3324879e-02
 -3.2189280e-02
  2.3040947e-01
  9.2384889e-04
 -1.1704097e+00
 -8.4063914e-03
  3.3958536e-02
  2.5314912e-01
 -3.7643239e-02
 -2.6338255e-01
 -3.4872775e-03
  2.0910732e-02
 -1.3446481e-03
 -1.2712905e-01
  9.1792562e-04
 -2.5867905e-05
 -7.0722844e-03
 -3.1592702e-03
  1.2509681e-03
  1.1551749e-02
 -2.5563495e-02
  2.6790039e-03
 -1.9490203e-03
  2.0829484e-02
  9.6575664e-03
  8.2751224e-03
 -3.4356106e-02
  3.8065126e-03
 -5.9854769e-04
  1.0199007e+00
  2.2779778e-03
  8.3727826e-04
  1.2330050e-03
  4.2972164e-03
 -2.5242269e-03
  7.7954265e-03
 -3.9496101e-03
  5.2659786e-03
 -3.0464358e-03
  9.2516665e-04
  1.7954221e-01
  1.3961066e-03
  8.5105198e-03
  1.0597939e-02
 -1.1167341e-02
  3.6255614e-04
  7.9158833e-03
 -1.8266900e-03
 -8.9524630e-03
  2.1766521e-04
  3.0394513e-03
 -8.0852797e-03
  2.3787210e-02
  1.0668583e-03
 -1.7593757e-03
 -1.6803917e-02
  3.2561813e-03
  5.9274235e-03
 -4.4383085e-01
 -9.3868431e-03
 -6.2237317e-03
  2.4122009e-01
 -7.7560293e-03
  2.4471185e-03
 -9.9093625e-03
 -3.1156261e-02
 -2.2857817e-02
  1.7133791e-02
 -4.8969896e-03
  4.6489388e-03
 -6.0347822e-03
 -2.9143612e-03
 -2.1466543e-03
 -1.9899776e-02
  1.7223392e-03
  5.4697930e-03
  1.8523526e-03
 -1.7579610e-02
  1.7921478e-01
  3.2022609e-03
 -5.9072897e-03
  1.4861835e-03
 -7.5804768e-03
  2.4919553e-02
  1.1915918e-02
  5.1417560e-03
 -2.1163492e-02
  3.9411318e-03
 -4.9218484e-03
 -1.1324660e-02
 -1.4654361e-03
  5.6646951e-04
 -4.1618464e-03
 -1.0129406e-02
  7.5151599e-03
 -4.9212133e-03
  2.0726532e-02
  2.5685616e-03
  4.8090788e-03
  9.9894004e-03
  6.0193310e-03
  4.4616261e-03
  5.0180177e-03
  2.9712310e-04
  1.4587406e-03
  8.5254777e-03
  4.2607719e-03
  1.1265877e-02
  3.4229620e-03
 -5.9230421e-03
 -5.7673711e-01
 -1.1367320e-02
 -1.0391844e-02
  5.7064663e-03
 -1.3588343e-03
  5.2875904e-03
 -7.5881588e-03
 -1.1122326e-02
 -1.6173059e-02
  1.2358682e-03
  1.1186565e-04
 -1.1008100e-02
  5.6537949e-03
  2.1797059e-02
  1.0129201e-03
  5.6004026e-03
 -1.5535242e-03
 -3.6223731e-03
 -1.1793987e-02
  3.5990677e-03
 -4.5190295e-04
  4.2818249e-03
  4.7736018e-04
 -9.0658653e-04
 -2.0109527e-01
  1.6396653e-02
 -5.2473564e-03
  1.3832072e-03
 -1.0588623e-02
 -8.6458616e-02
  1.0262369e-02
  5.3551145e-02
 -1.0020859e+00
  1.2805226e-01
  1.7166937e-02
 -1.9187923e-03
  3.0154297e-02
 -2.5405651e-01
 -2.3296457e-03
  2.5535622e-01
 -4.8355483e-02
  2.7323118e-04
 -2.8386956e-01
 -5.2344874e-03
  1.0347837e-02
  5.3191059e-03
 -1.7153606e-01
 -2.0603870e-01
  7.6112702e-02
  5.9647653e-02
 -4.9164169e-03
  1.7335592e-02
 -1.2313226e-02
  8.7892048e-02
  7.4495776e-03
  8.0577880e-03
  3.9575091e-03
 -4.8792283e-03
  4.2776391e-02
 -2.1498781e-03
  4.8389924e-03
  1.3977992e-04
 -6.1375427e-04
 -7.7790827e-03
  4.5123958e-05
  5.4781623e-03
 -6.1993236e-03
  9.2140641e-03
  5.4797484e-03
 -9.4359051e-03
 -1.0785575e-02
 -1.1870693e-03
  1.3114684e-04
  1.3579477e-02
  2.9736895e-03
  9.7794440e-03
 -3.3995744e-03
  2.7870201e-02
  1.3732865e-02
 -1.0592353e-02
 -2.4688495e-03
  2.8456973e-03
 -6.4921725e-01
  5.0268075e-03
  8.5506588e-03
  8.5333996e-03
 -1.9779026e-03
  5.9920419e-03
  7.5645344e-03
 -9.3043149e-03
  1.3659304e-01
 -2.1312013e-02
  8.6887619e-03
 -3.4293823e-03
 -2.3522754e-03
  3.6521114e-03
 -9.7743720e-03
 -2.0574396e-04
  1.0623890e-02
  3.1961137e-03
 -7.7813389e-03
  1.2794697e-03
  1.2080145e-02
 -1.6485338e-01
 -1.9499887e-03
 -2.1038568e-03
 -7.2035525e-04
  3.5329893e-02
  5.2248669e-01
  3.2672286e-03
  1.6632404e-03
  3.0769880e-03
 -2.5579546e-02
  4.4787809e-04
  1.5225236e-02
 -3.6244008e-03
  6.8652928e-03
  2.1424275e-02
  6.1140736e-03
  9.6867502e-01
  1.1531506e-01
 -1.0912950e-02
  2.4546891e-01
 -4.6493337e-03
 -1.4523752e-02
  5.8930111e-03
 -2.9054645e-02
 -1.9361338e-04
 -9.0680495e-03
 -1.7816206e-02
  3.2731239e-04
  1.2415418e-02
  2.5943477e-02
  1.4151942e-02
 -5.0276909e-03
  9.3032662e-03
  5.6533939e-03
 -5.7599335e-03
 -9.3915286e-03
 -1.6859642e-01
 -1.5843214e-02
 -1.5722647e-02
  1.3447060e-01
 -1.9441700e-02
 -2.4641904e-03
 -1.9691396e-03
 -1.7442619e-03
 -1.4049447e+00
  6.5671355e-03
  3.8491827e-01
  1.2676898e+00
 -3.6578938e-01
 -1.2623501e+00
  3.4291017e-01
  3.8192710e-01
 -1.3135557e-02
  8.9442983e-02
 -4.7077364e-01
 -2.3642562e-03
  4.1535694e-02
 -1.1117456e-01
  2.0471023e-02
 -3.1740874e-01
 -9.4799954e-04
  7.3851335e-01
 -1.2714841e-02
  2.8027475e-01
 -3.7712336e-01
  2.5306793e-02
 -1.4246352e+00
  1.6809355e-02
 -3.6739236e-01
 -3.5578661e-02
  4.5548138e-01
  1.9394945e-02
  1.0049281e-02
 -1.2334986e-02
  5.8235060e-03
  1.2572048e-02
  8.8434117e-03
  1.9944261e-03
 -7.7928036e-01
 -1.4437756e-02
  1.1296852e-03
 -1.5729152e-01
 -2.3616079e-02
  1.0531783e+00
 -7.6878159e-03
 -5.5838835e-01
  2.2760029e-01
  7.6607853e-04
 -5.7050204e-01
 -2.2216317e-01
 -1.2777939e-02
 -1.6799228e-02
  5.4668874e-01
 -3.3015958e-03
 -7.6397228e-01
  6.6499100e-03
 -4.1549116e-01
  7.9675164e-04
  2.9140760e-03
 -1.7134214e-03
 -1.3137056e-02
 -1.3779633e-02
 -6.1903470e-03
  6.1384588e-02
  2.3894714e-01
  1.0403222e+00
  4.5815670e-01
 -9.4966870e-03
 -6.9055460e-02
 -5.2292883e-01
 -1.6946504e-01
  2.0056622e+00
 -3.9742094e-01
  4.6300608e-01
  4.8803915e-03
 -3.3190635e-01
  2.1949964e+00
  1.3259863e+00
  2.0393860e+00
  1.6295669e+00
  2.6821805e-02
  2.1024136e-01
 -7.9273647e-01
  8.0987564e-05
  2.7607667e+00
 -1.2253936e-01
  1.4269654e+00
 -2.9251086e-02
  1.1565953e-02
  8.6304406e-03
  4.9927081e-03
 -1.2810212e+00
  1.5387664e-04
  1.0706219e-01
  7.4675447e-01
 -1.5910921e+00
 -9.3000177e-03
 -4.4216958e-04
 -4.6892324e-03
 -8.8184606e-03
 -2.7217586e-03
 -1.1279609e-03
  1.2840453e-02
  7.5780801e-03
 -6.4875223e-03
 -3.5379415e-03
 -5.2497769e-03
  7.8677124e-04
 -1.1102946e-02
 -3.8492640e-03
 -1.5995217e-03
 -1.6092202e-03
 -3.3888079e-03
 -4.4523706e-03
 -9.2637856e-03
 -7.3024998e-03
  4.7424305e-03
  9.2507582e-03
  5.2880724e-03
 -1.5718078e-04
 -7.3344847e-03
  6.2882397e-03
 -1.9082338e-02
  2.5873609e-05
  5.4762326e-03
 -6.0327160e-01
  4.1836694e-02
  6.1611901e-04
 -9.0062376e-03
  6.6763610e-03
  8.7066204e-04
 -2.3342660e-02
 -3.3738036e-02
  2.3755109e-02
  6.2899119e-03
  1.3337506e-02
  3.3081050e-03
  1.1085273e-04
 -3.9472189e-03
 -3.6578849e-02
  5.7551876e-04
 -3.7561197e-04
  1.2603957e-03
 -5.3540585e-03
 -2.4449639e-02
  3.6987716e-03
 -3.0702448e-03
 -3.2795204e-03
  9.5183598e-03
 -2.6353246e-03
 -7.4252464e-05
  4.3721143e-03
 -4.3962328e-03
 -1.9084807e-02
 -2.5464757e-03
  1.6434226e-02
  2.4245921e-04
  2.8044609e-03
  1.6432421e-02
 -2.0820944e-02
 -1.3016327e-01
 -2.2848127e-03
 -6.8712537e-03
  4.6818857e-03
  3.3998139e-02
 -4.1317679e-03
  1.0837261e-03
 -1.1405674e-02
 -4.7169374e-03
 -9.9387986e-04
 -6.1172065e-03
 -9.4036671e-04
  8.4809819e-03
  6.7718024e-03
 -3.4823138e-02
 -1.4443725e-03
 -9.4261132e-03
 -6.8613882e-03
  4.6490994e-03
 -3.6440108e-03
  6.6423868e-03
  2.2594251e-02
  4.8276740e-03
 -4.8145978e-03
 -9.4361203e-03
  8.2026387e-04
 -1.3480112e-03
 -3.5653226e-02
  4.5540622e-03
  8.9555904e-02
 -4.0525724e-03
 -3.8721480e-03
 -5.7244292e-03
 -1.7498987e-03
 -2.6741077e-03
 -4.1878959e-03
  2.4402316e-04
 -4.2527737e-03
 -2.1893431e-03
 -1.2957998e-02
 -1.6051961e-02
  1.3198480e-02
 -2.6640364e-03
 -8.2288450e-03
 -2.9528318e-03
  2.5515407e-02
  1.1687426e-02
 -2.9898526e-03
  1.0254569e-02
 -1.0393638e-02
  1.3805828e-03
 -2.3362545e-04
  3.9027032e-02
  2.0192358e-01
  7.0331600e-03
 -1.6658639e-03
  3.3208312e-04
  7.9227740e-01
  1.1410616e-02
  9.8586623e-03
 -7.8171426e-03
 -1.2459287e-03
 -6.9863065e-03
  2.0496532e-02
 -7.9051927e-03
 -6.3968515e-03
 -2.8485768e-03
  3.0256354e-03
  1.6416550e-01
  4.5256649e-05
  1.8970132e-03
 -3.6431083e-03
 -2.8659862e-03
  7.8509882e-04
 -2.3495604e-03
  7.6481560e-03
  3.9418726e-03
  6.3012615e-03
  6.8437066e-03
  7.5103026e-03
 -5.1592849e-03
  1.0389080e-02
  1.9495328e-03
 -8.3335117e-04
  7.3681246e-03
 -1.0280993e-02
  3.7973520e-01
 -1.2150762e-02
  2.8268339e-03
 -1.9535886e-03
 -5.1024519e-03
  1.1559180e-03
 -4.0916582e-03
  5.9590056e-03
 -1.4831036e-03
  4.4651083e-03
 -4.0621310e-03
 -1.5860826e-02
 -8.1891138e-03
 -2.8628968e-03
  7.2823991e-03
 -2.4257267e-03
  1.1022799e-04
  5.6446611e-04
 -7.9928944e-03
 -7.1482658e-03
 -7.1468019e-01
 -7.7213338e-03
 -7.4129580e-03
 -3.2811083e-02
  5.2740459e-05
 -2.4178084e-04
  4.6260487e-03
  1.5186063e-02
  1.4733451e-02
 -8.8377772e-03
 -1.5844750e+00
 -2.3177883e-03
 -3.3198699e-01
  7.1737319e-01
 -9.3890226e-01
 -1.2611900e-02
 -3.6763714e-03
 -8.4295452e-02
  2.0740813e-02
 -1.4338656e-01
  1.9913717e-01
 -3.8177021e-02
 -1.8756302e-02
  6.3252687e-02
 -3.2677818e-02
 -7.4629895e-03
  5.2222598e-02
 -1.6078502e-03
  3.7428543e-02
 -5.1972789e-01
 -1.1929945e-01
 -3.5050940e-02
 -5.8654952e-03
  3.4524465e-01
  8.4702848e-03
 -1.7259974e-02
  2.5252183e-03
  1.9812861e-02
 -4.6751834e-02
  2.2676725e-04
 -2.4937246e-02
 -1.4080360e-02
 -5.9595730e-02
  2.1119794e-02
 -3.3329552e-01
  1.0684205e-02
  7.2651496e-03
  2.6199254e-04
  5.2595087e-03
 -3.0505808e-02
  6.2631458e-02
 -8.5042287e-03
  1.0716484e-02
  1.1943282e-02
 -1.0773920e-02
 -4.0229376e-02
  4.1815423e-04
 -1.6657291e-02
 -3.8711727e-01
 -4.9734816e-02
 -9.2449337e-03
 -9.0514338e-03
 -3.6239319e-03
 -3.6077365e-01
  3.2820217e-02
 -5.7828259e-02
 -3.7753477e-03
  2.1173529e-02
 -4.6466733e-03
 -1.9827796e-02
  8.2142865e-03
 -1.9739789e-03
 -2.3161934e-03
 -6.7069783e-04
 -1.8461028e-02
  1.3391414e-02
  1.6152520e-03
  2.2944309e-01
  2.8300188e-03
 -3.5118770e-03
 -6.0111955e-03
 -1.6865656e-02
  5.6288233e-03
  5.5300776e-04
 -2.4521644e-03
  5.1000384e-03
  1.9689112e-03
 -7.9195360e-03
 -2.0985659e-02
  2.7861525e-03
 -9.1131665e-03
  1.4782987e-03
  1.6479677e-02
 -2.6244484e-02
 -1.0504323e-02
 -2.7416004e-02
  1.9830996e-03
  3.8596272e-04
  1.5900315e-03
  3.5859935e-03
  8.6842896e-03
 -3.8242643e-03
 -3.1177435e-05
 -3.6681693e-03
  2.1213608e-02
  2.3209546e-03
  5.0358404e-03
 -5.7858401e-03
 -7.2004446e-03
  2.0414738e-02
  1.3859475e-03
  3.4472514e-03
  3.0792682e-03
  1.3946324e-03
  1.1966428e-03
  3.7699868e-03
 -5.6353966e-03
  1.6017846e-03
  1.2581577e-02
  1.1641152e-02
 -6.3694352e-03
  6.6293599e-03
  1.8453290e-03
 -1.2420203e-02
 -5.0809761e-03
  1.4842954e-03
 -2.3261148e-03
 -3.4943793e-02
 -3.0122904e-04
 -2.8130522e-02
 -1.2389108e+00
 -1.0333515e+00
 -3.0942738e-02
  1.4773771e+00
 -1.2084739e-01
 -4.2919108e-01
  1.0997882e-01
 -9.3372351e-01
 -1.1086498e-01
 -1.1594939e+00
  3.7113217e-01
 -1.1101536e+00
 -1.2893879e-01
 -1.0226421e+00
 -1.0642197e+00
 -3.5353786e-01
 -6.9450873e-01
 -3.8570559e-01
  1.0899223e-01
 -1.0828321e+00
 -1.9841893e-01
 -9.4471025e-01
  4.4505537e-01
 -8.0144536e-01
 -1.5303605e+00
 -3.3979627e-01
 -3.5134826e-02
  2.6407160e-02
 -7.3990710e-02
 -1.1664370e-01
  1.1526709e+00
 -2.3204427e+00
 -2.3796909e-01
 -1.2994701e+00
  1.6498539e+00
  2.3425652e-01
 -1.0946251e-02
  1.3832772e-01
 -1.2360539e+00
  1.2743708e-01
  1.2560639e+00
  1.0863428e-02
 -2.5348667e-02
 -8.2801931e-02
  1.3857079e-02
 -1.8629108e-03
 -1.2919663e-01
 -8.9093950e-03
  4.2097750e-01
  4.3167126e-01
 -5.0675947e-02
  5.3167798e-02
 -9.7823285e-02
 -5.3887654e-02
  7.6259994e-03
  1.3297457e-02
  4.9826629e-03
  3.6294416e-03
  6.9562018e-02
  9.3816988e-02
  1.2061177e+00
 -5.5751336e-01
 -5.8413679e-03
  7.3283279e-01
 -1.4362680e+00
 -8.5293977e-03
  9.3463231e-03
 -5.6479927e-02
  3.3415880e-02
 -1.0670167e-01
  1.7959924e-01
 -1.4838368e+00
 -4.3985606e-03
 -3.3986390e-02
 -5.0305676e-01
 -1.8620500e-02
 -4.6333741e-02
 -4.0159985e-02
  2.2043666e-01
 -3.6244830e-01
 -5.1349616e-01
 -1.5235303e-01
 -1.7976993e-01
  1.3666031e-01
  1.6227553e-02
  2.4393557e-03
  6.7457617e-03
 -1.4982024e-02
 -2.1088928e-02
 -9.4977077e-05
  2.6623674e-02
 -1.3831056e-02
  7.1244769e-02
 -2.3182664e-02
  1.0095384e+00
 -8.3981408e-04
 -4.3623163e-03
  2.6197258e-02
 -1.0169264e-02
  6.1420567e-02
 -2.9003059e-03
  1.0933527e-01
  6.0251956e-03
 -1.8868288e-01
 -4.7689928e-03
  2.1150419e-02
  2.4076289e-02
 -4.4067875e-03
  2.6127759e-01
  1.4036812e-01
  2.0577015e-02
 -3.8192894e-02
 -1.8111913e-03
 -2.1642833e-03
 -9.4571029e-04
  1.6119886e-03
 -5.1480695e-03
  2.1214102e-04
  2.2890961e-02
  3.0269912e-03
 -3.7198579e-03
 -2.1535114e-03
  4.5302007e-03
  6.2457179e-03
 -1.0551263e+00
  2.1239806e-03
 -5.8327839e-03
  8.3988421e-03
 -8.8721383e-03
  8.5525261e-03
  2.5304055e-04
  4.4832136e-03
  9.5417118e-03
  1.5943749e-03
 -3.5115439e-02
  5.9414348e-03
  1.6235342e-03
 -2.6601537e-03
  1.4027632e-03
  6.8832687e-03
 -3.5301531e-03
  1.2465208e-03
 -8.2429739e-05
 -1.6541576e-03
  3.5271405e-03
 -4.5527886e-03
 -3.2788140e-03
  3.9623035e-03
  3.6933741e-03
 -1.8251825e-03
  1.8848307e-01
 -1.1950621e-02
 -5.0082511e-01
 -1.2620794e+00
  9.1318017e-01
  2.4330417e-02
 -2.4741902e-03
  2.5947767e-01
 -5.1184535e-01
  3.6161172e-01
 -1.9436193e-01
  3.3707413e-01
  3.8196680e-03
  4.1682339e-01
  1.4584170e-01
  6.3636205e-03
 -4.9418528e-03
 -8.6173415e-03
 -3.2148999e-01
  2.9827437e-01
 -2.1364051e-01
  4.1879779e-01
 -1.8724649e-01
 -3.3446127e-01
 -4.7097187e-03
 -1.0811239e+00
  5.0896153e-05
  1.7801125e-03
  1.1765216e-02
 -5.3903684e-03
 -2.4898493e-04
 -1.3523964e-03
 -4.8751207e-03
 -5.8623254e-03
 -1.3385924e-04
  1.0367918e-02
 -6.3132686e-03
  2.5005683e-03
  5.9022396e-03
  2.4745811e-03
  4.8650810e-03
  1.5707052e-03
 -1.3205240e-04
 -5.0266841e-03
  1.5930496e-02
 -5.4230820e-03
  2.1997120e-02
 -1.1509799e-02
 -7.6107197e-03
 -5.9151147e-02
 -2.1140205e-04
 -1.8799834e-02
 -1.9629491e-02
 -1.7604457e-02
 -5.4099141e-03
  9.1113249e-04
  1.4465949e-02
 -1.4149140e-03
 -2.6798153e-02
  1.4977571e-02
  6.2071003e-02
  6.0284641e-03
 -1.0605190e-01
 -8.8889986e-02
  2.0088130e-01
  4.1566561e-03
 -1.4972254e-02
  1.7343405e+00
 -1.5000572e-02
  7.8354910e-02
 -5.3030020e-03
  5.2960003e-03
  1.8666727e-02
 -2.7977917e-03
  2.5425337e-02
  4.3578064e-03
  8.5710635e-04
  2.7926899e-03
  7.4199572e-02
  1.8914722e-02
 -3.3775745e-03
  6.9984242e-02
 -3.0563854e-02
  6.0394878e-04
 -3.5567386e-03
 -5.2135886e-04
 -3.9374297e-03
 -6.5638224e-04
  5.7863174e-03
  1.0576798e-02
 -2.8056782e-01
  3.8292482e-02
  4.0123132e-01
 -9.8887837e-01
  5.3742415e-01
  8.4017850e-03
 -3.2169390e-03
 -3.2444512e-03
  1.5884520e-03
  5.4754328e-02
 -1.4732796e-01
  7.2171360e-02
  1.9202430e-02
  6.9798082e-02
  4.5512687e-02
  2.0353112e-01
  1.1518260e-02
 -1.9187100e-02
  4.0179649e-01
  7.9626210e-02
  2.6080464e-03
  3.0268997e-01
 -1.0839984e-03
 -1.9809997e-01
 -5.5472031e-03
  1.0836430e-01
  5.1242844e-03
 -7.6546343e-03
  3.5372470e-02
 -7.4678594e-03
 -3.7780986e-03
  7.3037581e-03
 -1.7164107e-02
  2.1538900e-02
 -4.2831334e-01
 -1.1241295e-02
 -8.5732844e-03
 -1.1702933e-02
 -1.9505513e-03
 -6.5313317e-02
  3.6975141e-03
 -9.3406560e-03
 -7.9793641e-03
 -2.6610731e-03
 -3.2370172e-02
 -8.5632503e-03
 -2.4828860e-01
  4.1601080e-01
 -2.3773420e-01
  2.9908435e-03
 -9.2903197e-01
  3.0382946e-03
  1.1472767e-03
  6.2480051e-02
  1.1577045e-02
 -8.5797776e-03
  1.1916430e-03
  2.4284741e-03
 -6.3102436e-03
 -1.2612923e-03
 -4.6810489e-03
 -1.2625016e-03
  4.5575979e-03
  1.5746396e-02
  3.4329207e-03
  2.9871629e-03
 -1.0380908e-02
 -5.7498962e-03
  1.6286782e-03
  9.1598192e-03
 -1.4798276e-04
 -7.9414120e-04
 -2.9136918e-02
 -2.3892359e-04
  5.3352206e-03
  3.8188791e-03
 -1.0876511e-02
  6.8993941e-03
  1.1613973e-02
 -7.2742398e-03
  6.8362318e-03
  8.1204772e-03
 -6.6400161e-03
 -7.6810746e-03
 -4.4943928e-03
 -8.5831303e-03
  6.2059304e-03
 -6.0413540e-03
 -8.0100046e-03
 -7.4672760e-03
  2.8172038e-02
 -4.1282726e-03
  9.6300989e-03
 -4.4763107e-03
  2.2101821e-03
 -1.6553311e-02
 -1.6214160e-02
 -1.2138747e-02
 -4.9024058e-04
  8.5415700e-03
 -8.9836743e-04
  1.0180340e-02
 -7.0088770e-04
  2.5807396e-03
 -6.0008736e-03
  3.6716326e-03
 -1.5441749e-03
  9.5636467e-05
  1.1606949e-01
  7.7668899e-03
  7.4117752e-03
  1.8057066e-03
 -1.1956885e-03
  1.7607218e-03
 -1.0496004e-04
 -1.1401899e-02
  1.2019472e-03
 -3.1419257e-03
  3.3237897e-03
 -4.4483361e-03
 -5.5075842e-03
 -7.7657150e-03
 -1.7651207e-03
 -9.1996538e-03
  7.0318957e-03
  1.9990413e-03
  1.5893575e-02
  3.6214091e-04
 -2.2339248e-03
  2.8301438e-03
  2.2561757e-03
  1.2897292e-02
  1.0482945e-02
  1.1386092e-02
  1.6658677e-03
 -5.2415673e-03
 -4.3064347e-03
 -1.1795587e-02
  5.9802854e-03
  2.5244614e-03
  3.1813134e-03
  1.5590967e-01
 -6.7859287e-03
 -1.2192647e-02
 -7.7565843e-03
  2.9024135e-03
 -3.4284992e-03
 -1.5748106e-03
 -3.4755338e-02
  6.9463166e-04
  6.6301539e-03
  3.1182608e-02
  9.6143810e-03
 -2.0450058e-03
  1.4584020e-02
 -4.0525729e-03
  5.2657276e-03
  9.8914455e-04
  1.7956038e-03
 -3.4439645e-03
  8.3382977e-03
 -4.1880403e-03
  6.2638824e-03
 -7.5552487e-03
  5.6963693e-03
  6.4619246e-04
 -3.9992147e-04
 -1.0905705e-02
  2.0969244e-02
  8.8365894e-04
  6.8769469e-03
 -1.5968586e-03
  1.5520979e-02
 -1.5369837e-02
 -3.9336788e-03
  3.5698621e-03
  1.1068549e-02
 -8.6690922e-04
 -5.5930996e-03
 -2.6181359e-02
  3.0575674e-03
 -1.0379201e-04
 -2.5094765e-01
 -1.3991542e-03
 -1.8035380e-05
 -2.3294238e-02
  1.5534945e-01
 -7.2583905e-03
  5.3776638e-03
 -4.2578457e-03
 -6.6993530e-03
 -7.0144404e-03
  5.4662448e-04
  1.3841062e-03
  7.1577546e-03
  7.6596495e-03
 -2.2839796e-04
 -1.0731036e-02
  1.9790269e-03
 -9.0029659e-03
  5.2170252e-04
 -4.3087780e-02
  2.5163844e-02
 -6.0251169e-03
 -6.0321218e-03
 -1.9672239e-02
  1.8422530e-03
  2.8755026e-02
 -1.8856080e-02
 -3.3144038e-03
  8.1440416e-04
  6.2491857e-03
  4.5020911e-03
 -8.6122111e-04
 -6.8088688e-02
 -6.1116014e-03
  4.3647508e-03
 -1.7850095e-02
  2.5910065e-03
 -1.9533159e-02
 -1.3088688e-03
  1.9022287e-03
  1.0730009e-02
  8.1175072e-03
  9.9777142e-03
  2.4401967e-03
  3.2514546e-02
  2.7368902e-04
  3.4443988e-03
  2.4246457e-03
  2.7960541e-03
  4.4806278e-03
  9.0103094e-03
  4.0764515e-03
  5.6164838e-05
 -2.3043191e-02
 -1.4642090e-02
  4.2001246e-03
  5.3498475e-03
  1.2818644e-02
  1.2653969e-03
  1.1727693e-02
 -4.2113909e-03
 -2.5693835e-03
  7.6669389e-03
  1.4490610e-03
 -2.0454680e-05
 -8.0228075e-02
 -1.4816935e-03
  4.1402122e-03
 -1.0177443e-04
  1.7103264e-02
 -8.3976313e-03
 -4.4253096e-03
  6.2891108e-04
  7.0387619e-03
  3.5452917e-03
  1.3120488e-02
  5.4494673e-03
  5.2826800e-03
  8.0488781e-03
  4.8795026e-02
 -8.4900353e-03
  8.5773813e-03
  1.3580997e-02
 -3.1534659e-03
  7.7385525e-03
 -6.5469168e-02
  1.0825220e-02
 -1.0219926e-03
 -2.2747250e-02
  4.5281174e-03
 -4.0215799e-03
  1.0648240e-02
 -2.6844917e-02
 -4.7851492e-05
  5.8239438e-03
 -4.0696072e-04
  1.1847007e-02
  1.0417504e-02
 -1.4481560e-03
 -1.3635413e-03
  3.3017534e-03
  6.3620112e-03
 -1.2275520e-02
  1.5934994e-03
  5.2762250e-03
  1.5666322e-03
 -1.3288193e-02
 -1.0065370e-02
 -4.3110573e-03
  2.8749176e-03
 -6.7982078e-03
  1.4453811e-02
 -2.3597124e-04
 -1.6442294e-03
  8.1761526e-03
  5.9935180e-03
  3.2903359e-04
  5.9971178e-04
 -5.5979746e-03
 -4.0358175e-03
  4.1132271e-02
 -2.3478938e-03
  5.0891219e-03
 -1.0584548e-02
  1.1053995e-02
  3.9213955e-02
 -2.8960931e-03
  4.5433193e-03
  4.2566266e-03
  1.4056767e-03
 -3.6992112e-03
  3.7729098e-03
 -6.0484107e-03
 -5.0032828e-03
 -2.1806075e-03
  1.3769642e-02
  8.0913082e-03
 -9.7245071e-03
 -4.8290889e-04
  1.1106516e-03
 -2.4496319e-03
  1.7906465e-02
 -6.7070043e-03
  1.2904121e-02
 -2.7398246e-03
 -6.7407945e-03
  2.0771414e-02
  1.7198554e-03
 -2.1612880e+00
  1.6149213e+00
  1.7758487e+00
  8.5905665e-01
 -8.1359380e-01
 -4.7848779e-03
 -2.8110242e-01
 -1.7043833e-02
  6.4183950e-01
 -1.5696686e-02
 -1.4215915e+00
  2.1893887e-02
  1.0614384e-03
  1.3824687e+00
  4.4779414e-03
  4.0073788e-01
  6.8242289e-02
 -3.3634326e-03
  2.4835815e+00
  4.2784540e-03
  8.8667899e-01
 -1.7862799e-02
 -1.0703481e-01
  1.7657330e+00
  4.0027000e-02
 -5.6059990e-04
 -1.5757056e-02
 -7.0736092e-03
 -5.0650023e-02
 -8.8763470e-04
 -4.0935599e-03
  5.8989660e-03
 -1.3075812e-03
 -1.2995882e-01
  3.8357612e-02
 -2.7882149e-03
  4.0405601e-01
 -4.2077419e-03
 -3.7432229e-03
  5.1157491e-04
  3.4741512e-01
 -4.4769990e-01
  3.3462030e-01
 -7.7174245e-03
  4.3619838e-01
 -9.5941406e-01
 -2.2136336e-02
  3.6619655e-03
 -1.6048278e-01
 -1.4431935e-02
 -4.4617667e-03
  5.2731368e-03
 -7.1556759e-03
 -2.9777404e-04
  4.7582141e-03
 -4.2409467e-04
  8.1156017e-05
 -2.2528902e-02
 -5.2315270e-04
  1.7653778e+00
 -9.2471512e-03
  3.8450928e-03
 -3.8990456e-01
 -1.2794046e-02
  2.7091529e-02
  2.1842446e-02
 -8.7434357e-01
 -7.5731510e-01
 -3.8772731e-03
  2.2842649e-02
 -2.8530476e+00
  1.8422563e+00
 -1.3898944e+00
  7.8934628e-01
 -4.9650110e-02
  1.5516249e+00
  3.8908778e-03
  7.6760465e-01
  9.2481506e-01
 -5.4493892e-01
  2.4780270e-03
  5.5427104e-02
 -6.9752950e-03
 -5.8508448e-02
 -6.3106962e-03
 -8.0834381e-02
  1.4110899e-01
 -3.1545481e-01
 -1.4133958e-02
 -1.4332823e+00
  7.9000670e-01
  8.3043784e-01
 -9.1189557e-01
 -4.5575425e-01
 -2.5327345e-02
  1.2487214e-02
 -2.3235294e-01
 -1.5206600e+00
 -1.4012636e-01
  2.5532562e-01
 -1.5411565e+00
  7.1553326e-01
 -9.6424896e-01
 -1.1520964e+00
  3.2975893e-02
 -1.0532146e+00
 -1.4116095e-02
  4.3546487e-02
 -9.7253615e-01
  5.2368128e-01
 -7.0267010e-01
 -2.0308876e-01
  1.7150760e-01
 -7.6236421e-01
  6.5545589e-02
 -1.0554586e-02
  2.7626600e-02
 -2.2038648e-02
 -3.1613463e-01
 -1.5499942e-03
  7.8584850e-03
  3.7474274e-03
  6.6921793e-02
  9.2176246e-03
  6.6995230e-03
 -3.6156753e-01
 -9.6818507e-03
  4.0761339e-03
  5.6467438e-03
  5.7571055e-03
  1.3804898e-02
 -8.0105616e-03
 -3.8456917e-02
  8.0168862e-03
 -1.8230811e-03
 -6.4152558e-03
 -3.5865500e-03
  3.5688881e-04
 -1.9219780e-02
 -4.8181172e-03
  6.9045055e-01
 -3.9282499e-04
  1.0010701e-02
  6.0709575e-03
 -1.5016210e-02
  7.3352866e-03
  2.1300167e-03
 -4.1812854e-03
 -1.9516805e-03
  2.8777627e-02
  2.0658827e+00
  4.5912713e-01
 -4.4845201e-02
 -2.2332373e+00
 -5.1789409e-01
 -1.8169750e+00
 -1.5583940e-02
 -1.0986645e+00
 -1.9866441e+00
  1.6896933e-02
 -7.9990849e-02
 -7.2293362e-04
 -4.6299398e-01
 -2.3615412e-02
 -3.6106840e-01
 -6.2695861e-01
  2.2426634e-01
 -1.9139911e-01
 -4.4681046e-02
  9.7138450e-02
  5.6491572e-01
 -1.8101765e-03
  6.3877657e-02
 -2.4439417e-01
 -5.4961467e-01
 -6.4997621e-02
  1.9633158e-03
 -1.0805720e-02
 -4.8824228e-02
 -8.2264605e-06
  1.2808653e-02
 -3.5711625e-03
 -7.3378527e-01
 -1.6327015e-03
 -4.4188905e-03
  7.6658349e-03
 -6.3864789e-03
  4.8631188e-03
  1.5124059e-02
 -5.5128406e-03
 -7.7059556e-04
 -4.0058126e-03
  3.7010477e-03
 -6.3651279e-03
  3.7264752e-03
  5.1067108e-03
  1.4627055e-02
  9.6157277e-03
 -1.7775424e-02
 -6.1740330e-03
  4.4646222e-04
  1.9410275e-02
 -1.7525553e-03
 -1.0552179e-02
  3.6269752e-03
  7.1532368e-03
 -2.5222197e-03
  1.1559572e-02
 -1.4717904e-02
 -2.2447926e-03
  1.5769210e-01
 -1.5650323e-01
  1.2867156e-01
  3.5069042e-03
  2.0404242e-03
 -1.1594888e-02
  5.3739373e-04
  7.5932145e-03
 -1.6922340e-02
 -1.4305122e-02
  3.6754310e-02
 -4.3260336e-02
 -2.2707325e-03
  1.7910209e-01
 -1.2466856e-02
  8.5886127e-01
 -4.9379976e-03
 -1.0347923e-02
 -6.9042831e-03
 -2.5943166e-03
  5.6641135e-02
 -7.1735457e-03
 -1.3254037e-03
 -3.1535441e-04
 -7.1465946e-04
  7.3467568e-03
  7.0118732e-03
 -2.0572932e-02
 -9.9216821e-03
  2.0870723e-02
  1.3234594e+00
  3.5396984e-01
 -5.5804414e-01
 -5.2053398e-01
  3.2601279e-01
  2.6740249e-02
  9.8180398e-02
  2.9726993e-04
 -3.3034140e-01
 -4.1015363e-01
 -1.2896870e-01
  2.5897297e-01
  1.5091752e-01
  1.3703629e-03
  1.2042750e-02
 -3.4838298e-01
  1.1637522e-03
  3.9573744e-01
  2.5658017e-02
 -2.1733508e-01
 -1.9628599e-02
  5.3180951e-01
 -5.4384149e-03
 -9.5740380e-04
  2.9962314e-02
  3.0596375e-02
 -3.1783242e-02
  6.0898662e-03
  1.3195599e-02
 -1.5095382e-03
 -8.7141542e-04
  6.6388161e-03
 -2.3287551e-03
  1.9954119e-03
  8.4780576e-03
 -1.5237865e-02
 -5.2895579e-03
  4.0815974e-04
 -3.5056388e-01
  3.9819349e-03
  1.0457498e-02
  8.1371805e-03
  5.1313369e-03
  3.3385132e-03
 -1.0864919e-02
  3.4849737e-03
 -1.7688909e-03
 -1.0204848e-02
 -1.9698724e-01
 -2.0316264e-03
  3.1260927e-03
 -9.4906101e-03
 -4.9089426e-03
  7.1535558e-03
 -1.1623708e-01
 -4.1959221e-03
  4.4345432e-03
 -1.4006128e-02
 -2.3694176e-03
 -6.1937035e-03
  2.6282734e-01
  2.6680660e-01
  5.6367880e-01
 -2.2584869e-01
 -5.9067849e-02
 -1.5768992e-02
 -1.3549618e-02
  7.8490116e-03
 -2.5253195e-02
  2.9806966e-01
  1.3188745e-02
 -2.0573822e-01
 -1.6197328e-02
  2.3624538e-03
 -5.8834717e-02
 -6.8442039e-02
 -7.9453312e-02
 -3.0761275e-02
  1.2733578e-02
 -1.4173808e-02
  2.3067497e-02
 -1.9180071e-02
 -6.6495007e-03
 -1.4672409e-04
 -4.8698285e-03
 -2.5421498e-02
  5.2948776e-03
 -3.6551010e-02
 -5.8324452e-02
  2.4726532e-02
  6.4854860e-01
 -2.0338961e-01
  1.0522343e-02
 -1.3965540e-04
 -2.6957868e-02
 -1.1045032e-01
 -3.1552388e-04
 -5.3670281e-03
  3.0088363e-02
 -1.1815086e-03
  6.8714850e-02
  1.0889608e-02
 -5.2512614e-03
 -1.0032056e-02
  3.7838796e-03
 -1.6302219e-02
 -1.3377611e-03
  1.2279249e-03
 -5.5901421e-04
  3.2407138e-03
  1.6865464e-03
  8.1225317e-03
 -6.0889646e-03
 -1.5677752e-02
 -3.8376728e-03
 -2.2595365e-02
  6.3418997e-03
  4.6837563e-03
 -1.0068022e-01
  8.2760407e-03
  8.6837375e-01
  3.8455686e-01
  2.9970139e-01
 -1.5535313e-01
 -3.8201359e-01
 -1.0024578e-01
 -4.2406794e-02
  4.6402551e-03
  1.3650034e-01
  4.5053920e-01
 -8.8264868e-02
 -7.0400693e-02
 -3.5378787e-01
  3.7763146e-01
 -2.8238336e-02
 -3.3890241e-01
  1.8713897e-04
 -9.5310144e-02
  8.1219114e-03
  1.8813310e-02
  8.8100217e-04
 -2.9555100e-01
 -1.4365213e-02
  6.1967797e-03
  5.5510718e-02
  2.4708964e-01
 -2.9805610e-01
 -1.0220100e-02
 -2.5975665e-01
 -2.1934805e-03
  2.5377860e-03
 -7.8521641e-03
 -1.9768674e-03
  3.3614968e-03
  5.7950979e-03
 -6.9191992e-02
 -2.2065707e-02
  2.8244972e-03
 -9.0023008e-04
 -2.0857281e-03
 -1.1663484e-04
 -1.1570641e-02
  5.6525674e-02
 -2.1736831e-03
  2.1142892e-03
  7.1341777e-03
 -3.6117760e-03
 -1.8534256e-02
  7.0833025e-04
  2.8413965e-03
 -4.8127007e-03
 -3.2177002e-03
  1.8169779e-02
  4.5798253e-03
 -4.6400249e-04
  1.0055591e-04
  1.0169996e-02
 -1.2212133e-03
 -2.7413024e-02
  6.2472667e-03
 -1.2964392e-01
 -1.9249937e-01
 -1.9666720e-02
  3.4805818e-03
 -1.6410643e-02
  5.4417695e-03
  1.7898280e-02
  1.1417209e+00
  7.8178861e-04
 -3.7009485e-02
 -2.4081383e-02
  2.6549909e-02
  8.7355645e-03
  7.7590081e-03
  4.0554192e-02
 -5.9058275e-03
 -6.7759426e-03
  3.9289636e-03
  1.6077915e-03
 -2.9247100e-02
 -2.0341424e-03
  4.0789381e-02
  1.7434297e-03
  6.7312662e-03
 -2.9571715e-03
  4.0984261e-03
  7.5199879e-03
  5.0795176e-03
 -1.0263775e-02
 -1.6575279e-02
 -1.2263815e+00
 -4.4365028e-01
 -7.4984521e-02
 -2.2491404e-01
  1.2705829e+00
 -2.5669003e-01
  4.4471556e-03
  6.2945372e-01
  9.7878885e-01
 -1.8283617e-01
 -2.8834489e-01
  5.0345585e-02
  6.9888425e-04
 -2.7270862e-01
  1.1124550e-03
  5.5288571e-01
  6.5105781e-02
  4.0662937e-02
  1.8355764e-01
  1.0340558e+00
  1.4954831e-01
  4.8928347e-01
  4.7686327e-01
  1.3139513e-02
  2.8327674e-02
  1.0028183e-01
 -9.6788377e-01
 -2.5533080e-02
  1.0494999e-01
  2.4123930e-03
 -1.6961459e+00
 -7.9600322e-01
  2.8319484e-01
  1.8631866e+00
  4.3843310e-02
  9.8027229e-01
 -5.1246256e-01
  4.7224945e-01
  3.8345012e-01
  1.3335319e+00
  3.9984220e-01
 -7.8053981e-01
 -1.8266406e-02
  1.5841758e-01
 -4.0295590e-02
  5.3590870e-01
 -1.0036596e+00
 -1.7070307e-01
  9.2862236e-01
  5.2933270e-01
 -9.9681607e-03
 -2.9938546e-01
 -7.6761746e-01
  1.0751559e-01
 -9.5388554e-02
  8.1642503e-03
  1.1751246e-02
 -1.5119883e-02
  8.1339455e-01
  5.2504241e-03
  1.9320502e-04
  1.1086620e-02
 -1.7587388e-02
 -5.2920630e-04
 -2.2423048e-02
  2.7992704e-03
 -1.1533954e-03
 -5.4564732e-01
  6.2579286e-01
 -1.2880218e-03
 -9.6368240e-03
 -3.0698413e-03
  4.2542866e-03
  8.1688650e-03
 -9.5367484e-04
 -1.1836947e-03
 -2.9803244e-03
 -1.0994441e-02
 -1.0084619e-02
 -1.1514021e-02
 -2.5656191e-03
 -2.4140193e-04
 -8.9977151e-03
 -2.4516953e-03
 -5.8289659e-03
 -1.9948265e-02
  1.1210236e-02
  9.5367013e-03
 -9.0063410e-03
 -3.9076726e-03
 -2.0419648e+00
 -3.5989749e-01
  1.2100807e+00
  4.5815125e-01
  1.6608931e-01
  1.6456130e+00
 -1.6206495e-01
 -1.9916721e-02
  9.4299716e-01
  9.6672094e-01
 -1.9713410e-03
 -2.2145471e-01
 -8.4590968e-03
  3.6951579e-02
 -4.1161764e-02
  1.3649278e-02
 -6.3097554e-01
 -3.6547586e-02
  3.6530599e-01
 -9.0057664e-03
 -1.4252338e-01
 -1.7803493e-01
  1.4278330e-01
  1.0590896e-01
  8.5330717e-03
  2.7555250e-02
  4.8200660e-03
 -4.6117981e-03
 -5.0670005e-02
  2.2639861e-02
  5.6750937e-03
  5.0446037e-02
  1.8053047e-03
  1.8500674e-03
 -1.9465470e-04
 -3.9472128e-03
 -6.9166031e-03
  6.7691575e-03
 -2.5544933e-03
  1.5267611e-03
  4.2152917e-03
  2.4850979e-03
  1.7128980e-03
  4.4945106e-03
 -1.2145254e-03
 -4.5841807e-03
 -1.1596618e-02
  1.9736172e+00
 -1.1394510e-02
 -1.3677343e-03
 -1.0918330e-02
  8.8382037e-03
  2.9238760e-03
  1.6904207e-02
  2.0297907e-02
  6.3302921e-04
 -1.2714623e-02
  4.6774538e-04
  5.1331584e-04
  1.0380162e-01
  2.6118848e-01
  1.3132356e-02
 -1.2793347e-03
  3.2332651e-03
  1.5812770e-02
 -9.2914701e-03
 -5.4394989e-04
 -1.0331873e-04
  7.0822439e-03
  8.0039743e-03
  2.6954439e-02
 -5.3842510e-03
 -1.8902943e-02
 -4.4814330e-03
 -1.5545014e-02
  4.3228652e-02
 -5.1772960e-02
 -3.2053203e-03
  1.7334234e-02
 -3.4156530e-03
 -1.8412319e-03
  6.9288420e-03
  1.6019991e-02
  1.8242175e-02
 -4.6131527e-03
 -5.5671600e-03
  1.8583129e-03
 -1.6149424e-02
  9.2456030e-04
  4.1102426e-04
  2.0038441e-03
 -5.7727345e-03
  3.2908820e-02
  3.5423826e-04
  1.5548059e-02
  2.5317923e-03
  1.1800666e+00
  4.5915146e-04
  9.1070373e-04
  8.1763405e-01
 -9.4466098e-03
 -8.9501105e-03
  4.2690448e-03
 -4.2582804e-04
 -6.8111564e-03
 -8.3826091e-03
  1.0108730e-02
 -4.2903069e-03
 -2.0663699e-02
 -8.5496996e-03
  8.0060437e-03
  5.1448038e-03
 -2.9398117e-03
  2.3699342e-03
  2.8554648e-03
 -7.3788874e-03
  3.8275816e-03
  6.8815867e-03
 -1.0408047e-03
 -3.8326446e-03
 -3.1657633e-01
 -1.2877689e-01
 -1.8642128e+00
 -5.8298232e-03
  1.8770503e+00
  7.5370684e-02
 -4.2089485e-03
 -3.8283018e-03
 -5.5987298e-02
 -3.3130598e-01
 -5.6090485e-02
  1.7858988e-02
  2.8114229e-02
 -2.9563693e-02
  8.1376117e-03
 -1.0461142e+00
 -4.0022512e-03
  1.8434118e-01
  2.9517498e-03
 -6.0866619e-03
 -6.7753484e-03
  4.9166776e-02
  2.8310414e-02
 -6.9085122e-03
  6.8983766e-03
  2.0666538e-02
 -1.0334185e-03
 -4.7029299e-03
 -2.6226111e-03
 -4.8753996e-03
 -1.6893277e-01
  5.7318417e-04
 -9.2742071e-03
  2.1870164e-03
 -2.5141705e-02
  1.0861356e-02
 -1.9992816e-03
 -8.5936254e-03
 -2.7705936e-02
 -4.5332401e-03
 -5.2983698e-02
  1.9588526e-02
 -6.3978070e-03
 -1.2377432e-01
 -3.4261115e-03
 -1.4964709e-01
  7.3914435e-03
  1.7774498e-02
  1.2435609e-03
 -3.3252630e-03
 -2.2628188e-02
  5.8825750e-02
  1.1004362e-02
 -2.1752152e-03
  2.3681826e-03
  1.3172522e-01
 -1.3038021e-03
  6.8977568e-03
  4.4914011e-02
 -2.1190539e-02
  1.0438692e-03
  9.4481464e-03
 -8.5743703e-03
 -6.2985173e-03
  1.0536163e-02
 -2.4049410e-03
  2.1685399e-02
 -1.0228253e-03
 -8.6350366e-03
  1.2201577e-02
 -6.3964649e-04
  4.8279106e-03
  8.5399410e-04
 -4.9133422e-03
  1.0094417e-03
  3.8218298e-03
  2.3755562e-03
  2.5718105e-03
 -1.2886135e-02
  1.7120724e-03
  1.3033457e-02
 -1.3988448e-02
  1.6923447e-03
  4.0070666e-03
 -3.5974651e-04
  2.1087036e-03
  3.9137137e-04
  2.3456164e-02
  2.4179756e-03
  1.4317192e-02
 -2.3900965e-01
 -3.9189783e-01
 -4.2533324e-04
  3.7206803e-04
  7.5566573e-03
  8.5175939e-02
 -7.2397655e-03
  2.7578932e-03
 -4.0672343e-02
 -1.2927706e-02
 -1.0486887e-01
 -8.9337062e-03
 -1.2298687e-03
  7.6282527e-03
  1.6609747e-02
 -1.4092849e-01
 -2.6931907e-03
  1.3046717e-02
 -3.1596323e-04
 -7.7410256e-03
  2.0658117e-05
 -1.1653499e-03
  7.8483270e-03
  6.1293721e-01
 -5.6830551e-03
  1.6079027e-02
 -1.7206583e-02
  5.7709990e-03
  5.1638052e-02
 -1.7364837e-02
 -6.6345644e-01
 -1.6822198e-01
 -1.2564058e+00
  1.4589496e+00
  7.4971920e-01
 -5.8995467e-02
  3.3310220e-02
 -2.8572427e-03
 -2.3860034e-01
 -8.6192358e-01
 -2.8563011e-01
  3.6973265e-01
  2.1912739e-02
 -2.4587419e-03
  2.4498549e-01
 -5.8784522e-02
  3.1022075e-01
  7.5020087e-03
 -3.2112226e-02
  5.4610622e-01
  7.4306649e-01
  1.4012565e-01
 -9.8507017e-02
 -5.4714404e-04
 -1.0286577e+00
 -1.5846632e-02
  6.0781543e-03
  5.5848509e-03
  4.0394220e-01
  4.0125442e-01
 -8.0287449e-02
 -3.5325121e-02
 -5.6528665e-02
 -1.1407973e-02
  2.0997971e-01
  3.2050189e-01
  1.4216429e-02
 -2.1993915e-02
 -2.6024982e-02
 -2.7035382e-01
 -1.6462111e-01
  1.4230427e-01
  8.5211538e-02
  1.1409973e-02
  1.3538576e-03
 -1.3474588e-01
  3.8093473e-03
  2.8663633e-02
 -6.3078096e-03
 -1.3348231e-02
  1.2385314e-03
  2.2921827e-01
  4.5281768e-02
  1.1849526e-03
 -5.1329464e-01
  1.8854663e-01
 -1.0053742e+00
  2.0004192e-02
  4.0441267e-02
  2.0233891e-03
  8.6406714e-01
  4.4173137e-03
  7.6290113e-01
 -6.0732298e-02
  1.8049501e-01
 -2.0133090e-01
  3.7003993e-03
  2.5817649e-02
  1.0919229e-01
 -2.8468850e-03
  8.6433198e-03
 -3.3786617e-02
  1.7823036e-03
  3.7752117e-03
 -1.3202401e-02
  8.1325695e-02
 -1.0363651e-02
 -1.5709352e-01
  7.1138621e-04
  6.3014482e-03
  4.3548397e-03
  2.4458393e-03
 -5.6869942e-01
 -2.1994542e-02
 -2.3052918e-03
 -4.0959358e-02
 -1.0100227e-02
 -2.7029051e-03
 -2.7152617e-03
 -2.3316452e-03
  6.5232027e-01
  8.4109229e-01
 -1.4291288e-02
 -3.1124582e-03
 -8.8388314e-03
  6.6280682e-03
  4.6462491e-03
  2.9855662e-03
  1.6139416e-02
  4.9938546e-03
  9.5104285e-02
 -1.0038031e-02
  3.0786918e-02
  3.5039582e-03
  1.0527674e-02
  2.1073775e-01
  2.4730037e-03
 -2.0464388e-01
  2.3320289e-03
 -6.9221212e-03
 -1.1498129e-02
  9.7141908e-03
 -9.4355911e-01
  5.1379859e-02
 -5.3573367e-03
  1.2713128e-04
  1.6704572e-02
 -3.7843275e-03
 -3.5839725e-02
 -2.3316254e-04
  6.0961264e-01
  5.9268904e-01
 -2.3748684e+00
 -2.2345388e+00
 -1.1932868e-02
 -4.1115421e-01
  4.3306792e-01
 -6.1907256e-01
  4.4862387e-01
 -6.0797733e-01
 -1.3535773e+00
  6.6520137e-01
  2.2772937e-01
 -1.8750022e-03
  1.7976360e-01
 -1.7961727e-01
  4.2422214e-01
  8.6799834e-04
  4.8686841e-01
  2.2599760e-01
 -2.9086959e-02
  3.3759594e-01
 -1.7217681e-02
 -4.5494292e-02
  6.3711507e-03
  3.2199014e-03
  1.0854531e-02
  3.6892392e-02
  1.3621223e-01
 -2.7886364e-01
  3.3413947e-01
  6.3676095e-01
  1.2994311e+00
 -9.7595178e-02
 -8.5908395e-01
  4.8438776e-02
 -3.7559611e-03
  6.0661670e-02
  1.4029595e+00
  8.4969580e-01
  2.6480988e-01
 -3.4084791e-01
 -9.9029643e-03
 -6.0422581e-01
 -5.3475457e-03
  1.6246345e-02
 -1.0231522e-01
 -3.7146602e-02
 -1.8106984e-01
 -2.0197886e-01
  2.2342350e-01
 -1.8983850e-01
 -1.6274869e-02
 -1.5448282e-02
  8.2492344e-02
 -7.2326906e-02
 -7.9602217e-03
 -2.6525364e-03
 -4.1926902e-02
  2.1134220e-02
  9.4041002e-01
  3.6464375e-01
  4.7755279e-02
 -3.6140338e-01
 -2.7365293e-02
 -1.3359603e-02
 -4.1039813e-02
  5.5852240e-01
  9.6761271e-02
  1.0487931e-02
  3.6156956e-02
 -6.7222463e-03
 -2.7687044e-03
  3.6278784e-02
 -1.3986746e-02
 -1.6293646e-01
 -7.7438466e-03
 -3.2860480e-02
 -2.1067215e-03
 -5.0258804e-03
  2.2042204e-04
 -2.1380989e-01
  1.5621015e+00
  1.9029535e-03
 -3.1852128e-03
 -2.6429854e-02
  7.9316311e-03
  3.9323946e-03
  9.6183671e-03
  1.4461975e-03
 -1.3667943e+00
  5.7589952e-03
 -1.4558870e+00
  9.1468152e-03
 -6.2742853e-04
  2.1733223e-01
 -1.7796158e-03
 -1.0612446e+00
  1.7880014e-03
 -4.0703097e-01
  2.3057657e-04
 -2.8634644e-03
 -7.1334563e-02
 -6.4386171e-01
  1.2969362e+00
 -9.9933791e-01
 -2.3632337e-01
 -3.4958792e-01
  3.0690393e-01
  1.7342612e-01
 -1.2838402e-02
  5.7382588e-03
  2.4832712e-04
  1.0320702e+00
  3.6963098e-02
 -1.8153073e-02
 -2.1624996e-01
  1.9400311e-01
 -6.0759211e-01
 -6.9856215e-01
 -1.5098295e+00
 -1.3566743e-01
 -7.9006308e-01
  4.6999428e-02
 -3.0571204e-01
  5.2570599e-01
 -9.9954620e-02
 -1.2583470e+00
 -3.4638280e-01
 -7.0289969e-01
  3.3588652e-02
  2.4856292e-01
  5.9041518e-01
 -2.7967558e+00
  4.7289871e-02
 -7.8954959e-01
  3.4633305e-02
 -2.6147461e-01
  5.9138391e-02
  3.2008851e-01
  3.5940760e-01
  3.3621062e-02
  3.2437104e-01
  7.8905016e-01
  6.8337572e-01
 -2.5945324e-01
 -2.0131510e-01
  9.5679438e-01
 -6.0696399e-01
 -4.4636992e-01
  3.0157006e+00
  5.9827026e-02
 -6.2347506e-03
  2.2347241e-03
 -1.0766289e+00
  1.9143704e-01
 -1.3922165e-01
 -1.7212383e-01
  6.4433986e-01
  6.2545609e-01
  2.5626129e-01
 -1.3582123e-02
 -7.8823906e-01
  2.1840282e-01
 -2.2137940e+00
 -2.3463767e+00
  1.2379321e+00
 -1.9758365e-01
 -2.3892764e-02
 -6.2276381e-03
  1.1040768e-01
  5.5271205e-03
 -5.5182941e-02
 -1.9423271e-03
  7.5731617e-01
 -1.5718524e-01
  1.2718105e-02
 -5.9667621e-03
 -1.0667690e+00
 -8.8833801e-02
 -2.9596171e-01
 -1.5558951e+00
 -2.4204619e-01
  2.7133149e-01
  5.0985813e-01
  1.8252702e-01
 -5.6180423e-01
 -5.5816364e-01
 -8.6716320e-03
  4.6443613e-03
 -6.6716820e-01
  1.6564862e-01
 -7.1761614e-01
  2.3112192e-03
  4.8116636e-01
 -6.3262274e-03
  1.1946295e+00
 -1.1930063e-01
  1.0217649e+00
  1.1003176e-01
  3.4506491e-04
  9.6146250e-03
 -1.2311199e+00
  6.0474062e-01
 -2.8504938e-01
 -3.1416926e-01
 -9.0393382e-01
 -1.6029155e-01
  2.9195333e+00
 -3.0936862e-03
  6.8528354e-01
  4.2591315e-02
  1.2449772e-01
 -6.6960096e-01
  1.1655687e+00
 -8.3881736e-01
 -2.4219523e-01
 -1.5069147e-03
  8.9371276e-01
  1.9085944e-01
  4.6767881e-03
 -5.6208014e-03
  8.6677885e-01
  5.0240064e-01
 -4.1777482e-03
  4.6682917e-03
 -1.4455475e+00
 -1.5810039e+00
 -2.8307579e+00
 -1.8044494e+00
  1.3431233e+00
 -1.4591458e-01
  2.5634408e-01
  6.2736832e-02
  1.7010028e+00
 -1.6271403e+00
 -8.2437217e-01
 -1.7469164e-04
 -1.5504283e+00
 -1.0644218e+00
 -1.1758736e+00
  6.7947474e-03
 -8.7084532e-02
  3.8574579e-01
  8.0529469e-01
 -4.5568213e-01
 -2.3212636e+00
  3.5341449e-02
  1.5740719e-01
  2.3846601e-01
 -9.1013342e-01
  1.9923206e-01
  1.6855943e-03
 -1.0136260e+00
 -4.4448444e-01
 -1.5344875e-01
  8.1556702e-01
 -3.8226012e-03
  1.1043473e+00
  1.6581762e+00
 -6.1223453e-01
 -8.6893135e-01
  6.3188994e-01
  2.6539618e-01
  2.8816956e-01
 -7.6784976e-02
  5.2318156e-01
 -2.7846559e-03
 -1.0037597e-01
  2.8754976e-01
 -4.1242443e-02
  3.9315018e-01
  2.5253579e-02
 -1.6138521e-03
  4.7044906e-01
  4.2058975e-01
 -1.2898762e+00
 -1.7700230e+00
  1.3653491e+00
 -3.0127001e-01
  3.1142238e-01
 -2.1030489e-02
 -9.0565395e-01
 -8.5562670e-01
 -3.6684731e-01
 -1.2203865e+00
  9.4135922e-01
  1.6255629e+00
  5.3030509e-01
 -2.9122971e-03
 -1.6312984e+00
 -9.4284929e-02
 -2.7018911e-01
 -2.4969120e+00
  1.4120491e+00
 -4.0481293e-01
  5.8343822e-01
  4.8655588e-02
  5.9566551e-01
 -5.0973754e-02
  3.7853545e-01
  8.4568799e-01
  1.0270195e+00
 -1.4938329e+00
 -6.0163945e-01
 -6.7689276e-01
  5.3347808e-01
 -2.7820367e-01
 -3.0689630e-01
 -6.8459475e-01
  7.9889491e-02
 -5.9794933e-01
 -8.6477399e-02
 -1.0303129e-02
  9.8819119e-01
 -4.2191699e-01
 -3.7908714e-02
 -1.0234600e-01
  1.5976303e+00
  2.0762375e-02
 -1.9758692e-02
  1.1622380e-02
  6.9456778e-02
 -1.2972106e-01
 -8.1759587e-02
 -2.5140146e-02
 -6.6188496e-04
  1.4280686e+00
  4.4713023e-01
  1.2329735e-01
 -1.3607396e+00
  7.2376645e-01
  2.2000657e-01
  2.5447491e-01
 -4.2686343e-01
  2.2371218e-03
 -1.8573491e-02
 -8.1311959e-01
  2.1562372e-01
  7.5808768e-03
 -2.2903271e-03
  5.3173429e-03
  3.7858692e-01
  1.4123917e+00
 -4.9281177e-01
 -5.2780157e-01
  2.9298875e-01
  2.1571992e-01
 -1.5281692e+00
 -1.7761650e+00
  9.6378314e-01
 -2.1876655e+00
 -1.7349442e+00
 -1.6120082e-03
  1.3093623e+00
 -1.1034966e+00
 -2.4289176e-01
  2.4250492e-03
  3.0250674e-01
 -4.1320798e-01
 -8.2208145e-01
 -8.1931782e-01
  6.0134786e-01
 -2.6030838e-01
  1.2327444e-01
  1.9865013e-03
  2.4568141e+00
  1.1181370e+00
  3.6111965e-03
 -3.7293661e-01
  3.6620459e-01
 -6.8500525e-01
 -1.2105863e+00
 -3.9449501e-01
 -4.8678149e-02
 -1.0398099e+00
  2.1036322e-01
  4.3618958e-02
  5.9126550e-01
  1.2097452e+00
 -2.9697293e-01
  1.7185725e-01
  3.9628083e-03
 -2.0464021e-01
 -4.8097175e-01
  3.2157211e-03
  9.2014277e-01
 -1.0261524e+00
 -6.6142264e-03
  4.2560860e-03
  6.8567550e-01
 -9.5580123e-02
 -3.4154958e-01
  5.5628695e-02
 -2.1457915e-01
 -4.7058129e-01
 -7.9596800e-01
 -1.4004307e+00
 -3.7669766e-01
  6.6321146e-01
 -1.3699667e+00
 -2.4693142e-01
 -2.6300725e-01
 -8.0347961e-01
 -1.2680670e+00
 -1.0168930e-02
 -4.7381428e-01
 -4.8505962e-01
 -4.3405291e-01
 -1.0113615e-01
  6.7224199e-01
 -8.9773703e-01
  1.2034198e+00
  1.4703223e-01
  9.1636562e-01
 -3.8429302e-01
  1.3812147e-01
  3.0457356e-03
  4.0253869e-01
 -4.9423590e-01
  8.3210021e-02
 -7.7001983e-01
 -2.7371222e-01
 -5.2034698e-02
  2.7481642e-01
 -1.3188971e-02
  8.3771771e-01
  1.8362172e-01
 -2.6131213e-01
 -6.0148376e-01
  1.2381463e+00
 -5.8568716e-01
 -1.3401961e-01
 -3.1210167e-02
 -5.9571847e-02
 -5.1538354e-01
 -1.0119658e-01
  5.1257443e-01
  8.8565212e-01
  2.8642852e-02
 -2.2181293e-01
 -8.6399596e-03
  1.6781668e-01
  5.7573891e-01
  6.9069421e-01
  1.7836355e+00
 -1.0965779e+00
 -2.9383162e-01
 -8.9593756e-01
 -7.0411317e-02
  1.9301301e+00
  4.5120701e-01
 -3.8204411e-01
  6.8955642e-01
 -8.5576057e-01
 -2.1004477e-03
 -3.1858992e-03
  1.2490591e-02
 -7.0642354e-03
 -3.6401480e-01
 -6.2290412e-01
  1.0977940e-01
 -1.5075236e-04
  2.4116139e-03
 -1.4066454e-02
  1.0629749e-02
  2.1158077e-02
  9.8636672e-02
  9.0475619e-02
  1.3539647e+00
 -3.6252639e-01
  1.0201160e-02
 -6.1712760e-02
  1.9452121e-04
  2.3916969e-01
 -1.1345936e+00
  3.8112935e-03
 -2.1129890e-04
 -8.9762837e-01
 -7.0709181e-01
  9.7726583e-01
 -7.0211897e-03
  7.0986295e-01
 -1.8530558e+00
 -2.2676380e+00
 -2.7311356e+00
  1.8689424e+00
  1.0771757e+00
 -1.1954557e-02
 -2.4635305e-03
  2.4788985e-02
  4.9182042e-01
  1.1707181e+00
  1.6612177e+00
 -9.1023803e-02
  1.4034601e+00
 -6.5791994e-02
 -1.6560981e-02
  1.2302343e+00
  3.6576223e-01
  1.2321479e+00
  4.6833429e-01
 -8.9924264e-01
  4.2350024e-02
  4.7707781e-03
 -1.7260961e-02
 -2.8383553e-01
  2.1147139e-02
 -3.2896727e-02
  2.1690249e-03
 -3.0305181e-02
  2.4283676e-01
  3.3528341e-03
 -3.8090955e-02
  1.1951084e+00
  9.8667330e-01
  1.2049843e+00
  1.6770877e+00
 -1.2663319e+00
 -6.7374981e-03
 -1.1875103e-02
  2.8975523e-01
  2.4175651e-02
  6.2136275e-01
  9.4494396e-01
  4.1375164e-02
  1.8252788e-01
 -4.6896744e-01
  4.9237055e-03
 -2.8118812e-03
  2.1283598e-01
 -1.5177903e-01
 -1.1889657e+00
 -8.5039616e-02
  9.2451805e-01
 -7.2152400e-01
 -7.1332090e-02
 -5.1437039e-04
  1.0820928e+00
  1.3082396e+00
  5.8649033e-02
  2.8536075e-01
  1.4021581e-01
 -1.0658054e+00
 -9.0201229e-01
 -3.7592780e-02
 -5.8344454e-01
 -1.4029408e-01
 -1.8980353e+00
 -3.0630285e-01
  2.4144742e-01
  2.3602399e-01
  2.1456132e-02
 -1.2231907e-02
  2.6534962e-02
  3.9387193e-01
 -1.4835637e+00
 -5.6265247e-01
  1.8282947e-01
  1.5736838e-01
  3.9197574e-03
  1.1748329e-02
 -8.5769898e-01
 -1.6515017e-01
  1.9029721e+00
  2.3203965e-01
 -1.2634327e+00
  5.1759195e-01
 -7.5896219e-03
 -3.0612534e-02
  6.3134253e-02
  5.9584177e-01
  4.4196889e-01
 -6.1330450e-01
 -9.1398489e-01
  4.3834850e-01
  3.5401115e-01
  1.1127847e-03
  1.9921539e-02
  3.8919514e-01
  1.4759755e+00
  3.9889288e-01
 -8.5710657e-01
 -1.6324815e-01
  1.4472414e-03
 -4.5844307e-03
  5.8987457e-01
 -4.5290288e-01
  4.2482112e-03
 -8.4029444e-02
 -9.2170691e-01
 -3.7663147e-01
 -1.7741563e-03
  2.2844888e-01
  2.1904936e+00
  2.3016241e+00
  1.5890189e+00
 -1.2004110e+00
 -4.7388715e-01
 -3.8518676e-05
 -9.1216834e-03
 -9.6690655e-03
  6.2639832e-02
  7.5224882e-01
  4.3576360e-02
  3.0947234e-02
 -1.9709903e-03
 -3.0607319e-01
 -3.5811011e-02
 -4.1597616e-03
  1.5471720e+00
  6.4345968e-01
  5.6717250e-02
  1.2018495e+00
 -5.5943394e-01
  9.1656372e-03
  1.6912193e-03
  6.7719193e-03
 -1.1429747e+00
 -7.4251407e-01
 -7.4251020e-01
 -5.8208400e-01
  9.8405075e-01
  1.2835214e+00
  4.6419120e-01
  3.0662820e-01
 -1.0541247e+00
 -7.7824694e-01
 -2.5236847e-02
 -2.9695332e-02
 -1.7249713e+00
  1.5589702e-01
 -1.1376988e-02
 -1.5976703e-02
  2.2217244e-01
  2.4266219e-01
  5.9261024e-01
  5.1901793e-01
 -1.1391652e+00
 -4.7783744e-02
 -8.9136940e-01
  9.1141667e-03
 -4.0185754e-03
  4.8452604e-01
  7.0107913e-01
  6.0442716e-01
 -1.1487793e+00
 -2.6566702e-01
 -4.0106047e-03
 -4.0824204e-03
  8.1597036e-01
  1.4359447e+00
  2.5138928e-04
 -1.7977804e-02
  2.8023234e-01
  4.0286484e-01
 -5.8523174e-03
  3.4925309e-01
  7.1630144e-01
 -1.4569901e-01
 -1.8037374e-03
  2.5271163e+00
  3.8630509e-01
  2.3795066e-03
 -9.0232055e-04
  1.0047643e-02
  3.1818116e-01
 -3.0888245e-01
 -2.4600941e-01
 -1.3910331e-01
  1.6152045e+00
 -2.0276502e-01
  2.9691759e-02
 -2.0872296e-01
 -1.8083144e+00
 -3.7424725e-01
 -3.6831453e-01
  2.4350668e-01
  1.1620184e-01
  1.4149579e-02
  9.9782078e-03
 -4.5460542e-03
  3.9929423e-01
 -5.4375780e-01
  1.0143404e+00
 -1.7959472e+00
 -8.7972510e-01
  4.2020270e-01
  1.3540664e-01
  1.6621423e-01
 -9.2436600e-01
  1.1452015e-01
  1.6159226e+00
  1.1782500e-01
 -4.2986181e-03
 -1.0828682e-02
 -1.7996001e-03
 -6.5164794e-03
  4.6153087e-03
 -6.0931236e-01
  9.4588447e-01
  1.0769763e+00
  1.7765627e+00
  3.4545969e-02
 -4.2530331e-01
  1.7714942e-02
  3.2413962e-01
 -9.5307454e-02
  1.4658854e+00
  4.8575705e-01
  3.6201519e-01
 -5.5960987e-02
  1.1911169e-02
  1.0597921e-03
  2.8926075e-02
  2.0713395e-01
 -1.3676147e+00
 -1.2534392e+00
  9.3325633e-01
  3.8472708e-02
 -3.7763751e-01
  4.3884292e-03
 -5.2097291e-01
 -3.6794621e-01
  1.9977649e+00
  1.4383825e+00
  6.9502759e-01
 -2.7419493e-02
  4.6558118e-01
  6.5148205e-01
 -9.8571825e-01
 -5.4731685e-01
 -4.5459285e-01
  3.0215222e-02
  8.7278247e-02
  5.0050031e-02
  4.1913074e-01
 -7.2249919e-03
 -4.6749136e-01
 -8.2278377e-01
  5.7607818e-01
 -6.5598888e-03
 -3.8460723e-01
  2.1039437e-01
  4.5613823e-03
  4.6027265e-02
 -1.6458377e-01
 -3.3662906e-01
 -3.7874028e-02
 -3.8371213e-02
 -5.9005837e-03
  2.1657072e-01
  3.9814856e-02
  1.8765028e-03
 -7.8383803e-01
 -8.5389495e-01
  3.6860704e-03
 -2.7462207e-02
  2.1699442e-01
 -6.2211919e-01
 -9.7766268e-01
 -3.3214238e-01
  8.2209605e-01
  5.5796033e-01
  3.5301509e-01
  3.4681234e-01
 -1.4408756e+00
 -7.8908813e-01
 -2.8784090e-01
 -7.5832792e-03
  2.5787442e+00
  1.6657407e+00
  8.8919735e-01
  4.1198558e-01
 -1.1956935e+00
  8.1208116e-01
  2.5419423e-01
  1.8379358e-03
 -2.7859792e-01
 -1.0985448e+00
 -1.1089605e+00
 -5.9502523e-02
  7.9046381e-01
  6.8251723e-01
  1.2829146e+00
  7.4268330e-04
 -1.1852819e+00
  9.6788824e-02
  6.9765151e-01
 -3.7892091e-01
  7.7518010e-01
  5.8577371e-01
 -5.9043366e-01
  1.2252527e-01
 -4.2422037e+00
 -5.9743905e-01
  1.1303750e-02
  2.9774669e-03
  2.8891617e-03
  1.5171378e+00
 -7.1499655e-03
 -4.5952868e-02
 -8.7985301e-01
  2.5548813e-01
  1.4530914e+00
 -1.8104960e-01
  1.9719765e+00
  2.1916789e-01
 -1.3039213e-02
  4.7641117e-03
  3.8584191e-02
 -9.4870919e-01
  1.7384173e-01
  7.4763624e-03
 -1.5426549e+00
 -1.0218483e+00
 -2.3923874e-01
 -5.6374909e-05
  9.8930687e-01
 -6.7233711e-02
 -6.0629621e-03
  9.5665509e-01
 -8.8347346e-01
  2.4987172e-01
 -8.9712277e-02
 -1.1851957e-01
  2.0109244e-01
  2.6975805e-01
 -6.6052586e-02
 -3.9219898e-01
 -6.8923080e-04
  3.1264748e-02
  1.1448740e+00
 -6.6643462e-02
  8.9348203e-01
  3.3517689e-02
  1.0704184e-01
 -3.1268280e-02
 -3.2829854e-01
 -5.2457190e-01
  1.1746720e-01
  2.7437267e-01
  2.1566031e+00
 -6.8276376e-01
 -8.6050320e-01
  1.0103367e-03
  2.6209095e+00
  2.0920974e-01
  1.3036542e-01
 -1.1012006e-02
 -4.8014992e-01
 -2.1830840e-01
  7.7839412e-02
 -1.7683436e-01
 -6.8241403e-02
 -5.5128729e-01
 -8.8607766e-02
  6.0545236e-02
  4.2312369e-01
 -7.0624864e-01
  5.6413317e-01
  6.5751679e-02
  1.3271013e-01
 -4.9016371e-01
 -1.1904905e+00
  1.6035274e-02
 -5.9344465e-01
 -4.0534773e-01
  1.1101830e+00
 -1.4972749e-04
  9.3345523e-01
 -4.2300957e-01
 -4.0602860e-01
 -7.7416119e-03
  5.6963229e-01
  1.1439370e+00
 -1.0824005e-02
 -8.8443887e-01
 -8.4797466e-01
 -8.8822395e-01
  8.3538957e-02
 -3.9694509e-03
 -5.1537448e-01
 -1.6541371e-01
  7.0516288e-01
  4.8309562e-01
 -5.8767885e-01
  2.1122500e-02
 -3.5202589e-02
  1.6337583e-03
  6.3522470e-01
  1.9018285e-04
  1.1112530e-02
 -1.0383570e-02
 -2.4647586e-02
  2.5028859e-03
  1.1924976e-02
 -7.1269833e-03
  3.1632438e-02
  4.6620099e-03
  4.8026666e-02
  1.4708518e+00
 -9.0736737e-03
  2.5691167e-01
 -6.8841353e-02
 -1.4710107e-02
 -3.4436658e-01
  4.0359154e-01
  6.9484171e-03
 -8.2805270e-01
 -1.4032556e+00
 -5.5148381e-01
  1.4293547e-02
 -3.3967765e-03
  3.1078866e-01
  4.5246236e-02
  2.0222856e-01
  3.7726969e-02
 -5.0851655e-01
 -2.1692246e-02
 -1.2643315e+00
 -7.1722662e-01
 -8.0483967e-01
 -8.1335874e-03
  1.2118713e-02
  4.1511413e-03
 -2.0211206e-01
 -4.1334561e-01
 -4.5573865e-03
 -1.5318910e-02
  1.3716060e+00
  3.7926313e-01
  9.9601656e-01
  6.7486328e-01
  2.2846822e-01
  5.2394029e-03
  4.4682669e-03
  1.8808456e-02
  9.3856043e-01
  6.8796533e-01
  9.6846180e-04
 -5.4265153e-01
 -3.5697395e-01
 -4.5852157e-01
  2.6718597e-03
 -1.2768770e-04
  3.0618588e-02
  3.1170538e-01
  4.1444626e-01
  1.0880525e+00
 -6.8449683e-02
  6.2880182e-01
 -2.5535083e-01
 -2.7729240e-03
  1.0795685e+00
 -2.9703785e-02
  5.2280440e-03
 -4.6052313e-03
 -9.3943125e-01
  3.6185467e-01
  1.1931156e-02
  4.1405740e-04
  1.4779116e+00
 -1.6445650e-02
 -3.5977414e-01
  1.6258621e-01
 -6.1753094e-01
  7.5775689e-01
 -1.3218036e+00
 -2.1373829e-02
  1.4222167e-01
  2.8115300e-02
  2.2942755e-01
 -2.5781029e-01
 -1.2809335e-01
 -4.5337442e-02
  6.2715602e-03
  6.9721895e-03
  5.5937988e-01
 -5.5160400e-02
  1.2247745e+00
  1.2494793e+00
 -6.2885267e-01
  3.5487434e-01
  1.6538322e-02
 -8.1250083e-04
  8.2414970e-02
  6.2506920e-01
  2.0187205e-02
 -1.9121015e-01
 -5.5436081e-01
 -7.4287236e-01
  1.3940036e-01
 -1.0429808e-02
  4.7641322e-01
 -1.0789081e-01
  2.6886812e-01
  1.2039216e+00
 -3.6410639e-01
 -1.0346167e-01
 -6.3544363e-01
  7.3531434e-02
  2.6061398e-01
 -1.1432007e-01
 -5.6471303e-03
  1.2184600e-02
 -7.1213299e-01
  1.7414506e-01
 -2.5326537e-03
  8.6455625e-03
  9.1015893e-01
  4.0343231e-01
 -4.7254100e-01
 -2.2934137e-01
 -7.9699695e-01
  2.4856804e-02
 -5.7083417e-02
 -1.1484205e-02
  5.7904309e-01
 -3.8115408e-02
 -1.5167084e-02
 -1.9738674e-01
 -6.0943288e-01
  6.3945651e-02
 -9.8034628e-03
 -2.2992040e-03
 -6.2982857e-01
  4.9724197e-01
  1.0813811e+00
  6.5567255e-02
 -1.7576998e+00
 -2.9236777e-02
 -1.8565045e-03
  2.1338824e-03
  6.1051577e-01
  2.8990665e-03
 -8.0491276e-03
 -4.0132818e-03
 -2.2111231e-02
  5.7852852e-01
  6.8511432e-03
  2.6544449e-03
 -8.6923307e-01
  1.3505778e+00
  1.8952329e-03
 -4.5046760e-03
 -4.0269530e-01
 -6.1199527e-02
 -1.3696686e-03
 -1.7529887e-01
 -2.5219455e-01
 -1.0351637e-01
 -6.9364300e-03
 -5.8345694e-02
  1.2168936e-01
 -1.5720801e+00
  1.0542064e-02
 -1.6246598e-02
  5.7444859e-01
 -2.1993627e-01
  1.4666735e+00
  6.2144849e-02
 -5.3121608e-01
 -1.4639409e-01
  6.4183366e-03
  1.4574872e-02
  6.0633051e-01
  1.8944373e-02
 -1.5677921e-02
 -2.1547163e-02
 -6.0360283e-01
 -3.1521082e-01
  1.4051551e-02
 -1.5591070e-01
 -1.0142694e+00
  4.9553221e-01
  5.7777166e-01
  2.0547698e-01
 -1.0029094e+00
 -1.0521378e-01
 -7.5411503e-03
 -1.9331684e-02
  8.9334156e-03
 -4.2688140e-01
  1.9800540e-03
 -5.2447258e-03
  2.6890400e-01
  3.9879229e-02
  2.8839702e-02
 -5.1864646e-03
 -1.4157021e+00
  5.2537328e-01
 -3.2069066e-03
  4.7832760e-01
  1.8028310e-02
 -1.1663255e-02
 -2.4481779e-02
 -2.3219628e-02
  4.2827347e-01
  4.4700638e-03
 -4.2544720e-03
 -1.9938421e-01
 -7.4428046e-01
  2.3209697e-01
  5.6831669e-03
 -1.1042237e-02
  1.6500670e+00
 -5.2621342e-02
  4.9933395e-01
  3.6622801e+00
  1.8708972e+00
 -3.8338071e-01
 -2.3652264e-03
  8.6726006e-03
  6.8783879e-01
  7.2032455e-03
 -4.3422566e-03
  1.0205113e-02
 -2.3518781e-01
 -1.0852070e-03
  1.7553033e-02
 -7.7520683e-03
  5.2828330e-01
 -9.3203890e-01
 -1.1105932e+00
 -2.9590040e-01
 -3.8651177e-01
 -1.8273160e-01
 -9.5632644e-03
 -2.1364942e-01
  1.5732428e-01
 -2.5577757e-01
  5.4419343e-03
 -4.9583885e-01
  9.1166562e-01
  2.7227587e-01
 -5.4888069e-03
 -1.7512607e-04
 -3.0372772e-01
 -3.3428451e-01
  1.1147968e-01
  1.2238622e+00
  1.0186653e-02
 -4.4620432e-02
  2.0437099e-03
 -2.7365671e-03
 -6.9899592e-03
  6.1453801e-02
  1.3446916e-03
 -3.3241720e-04
  7.2576177e-01
 -7.9956669e-03
  2.2674407e-01
 -2.5025909e-03
 -1.6398572e+00
 -2.2875702e-01
 -4.5564508e-01
  4.6336550e-01
 -5.9861785e-01
 -4.6629556e-02
 -6.6265194e-03
 -1.9222680e-03
 -4.6542612e-01
 -7.5772899e-01
  4.8442960e-01
  7.1076256e-01
 -5.6153542e-01
 -2.6486978e-01
  5.8717763e-01
 -1.5255043e-03
 -1.6627599e-01
 -2.5094929e-01
 -5.8426064e-01
 -4.4507053e-01
  1.1970525e+00
 -4.1843269e-02
 -9.6176763e-04
 -2.0452715e-04
  5.8044661e-02
  1.4684868e-02
 -1.5310635e-03
  9.9748336e-03
 -1.6978525e-01
  1.8526505e-03
  8.2236081e-03
  9.9082580e-03
 -5.4535572e-03
  2.0784543e-01
  4.3909037e-03
  1.8965391e+00
  1.1057029e-01
 -4.2089466e-03
 -1.2379739e-04
  5.8563175e-03
 -4.1368490e-01
  6.5766439e-02
  3.5416719e-01
  2.8659049e-01
  1.4958848e+00
  1.4325248e-03
  5.1392251e-01
 -4.2170640e-03
 -4.2252722e-01
 -2.1154287e+00
 -1.1224955e+00
 -2.5173535e+00
  1.1798956e+00
  2.3081842e-01
  2.4760030e-01
  1.0289834e-02
  2.5505133e-02
  1.8012381e-01
  1.0646598e-02
  2.6327211e-01
 -1.5885303e+00
 -1.9923348e-02
 -1.6140966e-02
 -1.7441330e-03
 -1.1543919e+00
  1.1809546e+00
 -9.8578840e-01
 -7.3601854e-01
  4.0687602e-02
 -7.6720733e-03
  1.0129309e-02
 -1.4365152e-02
  2.9380813e-01
  2.8599018e-01
  5.1924314e-02
  1.3833000e-02
 -7.8312587e-03
  3.1891419e-03
  3.5737717e-01
  7.4604102e-03
  2.6394704e-01
  1.1983414e+00
  5.6618050e-02
  1.9020671e+00
 -5.4409951e-01
 -6.2255282e-03
 -1.1413544e-03
  2.5269827e-01
  2.9649561e-02
  8.7607104e-01
  1.8888491e-01
  5.2717900e-01
  1.5802628e-01
  1.2955642e-02
  2.0459970e-02
  1.9000764e-03
 -7.8834578e-02
  7.0440847e-01
  8.9805476e-02
 -2.1053934e+00
  1.0870318e+00
  4.7963396e-01
  8.7015955e-03
  1.6399610e-03
 -2.7932873e-01
  2.8061321e-01
 -2.0418823e-02
  2.9348540e-03
 -1.1755962e+00
 -5.6504004e-02
  1.9115024e-03
  2.2214630e-03
 -4.2586240e-01
 -1.3110253e+00
  1.1726950e+00
 -3.2687154e-01
  1.6057109e+00
 -1.3764147e-01
  2.3009838e-04
 -3.5123003e-03
 -4.2031445e-02
  1.0994920e-01
  6.5956920e-01
  4.7523183e-01
 -8.9352906e-01
 -2.4045637e-01
  1.7189691e-02
 -9.3135778e-03
 -1.0782102e-01
 -8.3333343e-01
  6.7078131e-01
  1.1128933e+00
 -8.1763798e-01
  1.2498382e-01
 -4.9189557e-03
  6.7446850e-02
 -5.2948189e-01
  5.8808878e-02
 -2.8215656e-02
 -3.6745092e-03
 -1.2294417e-01
  6.0232244e-02
 -8.5800386e-04
 -6.3546823e-04
 -2.6888684e-03
 -2.6814204e-01
 -1.3095570e-01
  5.6489825e-01
 -9.2893171e-01
 -1.8434022e-02
 -5.9241797e-03
  3.5299107e-02
  2.3165736e-03
  9.6077688e-02
  7.3478281e-01
  2.9729882e-01
  1.6278408e+00
 -6.2738663e-01
 -7.5228578e-01
  2.7098691e-03
  4.7067499e-01
  8.2658345e-01
 -1.9442761e+00
 -6.4857185e-01
 -4.0320733e-01
 -9.9077607e-03
 -3.1524049e-03
  6.5358793e-03
  3.2008687e-04
 -6.9999206e-04
 -3.4615977e-03
 -4.9307346e-03
  3.3862120e-01
  8.2969767e-05
 -1.0092401e-02
 -1.2608594e-02
  1.3058244e+00
  4.0524971e-01
 -4.3887403e-03
 -1.5046585e-01
 -3.2686824e-03
 -6.9426750e-03
 -5.8413434e-01
  9.7011775e-03
  3.4619602e-03
 -2.5239535e-02
  1.8587139e-01
  4.9573421e-02
 -2.8771095e-02
 -7.3579043e-01
 -7.4640250e-01
 -5.4183956e-03
 -1.1528136e+00
  4.3582910e-01
 -4.9651312e-03
 -1.6873589e-02
 -5.9722555e-01
  1.8713608e-03
  3.2686032e-02
 -2.3234356e-03
  2.7792974e-04
  1.0039681e+00
  1.8980917e-02
  6.4709239e-02
  2.3410150e-01
 -5.6451513e-03
  5.1432097e-01
  1.5923848e-02
  1.3779373e+00
  3.8894254e-04
 -5.5425841e-01
  2.9503670e-01
 -5.8089525e-01
 -1.7856279e-02
 -3.4972806e-03
 -8.6252065e-03
 -2.2423633e-03
  1.7728885e-03
  1.0797276e-01
 -1.3554723e-02
  9.8262966e-01
 -2.2432078e-01
 -7.0479995e-01
 -6.0136886e-03
  1.7910016e+00
  8.2083803e-01
 -3.4676012e-01
 -6.6561234e-01
 -2.7544495e-01
  1.7798265e-03
 -1.9397167e-02
  8.8602345e-04
  3.4768982e-03
 -2.5638673e-01
 -2.8439439e-03
  7.7974498e-01
 -2.9625859e+00
  4.2421976e-01
 -1.2411341e-02
 -7.7359861e-04
  1.1687318e-01
 -5.7299149e-01
  1.0313348e+00
 -1.9741362e-01
 -1.5756778e-01
 -6.4166284e-01
  8.6219395e-03
  2.2699235e-03
  7.2378414e-03
  1.4010044e+00
  2.2452964e-02
 -9.6098566e-03
 -6.4323527e-01
  2.9605657e-01
 -4.9416432e-01
  3.9401683e-03
  9.4255842e-03
 -5.7570940e-01
 -1.1160104e+00
 -3.5438937e-01
  6.3789585e-03
 -1.8761603e-02
  5.0031785e-03
  3.5419727e-03
  1.4881296e-03
 -3.4451053e-01
  1.1754107e-01
  4.5501214e-01
  5.4936677e-01
  3.7365553e-01
 -3.7012371e-01
 -5.4185948e-04
  2.0786566e-01
  3.4786022e-01
 -1.2233946e+00
 -1.1179916e+00
 -6.5137428e-01
 -2.6345896e-02
  4.3966068e-04
 -1.9252230e-03
 -9.8956801e-02
 -4.3123835e-01
 -5.8077117e-03
 -3.0622741e-03
  8.4611171e-01
 -3.2013071e-01
 -3.3127999e-01
 -1.1196180e-02
 -4.4424447e-01
  7.9332381e-01
  5.6597155e-01
 -5.8372110e-01
 -4.1622129e-01
 -1.5069443e+00
 -4.3227870e-02
 -1.7127053e-01
  9.3439510e-03
 -3.0329302e-01
  3.8420060e-03
 -4.0655611e-03
 -1.2642750e+00
  1.6582400e-01
 -1.9541626e+00
 -1.3815382e-02
  1.5539891e-01
  3.3530983e-01
 -6.8224341e-01
  1.1499771e+00
 -1.4860888e+00
 -1.1562546e-01
 -8.5422946e-03
 -5.4725781e-02
  2.3490384e-01
  4.0402119e-03
  2.0196074e-01
  6.5216993e-04
 -2.3463093e-04
 -7.0966274e-02
 -1.2361770e-02
  1.9133909e-02
  1.2742461e-01
  6.8092458e-02
  1.5161126e-02
  3.3389699e-01
 -1.2954205e-02
  1.0719659e+00
 -7.9556677e-04
 -1.0437810e-02
 -3.0073240e-01
  2.1108019e-03
  2.3468377e-03
 -2.2350127e-04
 -3.4545150e-02
  8.9432967e-01
 -1.0217609e+00
  3.2255019e-04
 -7.5468472e-03
 -6.0586768e-01
  2.1660621e+00
  3.2818055e-01
  1.3253090e+00
  4.5418727e-01
 -6.4546221e-01
 -7.7963197e-01
  5.1625967e-01
 -3.0290711e-01
  2.4527973e-03
  7.4047633e-03
 -5.1172441e-01
 -2.2942374e+00
 -5.9770006e-01
 -7.1098702e-03
  2.8902796e-01
  4.5549053e-01
  1.0602524e+00
  5.1365036e-01
 -7.9235184e-01
 -7.8427476e-01
  1.6899757e-01
 -5.1809000e-03
  2.7684224e+00
  4.6961117e-03
 -6.7241248e-03
  2.7119655e-03
 -7.0600426e-03
 -3.1356627e-01
 -7.6886170e-02
 -1.4947567e-02
 -3.4818828e-01
  7.2724676e-01
  3.6229730e-01
  2.1683194e-01
  6.5839060e-02
  6.0601536e-02
 -5.7307953e-01
 -1.0472929e+00
  9.0479755e-01
 -3.0708772e-01
  7.2168289e-03
 -1.0630004e-02
 -2.3377155e-01
  2.7849677e-01
 -1.4263806e+00
 -2.2825971e-03
  2.8002968e-01
  6.6431725e-01
  1.3342800e+00
  1.1352569e-01
 -5.6559098e-01
 -3.1012043e-01
 -5.7962285e-03
 -4.1886240e-01
 -3.1209457e-01
 -1.0777130e-03
 -1.6961917e-03
 -4.7636069e-03
 -5.4453301e-01
 -8.5883200e-01
 -1.3083797e-02
 -8.7689413e-03
  8.4603459e-01
  5.8180084e-03
  1.2017467e+00
  8.5912091e-01
 -2.7436626e-01
 -3.0911627e-01
 -8.8091968e-03
 -4.6584167e-02
 -9.3941426e-01
 -1.2109701e-02
 -1.0985870e-02
  2.1110405e-03
 -2.5510153e-02
 -3.3563718e-02
 -1.5283370e+00
  4.6284197e-04
  3.9691857e-01
 -3.4448388e-01
  5.0110894e-01
  6.3678890e-01
  6.3730620e-02
 -2.6677001e-01
 -7.7149924e-03
 -2.7556229e-01
  1.2815329e-01
 -2.8402898e-01
  1.2831743e-03
 -1.1973966e-04
  2.1323653e-01
  4.8749197e-02
 -8.1436612e-02
  5.3481053e-05
  3.9554706e-01
 -1.6324970e-01
 -5.7258576e-01
 -6.0966045e-02
  2.3391849e-01
  3.3946745e-02
  3.3946745e-02
  3.3946745e-02
  3.3946745e-02
  3.3946745e-02
  1.2615363e-01
  1.2615363e-01
  1.2615363e-01
  1.2615363e-01
  1.2615363e-01
  7.6216288e-02
  7.6216288e-02
  7.6216288e-02
  7.6216288e-02
  7.6216288e-02
  4.1649152e-02
  4.1649152e-02
  4.1649152e-02
  4.1649152e-02
  4.1649152e-02
  1.5241097e-02
  1.5241097e-02
  1.5241097e-02
  1.5241097e-02
  1.5241097e-02
  7.0026636e-02
  7.0026636e-02
  7.0026636e-02
  7.0026636e-02
  7.0026636e-02
