nep4_zbl 4 Li La Zr O 
zbl 0.9 1.8
cutoff 6 4 95 29
n_max 4 4
basis_size 8 8
l_max 4 2 0
ANN 30 0
 -1.2144597e+00
  9.0899795e-02
 -8.0759531e-01
  3.8942143e-02
  1.3476534e-01
  9.0305004e-03
  2.8793542e-03
 -7.5397813e-03
 -1.8583573e-03
 -6.8704360e-03
 -5.0539529e-01
  2.3837265e-01
 -4.3376926e-02
 -3.4098068e-04
 -1.0421188e-01
  5.1041847e-01
  9.4539132e-03
 -4.3325634e-03
 -1.3696227e-02
 -4.9455708e-01
 -3.5542986e-01
  6.0818344e-01
  1.9800989e-03
  5.6076911e-03
 -2.4656162e-01
  3.9486326e-03
  7.2886802e-02
  4.7559752e-03
  3.1314988e-03
  7.0284773e-03
  1.4149332e-03
 -2.4127103e-02
 -1.1745069e-02
  1.0646232e-03
  5.0482661e-02
  1.1744705e-03
 -1.5824499e-02
 -6.3798502e-03
 -1.1193946e-02
  2.3201991e-02
  4.8031616e-03
 -1.7950274e-01
  5.5960663e-02
 -1.0670102e-03
  4.9899868e-03
  4.1914876e-03
 -8.4509171e-04
  3.1254382e-03
  7.8062862e-01
  7.1536474e-02
  4.0800311e-03
 -3.7651912e-03
 -4.5462637e-03
  2.1100159e+00
  2.5567713e-03
  1.0326278e-03
 -4.4087684e-03
 -1.0998713e-02
 -3.7259889e-01
  1.0466862e-03
 -2.0918795e-03
  2.3894481e-02
  8.3092025e-05
  6.5355683e-03
  1.0838246e-03
 -1.0917190e-03
 -9.9646421e-03
 -3.3131596e-03
 -3.4425189e-03
 -6.3093811e-02
  1.4490174e-04
  2.1899615e-03
 -3.5403889e-05
 -4.3066102e-03
 -2.9133199e-04
  2.4676761e-01
  4.7038817e-03
 -1.5752530e-03
  2.1806245e-03
  4.6083808e-02
 -1.5071801e+00
  3.8106928e-03
 -5.0864886e-03
 -8.2180304e-03
  3.3373614e-03
  6.8407371e-03
 -2.5635962e-03
 -2.9975278e-03
 -1.1189969e-02
  1.3096466e-03
 -6.1730295e-03
 -1.3924885e-03
 -2.1309221e-05
  4.7032539e-02
 -2.9599345e-03
 -1.0187079e-03
  6.9023008e-03
 -4.7929800e-05
 -8.6216601e-03
 -2.8480773e-03
 -2.8032314e-03
  1.3686341e-04
 -1.4900388e-03
  2.4909158e-03
 -1.4020510e-04
 -1.1600813e-02
 -2.5618072e-03
  2.1464105e-03
  5.2955030e-03
 -2.4827619e-04
  1.6858028e-03
  3.7398289e-03
 -3.7650619e-02
 -8.9568627e-04
 -1.5023487e-03
  6.7096250e-04
 -4.3653273e-03
  5.5912174e-03
 -2.2324317e-03
  6.1441469e-03
  1.6825205e-02
  2.7710348e-01
 -4.0210444e-03
  6.5135658e-03
  6.1047578e-04
 -2.7143004e-04
 -2.3842570e-03
  7.0271813e-03
  4.0540076e-04
 -1.1492972e-03
 -6.6308788e-04
 -1.7817880e-04
  2.0470484e-03
  1.1481245e-03
  7.7910530e-03
 -2.0578702e-03
  7.4666343e-04
 -1.1704277e-03
 -8.2227250e-04
  4.1137540e-01
 -1.4102156e-03
 -4.4657700e-03
 -1.1424425e-03
 -1.6637117e-03
 -6.4213602e-03
 -2.2620205e-03
 -2.9561999e-03
 -5.1533631e-03
  6.6081760e-03
  8.7647829e-03
 -9.9722731e-01
  6.4630425e-01
 -7.6111577e-02
  4.8269856e-01
  1.2728351e-01
 -4.6385759e-03
  1.6011194e-03
 -3.2270402e-02
 -1.3442210e-02
  3.7058757e-03
 -1.2645154e-01
  1.9563159e-01
 -1.3433419e-01
 -4.6519312e-05
 -8.0489588e-01
 -3.0204991e-01
  7.1220048e-02
 -5.4836972e-03
 -9.8840021e-02
 -1.8199266e-01
 -1.0757324e-02
  6.9889605e-01
 -2.5913659e-03
 -2.2576866e-03
 -4.9641561e-02
  3.9176838e-03
  8.3581164e-02
  4.3799271e-05
 -1.5459347e-03
  9.3387853e-04
  6.5476070e-03
  1.2245941e-03
 -2.8052572e-03
  2.3507494e-03
 -1.0988581e-03
  1.2959087e-04
 -1.0028403e-03
 -3.7864463e-03
  1.9751464e-03
 -4.3579005e-03
  1.6114235e-02
  4.9862381e-05
  1.2229773e-03
  2.9447267e-03
 -2.5946123e-03
  6.3363805e-02
 -1.5068664e-03
  2.5053169e-03
  2.1768383e-04
  2.2885401e-03
  1.5569191e-03
 -2.3580240e-03
 -1.6572482e-03
  1.2155506e-03
 -2.7533767e-03
  3.3109400e-03
 -1.8903468e-03
 -2.2449638e-03
  1.2031143e-04
 -9.1934606e-04
 -2.4791632e-03
 -1.5000787e-03
 -6.8836212e-03
  4.5607821e-03
  5.0623721e-04
  3.0567223e-04
  5.2078888e-03
 -2.1486887e-04
 -1.5430591e-03
  1.6996410e-03
 -2.0444593e-03
 -7.1565346e-03
  9.3200541e-04
  1.5309324e-03
 -3.5408398e-03
 -1.8276770e-03
  1.1608271e-03
 -6.3251932e-03
  7.1927195e-04
  1.1186339e-03
 -2.8567598e-04
 -1.8539348e-03
  1.3145759e-03
  2.3807620e-03
  1.6586869e-03
 -4.1752239e-03
 -5.4055722e-03
 -1.5413124e-03
 -4.7644917e-05
 -1.2137669e-03
  2.6309832e-03
  6.1544043e-04
 -1.5196404e+00
  6.1690570e-03
 -2.3233218e-04
  1.5731674e-03
 -2.0333615e-03
 -7.8259333e-04
  1.1048384e-03
  1.2721995e-01
  5.6952997e-03
 -9.3630265e-04
  1.7938871e-03
  1.4471503e-04
 -3.0747871e-03
 -4.9646306e-03
 -3.5736680e-03
 -6.1739644e-04
  1.9994092e-03
 -8.7526551e-04
 -6.3308235e-03
  5.1419041e-04
  2.3115326e-03
 -4.0921378e-03
 -5.3543533e-04
 -2.8267480e-03
  6.8436936e-04
  3.0457714e-04
  3.0643770e-03
 -3.8016420e-03
  2.8683111e-04
 -3.8657829e-01
 -1.4840139e-03
 -1.8873005e-04
  4.4692247e-03
 -1.8076587e-03
 -2.0996500e-03
  1.5182880e-03
  4.9184897e-04
  7.6380202e-05
 -1.6680721e-03
 -3.9535458e-03
  1.7212920e-03
 -2.5032607e-03
  7.4603162e-03
  6.2835240e-04
 -4.1507347e-03
  5.6382670e-04
 -5.1283638e-05
 -2.1157921e-03
  5.3191022e-03
 -4.6931069e-02
 -1.0475207e-03
  1.7641748e-03
  7.2778747e-03
 -1.0724911e-02
  1.9408576e-03
 -1.5841629e-03
  4.5649558e-03
 -2.2453628e-03
 -1.4517822e-03
  2.6753554e-04
 -5.9795305e-03
  2.7147746e-03
  3.0850957e-03
  4.4917248e-04
 -7.9368125e-04
 -2.1176632e-03
 -3.7923823e-03
 -6.0425641e-04
  6.5675457e-03
  1.8023395e-03
  1.6036615e-02
  6.1555993e-04
  1.2281031e-03
  1.9450822e-04
  2.1508245e-03
  8.2344487e-03
 -1.0653209e-03
  6.6880591e-04
 -1.7926582e-03
  2.8905776e-04
 -2.4246280e-04
  8.2669477e-04
 -3.6118571e-03
 -3.8707990e-03
 -9.2772744e-04
 -5.5846409e-03
 -1.1126135e-03
  8.1538446e-03
 -4.3533638e-01
  9.2315191e-01
  1.2616074e-01
 -3.5583608e-02
  3.3318636e-01
 -1.5110303e-02
 -6.2273390e-04
 -1.0334942e-02
 -2.8067900e-02
  3.4562363e-05
 -4.0962990e-02
  8.6523890e-02
  6.7585480e-04
 -5.0799893e-03
 -1.0167288e-01
  2.2013078e-03
  9.3630958e-01
 -3.2693429e-03
 -3.7827786e-02
 -4.7081119e-01
 -3.5878442e-02
  2.8877506e-01
  1.8951049e-04
  2.2817947e-01
 -4.3969584e-01
  4.3762662e-02
  1.1146130e-01
  2.3632506e-02
  1.2079085e-03
  4.9528740e-03
 -3.7720636e-03
  5.1800320e-03
  2.7468705e-03
 -1.3362557e-03
  3.6351584e-02
 -6.9325021e-03
  4.8670839e-04
 -3.3334091e-02
 -1.2177847e-03
 -3.9658854e-03
  3.6957085e-03
  1.5074749e-05
 -6.9281482e-03
 -8.3368435e-04
 -3.5504801e-03
  1.0563930e-03
  1.6338323e-03
 -4.0067043e-03
 -2.8805807e-02
  5.8647554e-04
 -1.2598254e-03
  3.6277231e-03
  1.4699695e-03
  3.4773772e-04
  9.0277294e-04
  1.7415980e-04
  1.5412762e-03
 -4.8531429e-03
  4.2611486e-03
 -3.7949937e-03
  2.9915816e-03
  2.7922676e-03
  1.9656054e-03
  1.6230901e-05
  1.7547813e-01
  3.6865806e-03
 -3.1691932e-03
 -5.0668762e-04
  2.1109429e-04
  7.3417509e-04
 -6.8226126e-03
  2.1864070e-02
 -1.9527249e-03
 -4.3402225e-04
 -1.1128123e+00
  1.0562974e-02
  1.3551961e-03
 -9.4537800e-03
  8.3397131e-04
  1.1033591e-05
 -1.4793441e-03
  1.6441138e-03
  3.9192479e-02
 -4.3220804e-03
 -4.0891692e-03
  1.1599644e-03
  7.7514336e-03
  6.7769592e-03
  2.6351858e-03
  8.5673627e-04
 -1.3461587e-03
  1.0859511e-03
  2.3144856e-04
 -1.1969632e-01
 -1.2955269e-03
  1.5463984e-03
  3.2271331e-03
 -4.6032690e-03
 -7.1612280e-03
 -6.6248067e-03
 -2.0365249e-03
  2.2851971e-03
  2.1283857e-03
  5.2234915e-04
  6.3638686e-04
 -1.7098119e-02
 -3.2573198e-03
 -1.3447748e-03
  5.4614450e-04
 -2.1564536e-04
  2.2981531e-04
 -6.7638664e-04
  2.0920623e-03
 -5.6203204e-04
 -2.5743269e-03
  7.9173027e-03
  4.0254039e-03
 -7.2173546e-03
 -5.6664884e-04
  1.8368826e-03
 -2.9252833e-03
  1.9345010e-03
 -6.0374555e-03
 -4.6320069e-03
  6.2688570e-03
 -1.1006750e+00
 -4.2165443e-03
  6.6401633e-03
  4.6541081e-03
  1.0057482e-03
  5.7214045e-04
  3.9976686e-03
 -3.1914018e-04
 -3.9608826e-04
  8.1471084e-03
 -1.6105820e-03
 -3.4835195e-04
  2.8480502e-04
  8.8154366e-03
  7.2034402e-03
  1.1795111e-04
  3.9794785e-03
  4.6351040e-03
 -8.3428313e-04
  7.2613568e-03
  4.1808742e-03
  1.5349564e-03
  7.2099227e-03
 -1.0222137e-02
 -9.9175982e-04
  8.6928746e-03
  1.5448830e-02
  1.0592594e+00
 -3.1534821e-04
 -2.3518868e-03
 -4.0604644e-03
  6.2959497e-03
 -6.5816299e-04
 -9.7077964e-03
 -2.7832878e-01
 -8.6957560e-05
 -9.6692174e-04
 -8.2896352e-03
 -7.5902074e-04
 -7.1828847e-04
  5.7218631e-04
  9.9918395e-03
 -1.9930329e-03
  3.7551936e-04
  2.0654707e-03
  5.7974267e-03
 -4.5532142e-03
  2.2159333e-03
  4.9157511e-04
 -1.5540301e+00
  1.7445490e-03
  4.4771405e-03
  5.6889388e-03
  7.9972780e-04
 -2.3187653e-03
 -1.1809952e-02
  4.5954939e-02
 -3.2715332e-02
  6.4526750e-03
  5.7773482e-02
 -4.4946957e-01
  2.5364271e-01
 -4.2072046e-01
 -1.8730374e-01
 -2.0747215e-01
 -2.7123830e-01
  6.1938893e-02
 -5.6126279e-01
 -1.8854612e-01
 -1.6261978e-01
 -3.7422215e-03
 -1.9420909e-02
 -4.7925758e-01
 -7.6457717e-02
 -7.8780495e-02
 -7.4777775e-02
  1.2838264e-01
 -1.0609476e-02
 -1.6476385e-01
 -2.0729449e-01
  1.0662565e-01
  7.9522900e-02
  5.4197021e-02
  6.2357388e-02
  1.9445132e-01
 -6.0765382e-02
  1.5134461e-02
 -1.1870441e-03
  4.1522724e-03
 -9.3978740e-02
 -2.0560746e-03
 -5.4912084e-01
  1.5860324e-03
 -2.3533981e-02
 -2.7661750e-03
  1.1965598e-04
  8.7481188e-03
 -3.4765503e-03
 -7.8862477e-03
 -1.6997838e-02
 -2.5552730e-03
 -1.1002031e-03
 -1.7742837e-03
 -3.3939290e-03
 -5.2607469e-03
 -2.1372573e-02
 -1.7778322e-03
 -5.2390294e-04
 -8.1844535e-04
 -2.8281359e-03
 -1.2133004e-03
  8.1482893e-03
  3.9758999e-04
 -5.8689383e-03
 -7.6418777e-04
  1.9962872e-04
 -1.9103369e-05
 -3.4103913e-03
 -6.2433118e-04
 -1.3367738e-02
  1.5321275e-04
  1.9668858e-04
 -1.9064548e-03
 -9.9016575e-04
 -3.4168195e-02
  8.2246987e-03
 -5.0680577e-03
 -4.7397870e-03
  6.9246576e-03
  1.8470775e-02
  7.2776880e-03
 -7.6480355e-04
 -1.6275942e-03
  1.1538034e-03
 -2.6502481e-04
 -1.3526994e-03
  5.5508823e-03
 -2.8054034e-03
  3.4130125e-03
  1.1144966e-03
 -3.3592281e-03
  1.1103245e-03
  1.8657309e-03
  1.9102526e-04
 -2.5068901e-03
  2.5148696e-01
  2.6961237e-01
  2.4369305e-02
  4.9010828e-02
 -9.0307206e-02
 -4.4901855e-03
  8.2120001e-02
  2.9725139e-03
 -1.0382757e-01
 -7.1444167e-03
 -1.3076756e-02
  2.3234530e-01
  6.5405685e-01
 -5.3231798e-02
 -1.7255642e-01
  9.9197626e-03
  4.7828694e-04
 -5.4441432e-05
 -1.7507409e-01
 -1.8353434e-01
 -3.6440601e-03
  1.0300973e-01
  2.0252219e-03
 -4.0127351e-03
 -1.4264093e-01
  8.8352161e-03
  2.1530887e-02
 -3.2598921e-03
 -9.3727902e-04
  1.3462859e-03
 -1.0415532e-01
  2.9703520e-02
  7.5238864e-03
  9.3728036e-02
  5.2533387e-03
 -4.8194514e-03
  5.3477520e-03
 -3.4230787e-03
 -3.1278238e-03
 -8.4218932e-03
 -5.9326332e-02
  7.2592780e-02
 -2.2039206e-03
 -3.0697882e-04
 -1.8709518e-01
 -2.5570760e-03
 -4.9171772e-02
 -1.6867315e-03
 -6.4009023e-03
 -2.1868095e-02
 -1.0500442e-02
  1.1396238e-01
 -1.6602824e-03
  1.5343430e-03
 -2.4919598e-03
  3.2673916e-03
  2.4910985e-02
  4.5355754e-03
 -6.9853783e-01
  1.9062344e-03
 -1.6277021e-01
  5.1798975e-01
  5.3236902e-02
 -1.8599225e-03
 -1.3738756e-04
 -1.8732501e-03
  5.8125206e-03
 -4.4153091e-03
 -2.2006547e-03
  1.0278079e-03
  1.7004644e-03
  9.1491714e-03
  5.8832980e-04
 -1.0438465e-02
 -4.1495217e-03
 -2.0101075e-03
 -1.8788090e-02
 -3.3382263e-02
 -5.2579073e-03
 -1.3611142e-02
 -2.8455177e-02
  5.1415050e-01
 -5.8376957e-03
 -1.2685556e-03
 -1.7198360e-02
 -2.0663668e-03
 -2.0002620e+00
  7.5670639e-03
 -8.4440253e-04
  9.8442091e-03
 -1.3173526e-03
 -1.1052663e-03
 -1.1755554e-01
  7.6687829e-05
  1.7351239e+00
 -8.6517073e-03
  6.3380152e-02
 -1.3425919e-03
  2.1983776e-03
  3.3669730e-04
  2.7562084e-03
  8.7812934e-03
 -4.6448190e-02
 -3.3665625e-03
 -4.8910244e-04
  1.5890293e-04
  1.6796742e-04
 -3.8902827e-03
 -2.0832213e-02
 -9.9934442e-03
  3.7059837e-04
 -6.9300074e-04
 -2.0632084e-02
  2.1458855e-03
  3.5777919e-03
  6.9510709e-03
  2.8505046e-03
 -6.2369043e-04
  8.2387392e-05
  5.3718857e-05
  7.7107653e-04
 -3.1632404e-03
  3.4872405e-03
  3.6747155e-01
  1.4461436e-03
  8.9855568e-04
 -1.8483504e-04
 -4.1927970e-03
 -4.5621190e-03
 -1.6728849e-03
 -6.9275592e-04
  2.9768283e-03
  8.0196734e-04
 -2.7263633e-03
 -5.7734680e-01
  2.3218575e-03
 -2.4811132e-01
  3.3793501e-03
 -7.5945691e-03
 -5.0499709e-03
  1.7801643e-03
 -1.6228005e-03
  4.9500950e-03
 -4.5247315e-03
  1.5399065e-03
 -5.5298203e-04
 -2.5592817e-03
 -1.9611374e-03
  2.8833125e-03
  6.4358078e-03
  1.7172709e-02
 -1.7927282e+00
 -8.8669038e-01
  1.5123937e-01
 -1.1860097e-01
  1.8431437e-01
  4.2341474e-02
  3.0633693e-03
  7.4042599e-03
  2.9154937e-03
  9.7634301e-02
 -5.8538395e-01
  1.0508116e-03
  4.6614966e-01
  5.8433086e-01
 -1.2192410e-02
 -7.3037773e-01
  8.1326086e-03
  2.7767774e-01
  2.3013693e-01
 -6.7906873e-04
 -9.0593553e-01
  1.5880197e-03
 -2.3140051e-04
 -2.8340212e-01
 -5.7746586e-04
 -6.2106352e-02
 -2.8934013e-03
 -2.6196658e-03
 -1.7865967e-03
 -1.6327871e-01
  2.0970327e-01
 -2.9634821e+00
 -5.8162920e-03
 -2.1380031e-01
  1.1741655e-03
  2.7165363e-02
 -5.7150720e-04
 -1.0059969e-01
 -2.8952176e-04
 -3.3503659e-03
  2.7693135e-03
 -3.9087777e-04
 -2.2489475e-03
 -5.1346333e-03
 -2.4213498e-02
 -7.8487806e-02
 -1.6383154e-05
 -1.2676556e-02
 -7.4101575e-02
 -8.9563787e-02
  6.0865656e-03
 -6.6437656e-03
 -1.0626429e-01
 -4.3046303e-02
  1.8427392e-05
  1.2554338e-02
  6.4896666e-03
  3.2740429e-03
  1.9263495e-03
 -6.8892193e-01
 -6.7657876e-01
 -1.4732847e+00
 -6.3887393e-01
  4.9146734e-02
  2.5450254e-03
 -2.3433605e-01
  1.9946646e-02
  1.1742694e-02
 -2.4205295e-03
  1.2222231e-01
 -3.0453298e-03
  2.6502874e-02
 -7.4522605e-04
 -3.3158113e-04
  3.0400222e-03
 -5.9788559e-02
  6.8218219e-03
  1.7265634e-01
 -2.5053945e-01
  2.1384671e-02
 -3.8229063e-01
  1.9301646e-03
 -6.4860377e-04
  5.0887641e-02
 -4.0243464e-03
 -1.7463647e-02
  2.3827506e-03
  4.6335995e-01
 -4.3627531e-03
  9.5786013e-02
 -1.0416353e+00
  4.9230173e-01
  6.0867959e-01
 -2.8047919e-01
  9.1359121e-01
  3.4869668e-01
  1.9187407e-01
  2.9297876e-01
  1.5962186e-01
  4.8376146e-01
 -5.1873278e-02
  3.4143230e-01
  3.6898524e-01
  3.7052909e-01
  7.4667060e-01
 -5.6218129e-01
  1.0393142e-01
  5.2334183e-01
  1.4643945e+00
  4.6567819e-01
  1.4363071e-01
  6.0348553e-03
 -6.5519824e-05
  6.9784027e-01
 -6.4693168e-02
 -8.3543003e-02
 -1.2843441e-03
  3.0527160e-01
 -3.2622453e-03
  6.6416666e-02
 -3.9056259e-01
 -8.4690273e-01
 -5.0084764e-01
 -1.6598031e-03
  2.2024766e-03
  2.5345415e-03
 -1.4114971e-03
 -9.9911168e-02
  3.0982911e-04
  1.7822676e-03
 -3.7377420e-01
  2.3415194e-01
 -2.4349112e-03
  3.3413757e-02
 -6.9242450e-03
 -8.6470693e-01
  6.0944561e-02
 -8.2265108e-04
  1.6213718e-03
  9.0851216e-03
  2.2667258e-03
 -8.1023760e-04
  3.7015978e-02
  7.6877242e-03
 -1.3577647e-03
 -1.2989203e-02
 -1.0506366e-02
 -5.3210277e-03
 -3.3612086e-03
  6.5397541e-03
 -1.1025018e-05
  2.9329446e-01
 -1.6126042e-02
 -2.6580819e-03
 -4.5004824e-01
  3.0018787e-03
 -4.3959808e-04
  3.6828918e-04
 -4.2671110e-03
  3.9036499e-04
 -5.2989322e-01
 -1.0028931e-03
  9.8493463e-01
 -1.9670639e-03
  2.7282408e-03
  2.4029145e-03
 -5.0654832e-02
 -1.7970401e-03
 -1.0981211e-03
 -1.0390917e-04
  9.5182611e-04
  1.5336291e-03
 -8.5412699e-01
 -1.0754538e-04
  1.0760930e+00
 -1.4170274e-01
 -2.5923321e-01
  6.1850274e-01
 -3.4188646e-01
 -3.0963978e-01
  1.2674877e-01
 -1.2115843e-01
 -5.3808991e-02
 -1.0083439e-03
 -3.8405347e-01
  1.8027260e-03
  1.9198466e-03
 -6.5755740e-02
  8.8226900e-02
  5.5227667e-04
 -2.6300079e-01
 -9.4082251e-02
 -2.1839337e-01
 -6.1549839e-02
  1.4057282e-02
 -1.3313575e-01
 -1.4789084e+00
 -1.2764768e-01
 -1.2090564e-02
 -3.8883308e-01
 -2.4541482e-01
 -1.6707177e-01
 -1.1363407e-01
 -5.0230421e-02
  4.6692166e-01
 -5.7982534e-01
  3.6244887e-01
  5.9470129e-01
  3.7140602e-01
  2.5571781e-01
  3.7403017e-02
 -4.7871592e-03
  1.1621605e-01
 -3.6978817e-01
  3.5418480e-04
 -8.7120138e-02
  1.5913728e-03
 -2.5816396e-02
  4.6865650e-02
 -2.9761994e-03
 -7.5543700e-03
 -2.3296487e-03
  1.8339200e-04
  9.8768529e-03
 -7.9781236e-03
 -5.7870301e-04
 -4.4007273e-03
  6.3816035e-01
 -1.0152787e-02
  9.2511611e-05
 -6.1469926e-03
 -1.8201063e-03
  2.2212958e-03
 -3.3424005e-01
  1.5413007e-03
 -6.8788644e-04
 -5.8096172e-03
  7.5160302e-03
  3.3422201e-03
  2.0464767e-02
  2.1307026e-03
 -2.1475588e-03
  1.5667708e-03
  1.1524751e+00
  2.5108721e-04
 -5.4567824e-03
  9.5947456e-05
  4.6405793e-04
  1.4870298e-04
  6.5390195e-04
  2.7622366e-02
 -2.3410701e-04
  7.3275785e-04
  2.2068179e-04
 -5.4470048e-04
  1.5117595e-03
  1.0254047e-03
 -1.9416555e-03
  5.0842096e-03
  1.8506222e-03
 -1.2265585e-04
 -7.3689078e-03
  4.9279345e-04
 -1.3650821e-03
  3.0816495e-03
 -2.7337072e-03
  7.1169231e-03
  3.0356287e-03
 -3.5653310e-03
  4.6852332e-02
 -9.1476864e-01
 -8.4934570e-02
  6.2722939e-01
  1.6040237e-03
 -3.4378245e-04
 -2.4290660e-03
 -1.7065209e-03
 -2.5035581e-03
 -5.7703350e-03
  5.8753119e-04
 -4.6757306e-03
 -5.6300620e-03
 -2.9989167e-03
 -1.4470512e-03
 -8.9142050e-05
 -2.6144797e-01
  5.7993485e-03
 -3.8114067e-03
  2.3375122e-01
 -2.6043842e-03
  4.5357817e-03
 -1.2522938e-03
  3.8682627e-03
  4.5436132e-03
  3.7763619e-03
 -1.5900731e-02
 -3.5773988e-03
 -5.6464155e-06
  8.7751658e-04
  1.3884938e+00
 -1.7775805e-01
  2.7564042e-03
 -7.6889223e-01
  2.2632086e-01
 -2.4493143e-03
 -2.2606682e-02
  3.9070137e-03
  3.7905917e-04
 -1.3594104e-01
 -2.1129420e-02
  1.5953585e-03
 -7.5247730e-03
  3.9948206e-04
 -2.2603723e-03
 -1.3711685e-02
 -3.2159252e-04
 -1.3842223e-03
 -3.1446712e-03
 -1.7835870e-01
 -4.1941172e-03
  2.9347076e-03
  2.3484538e-01
 -7.0170464e-04
 -7.7872799e-04
  9.0688310e-04
 -1.3948336e-03
 -8.1906968e-04
 -1.0441818e-01
  6.9247460e-04
  1.8214916e-01
 -1.9240510e-02
 -8.6958595e-03
  3.8977873e-01
  1.4684649e-02
 -8.8907806e-03
 -4.0263799e-04
  4.5596254e-03
 -1.1521233e-02
  9.3798980e-02
 -3.1098211e-02
 -1.6444160e-02
 -3.0262694e-03
 -6.5384636e-05
 -2.2537664e-03
  3.4506202e-03
  1.3048759e-04
  4.2787879e-03
  2.9683915e-01
 -1.5213083e-03
  6.7033716e-03
  1.5392707e-03
 -1.2245784e-03
  1.3239454e-01
 -4.3598996e-03
 -4.6391212e-04
 -2.7553579e-03
 -2.0451366e-03
  1.0773481e-03
 -1.2808589e-03
 -2.2228744e-03
 -7.9703773e-04
 -2.5134478e-03
 -4.0727804e-04
  1.8826707e-03
  6.0212298e-04
 -5.1633913e-05
  1.0171708e-03
  4.7600931e-03
  9.4534131e-04
  2.0786921e-02
  2.3637875e-03
  2.0760861e-04
  6.4601575e-04
 -3.7111393e-03
  1.1000111e-03
  1.5867145e-03
 -1.7522428e-03
  1.9181037e-03
  2.0470493e-03
  1.8716052e-03
 -4.2009211e-04
  2.6103898e-03
  2.0380230e-03
  3.2480292e-03
 -2.9056203e-03
 -1.4108350e-03
  2.4012331e-04
  3.5869016e-03
  1.7873327e-03
  2.5870750e-04
 -9.1996934e-04
 -1.3830289e-04
  3.4144757e-04
 -2.0443141e-01
 -5.6328124e-01
 -2.1208622e-04
 -2.9205650e-03
 -1.4470827e-03
  3.6924465e-03
  1.3073682e-03
 -8.7993387e-03
 -2.1820895e-03
  1.1297690e-02
 -1.2331093e-03
 -3.0429836e-03
 -1.0942270e-03
  2.1903676e-03
 -1.4332322e-03
 -1.2516449e-04
 -2.8067713e-03
 -5.0090263e-03
  2.1789975e-02
 -2.1327753e-02
 -2.2550554e-03
  9.9970412e-04
 -1.4673932e-03
 -1.7446672e-04
  8.4776443e-01
  3.9161104e-03
  8.2549267e-03
 -7.5830449e-04
 -1.6462428e-03
  2.1048753e-02
 -2.9685551e-03
 -1.7853644e-04
  4.8612375e-03
  3.7023143e-03
 -1.2686331e-03
 -2.2245042e-03
 -1.8147947e-03
 -2.0089129e-03
 -7.3316740e-04
 -4.9805263e-04
  2.0821134e-03
 -3.7161566e-03
 -2.4997182e-03
 -1.0383894e-03
 -1.9181459e-03
  1.8044851e-03
  2.4584176e-03
 -3.2319217e-03
  7.6590800e-03
  5.4382780e-03
 -1.5955725e-03
  1.7023323e-03
  1.5654755e-03
  1.0224275e-03
 -1.9415135e-03
 -1.2441376e-03
 -1.9278491e-01
 -1.0892771e+00
  3.2497028e-01
  7.1319628e-01
 -6.6670465e-01
 -8.3823793e-02
 -3.9803553e-02
 -2.6247412e-01
  3.8848608e-04
  1.1236869e-03
 -1.3721450e-01
  5.0331780e-04
 -4.3429140e-02
 -2.4047352e-01
  3.0932212e-01
 -2.9115595e-03
 -1.4971730e-03
 -5.1213516e-04
 -9.5916402e-01
  2.7110016e-01
  3.1519858e-03
  3.5451877e-01
  3.5582671e-03
 -1.0576217e-01
  8.3222380e-03
  6.3117681e-04
  5.8486555e-03
 -7.7140721e-05
  4.1471091e-03
  3.9779255e-03
 -6.1083007e-01
 -1.4588810e+00
 -1.5618101e+00
  1.0324097e-01
  3.1970721e-04
 -6.1596644e-01
 -9.2511252e-02
 -3.4532419e-03
 -1.4413547e-03
  1.3282944e-02
 -4.5517781e-01
 -1.1190277e-02
 -2.4695398e-01
 -6.2285461e-03
  1.1031979e-04
  5.5276896e-03
 -6.5472354e-03
 -2.3161972e-04
 -9.6790738e-02
  5.1235411e-02
  3.0406821e-03
  3.5373201e-03
 -1.6423884e-01
 -4.5366162e-03
 -1.6578588e-04
  4.6798559e-03
 -2.1974256e-03
  1.1975437e-03
 -1.5588412e-04
  3.0213228e-04
  2.5644538e-01
 -9.4363546e-01
 -4.1008972e-02
 -6.1795360e-01
  6.1901647e-01
 -2.9098833e-01
 -3.0144247e-01
 -5.8284864e-02
 -1.8913238e-01
  7.6028085e-01
 -8.5480493e-01
 -7.8204591e-03
 -1.7375182e-01
  3.1743622e-01
 -3.9557675e-01
 -6.8209167e-03
  3.5770375e-02
  3.1911328e-02
 -2.7492899e-02
  4.2370599e-02
  9.6362447e-03
  1.9836023e-02
 -1.6342957e-02
 -5.0168759e-01
 -3.7082794e-01
  1.7654705e-03
 -1.3900305e-03
 -5.0028566e-02
  9.6746134e-03
  2.2497054e-02
  4.2666006e-03
 -8.2496280e-04
 -8.4298386e-05
  1.5128867e-03
  7.6795252e-05
  3.3337325e-03
 -1.6152926e-01
  4.2640329e-03
  1.5026793e-03
 -1.4376639e-03
  1.1439229e-02
  1.2001381e-03
 -3.5618804e-03
 -6.6730758e-04
 -2.3326441e-03
  2.9825768e-03
 -3.1616553e-03
  3.8216829e-03
 -2.3602026e-03
 -2.5744874e-03
  9.7051822e-04
 -3.0107778e-03
 -2.1062917e-03
  1.2331215e-03
  1.2080187e-03
 -3.3733543e-04
 -8.5924035e-03
  3.1016430e-01
 -2.1155516e-03
  5.0519998e-03
 -2.8784426e-03
  9.8790964e-03
 -3.6401415e-04
 -9.2585146e-02
 -6.8483722e-01
  1.3266810e-03
  2.7809662e-03
  9.0877539e-01
  2.4876026e-03
  5.5119324e-01
  4.7781640e-03
 -4.3882960e-03
  2.5542852e-04
  7.0700860e-03
 -6.3891006e-03
 -1.4623139e-03
  8.2606440e-03
  4.5773019e-03
 -3.2534509e-04
  3.4307872e-03
 -3.0163972e-04
 -1.5136235e-03
 -1.9004181e-03
 -3.7763815e-02
 -1.0676390e-04
 -7.1973116e-03
 -8.2247914e-04
 -9.0950690e-03
 -3.7511976e-03
  5.4935925e-04
  9.3116332e-03
 -6.5223929e-03
 -3.5352167e-03
  1.9435982e-01
  7.2900765e-02
 -1.2382912e-02
 -1.3844752e-03
 -9.8969333e-04
  3.3448131e-03
 -1.9143859e-03
 -4.1474970e-03
 -3.0299581e-03
  3.6116847e-04
 -2.7910154e-03
 -2.6919455e-03
 -1.5007479e-03
  8.3674589e-04
  6.6905843e-05
  1.1520989e-01
 -1.2247047e-02
  2.6701032e-03
  2.5776166e-03
 -1.2636636e+00
  1.9708858e-03
 -2.3375060e-03
 -2.5475989e-03
  7.6754894e-03
  2.6405829e-03
 -1.5727406e-03
  2.4141332e-03
 -2.2021695e-03
 -3.4204933e-03
 -6.4283400e-03
 -1.3335431e-02
 -1.0134450e-03
 -1.8012483e-03
  4.5076092e-03
  4.1962010e-03
  5.6514870e-03
 -5.7961192e-04
  6.9837747e-03
  1.8859120e-03
 -1.2746223e-03
 -2.8677285e-04
 -6.0970511e-04
  1.3271659e-03
 -2.9082963e-04
  2.2044883e-03
 -1.3928801e-04
  7.3435571e-04
 -1.0677060e-03
 -2.7741396e-04
 -1.7873421e-03
 -1.1430472e+00
 -2.6118218e-03
 -1.8783460e-03
  1.7198934e-03
  5.2988593e-04
 -4.4170246e-03
 -1.4750815e-03
  2.8302821e-03
 -2.6740995e-03
  5.3907260e-03
 -1.0906374e-03
 -3.3754255e-03
 -8.8231132e-04
  9.8758948e-04
 -9.5132469e-05
 -3.1291128e-03
 -6.9782180e-03
  1.3480862e-03
  2.9405621e-03
  3.1380232e-03
 -3.1866255e-04
  2.4572283e-03
  3.8602198e-03
  1.9462664e-03
  1.7133789e-03
  1.2381342e-01
 -4.9733948e-03
 -1.5184428e-01
 -1.2594280e-03
  4.0691467e-03
  5.1850625e-03
 -8.3116582e-04
 -4.0812483e-05
  1.9570973e-03
 -1.7156969e-04
  3.9522015e-03
 -2.1872097e-03
 -4.4982354e-03
  2.1451754e-03
  1.6986016e-03
  1.7943262e-03
 -1.6928024e-03
  1.6883758e-03
 -1.0763096e-03
  1.2361700e-02
  4.7451616e-03
  6.2124053e-04
 -1.8685156e-03
  3.1475793e-03
 -1.6078706e-01
  1.4483156e-02
  2.3455175e-03
  1.5183156e-03
 -4.9790503e-03
  2.6235851e-03
  1.9790423e-03
  1.0825506e-03
 -9.6005890e-05
 -2.6073048e-03
 -4.4931320e-04
  6.8876339e-05
  1.0779391e-03
  3.4118893e-03
  2.0379452e-03
  1.2662183e-04
  5.8600312e-04
  3.3428428e-01
 -8.2634785e-04
 -4.6905829e-04
 -2.9055332e-03
  1.5182866e-03
 -1.1596726e+00
 -8.9904864e-04
  2.4607297e-02
  8.9655281e-04
 -3.1837807e-03
 -1.4358177e-04
 -5.4269633e-03
  4.3949215e-03
  4.2003691e-03
 -7.2725541e-03
 -5.4268348e-03
  2.3317211e-03
  3.9063483e-01
 -1.4344024e-03
  3.9141132e-03
  1.1984342e-03
 -2.9264722e-04
 -8.1083906e-04
  8.5833896e-04
  3.0475236e-03
  3.4651981e-04
 -1.8375214e-04
  3.7547995e-03
 -7.5590622e-04
  2.5300109e-03
  1.3801813e-01
 -2.7991509e-01
  2.3594785e+00
 -1.6222013e+00
 -1.3779336e+00
 -5.5405945e-01
  1.1029020e-01
  3.0182028e-02
  3.8935938e-01
  7.2803009e-01
 -8.1484860e-01
  2.4142779e-01
 -4.7657568e-02
  7.4767869e-04
  1.7871301e+00
 -4.5563537e-01
  2.3647586e-03
  4.3834751e-03
 -1.0897888e-01
  3.2924992e-01
 -6.6311938e-01
 -3.2033847e-04
 -9.3236618e-04
  6.5350115e-02
  7.9494826e-02
 -2.6230004e-03
  4.2785675e-04
 -3.7635672e-03
  1.4108999e-05
  1.4072409e-01
 -9.7571928e-03
 -1.2050868e-01
 -9.4516044e-03
 -7.2386013e-03
  2.4020879e-03
  1.3488507e-03
 -8.0967396e-03
 -8.6392777e-04
  3.0546130e-03
 -1.2563785e-03
  1.3572782e-04
 -1.4145839e-03
  5.2218135e-03
  4.3895761e-03
  5.4649971e-03
  3.1416481e-03
  2.2376355e-04
  5.4407599e-03
  1.1285955e-02
 -2.3839520e-03
  4.4133035e-03
 -4.7394913e-03
  3.7657553e-03
  2.1242697e-03
  3.2923525e-04
  1.4802086e-03
 -5.9997938e-03
 -1.9468684e-04
 -2.4075247e-03
 -1.3233090e-03
  1.9587933e-03
 -1.4901716e-03
  1.9447833e-03
  6.8170978e-03
  1.6312614e-03
 -1.6182375e-03
  1.5755472e-03
 -3.9841386e-04
 -1.7097953e-03
 -7.3461724e-03
 -2.4986353e-03
  1.2674978e-03
 -4.8312804e-04
  4.7792336e-03
  8.3314232e-04
 -4.0090177e-03
 -2.1705185e-03
 -3.3636533e-03
 -2.2661216e-03
 -2.4545803e-03
  1.2017145e-03
 -1.6367788e-03
 -1.0320181e-02
  8.7218315e-05
 -4.1697687e-03
  3.7407344e-03
 -1.0535631e-02
 -1.7363944e-03
  4.5979623e-04
  2.3122109e-03
 -1.0911281e-03
  4.4958773e-03
 -2.2178958e-04
  2.5781747e-03
 -5.9737093e-03
 -1.1086554e-01
 -2.4152561e-05
 -5.8425200e-04
 -1.7565363e-03
 -2.5930807e-03
  1.9158262e-03
 -3.8703105e-03
  1.7490904e-03
 -6.7133858e-04
 -2.5485968e-03
 -2.2183855e-03
 -1.6935935e-03
  1.2034854e-04
 -9.5277088e-04
  1.0983965e-04
  2.2748215e-03
  1.3738573e-03
  2.8867554e-04
  1.1639305e-03
 -2.4781476e-03
 -7.9642534e-03
  3.6800101e-03
  1.8371319e-03
 -1.9841767e-03
  1.0199045e-02
 -1.7688371e-03
 -1.4612420e-01
  2.6846316e-02
  9.6396811e-04
  5.8661096e-02
 -1.1165915e-01
 -1.0249127e-02
  4.5384888e-02
 -1.8561808e+00
  8.2428493e-03
 -1.1002685e-01
 -1.1085975e-03
 -3.0265844e-03
 -2.5754902e-03
 -4.4592440e-02
  3.9276667e-02
  2.1394157e-04
  4.5367917e-03
 -6.3028745e-03
  1.8180177e-03
  8.0214590e-03
  5.9858442e-04
 -6.0671067e-04
  3.6886251e-03
 -8.1708822e-05
  4.8662988e-03
  7.3890033e-04
  3.2532311e-03
  2.6081508e-04
  1.4432316e-03
 -4.7517740e-03
  3.8795777e-02
 -3.8256608e-02
 -3.2156581e-01
  4.9551478e-01
  3.7035012e-01
 -1.9943697e-02
 -6.6310209e-03
 -2.3186790e-04
 -2.2664869e-03
  9.8032445e-02
 -1.5103765e-02
  2.0657978e-03
 -5.5101729e-05
  4.2069787e-03
  7.6256023e-04
  1.8216955e-03
 -4.6970526e-05
  8.5006431e-03
 -5.5851080e-02
  3.9057041e-04
  3.1953035e-03
  2.1941816e-03
  2.0501933e-05
  1.9486524e-02
  1.2849818e-04
  2.2776735e-04
  2.3627689e-03
  2.6132381e-03
 -5.9215333e-03
  2.0976115e-02
  5.8942336e-01
  1.4113019e-01
  3.2796056e-03
 -6.4575118e-01
  4.6530238e-01
 -1.8374376e-01
 -7.1490908e-01
 -5.2525816e-03
  8.4431586e-04
 -4.9956355e-02
 -3.7713695e-01
 -2.1556443e-01
 -2.3851519e-02
  2.5722520e-02
 -1.8404405e-01
  6.6457165e-04
 -2.2602625e-01
  8.9516822e-04
  1.3349317e-01
 -7.1531844e-01
  1.0922049e-03
 -5.4984406e-04
 -4.1740541e-03
  4.5590900e-02
 -1.8124013e+00
 -1.2359447e-02
 -5.0065499e-03
 -3.3608715e-03
  7.6911412e-02
  6.5142978e-03
  1.1794821e+00
 -1.5012356e-02
 -7.5140464e-01
 -1.7511109e+00
  1.1767879e+00
 -1.2228015e-01
 -6.8140942e-01
 -7.9474360e-02
  1.3818470e-01
  7.0357358e-04
 -3.8085377e-01
 -4.1952044e-01
 -1.4450894e-01
  6.8450290e-01
 -9.8461390e-01
 -4.8053041e-03
 -2.7000085e-01
  2.0987215e-03
  5.1887530e-01
 -8.1316376e-01
 -1.0997101e-03
  3.2454338e-03
 -3.6974559e-03
  1.9798284e-02
 -2.8397417e-01
 -3.5938404e-03
  1.9840922e-03
  1.1578177e+00
  1.5919085e-01
 -2.9396075e-03
 -1.5139389e-02
  5.5602807e-01
  2.0360551e-03
 -4.1193165e-02
 -2.9993495e-01
  7.4936640e-03
  2.8940761e-03
 -1.0024637e-03
  3.0775580e-03
 -3.6812280e-03
  1.3153777e-03
  6.4157532e-03
  1.2091318e-03
  7.2740758e-04
 -1.3314250e-03
 -4.0016393e-03
 -3.3109071e-04
  2.4308122e-03
  2.8433979e-03
  1.9403886e-02
  1.0483725e-03
 -4.2468039e-03
 -1.8973507e-03
 -2.2733160e-03
  3.3405488e-03
 -2.8961299e-03
  2.5143849e-03
 -5.1122122e-03
  7.3493732e-04
 -2.4898381e-03
 -7.7559397e-02
 -2.0180345e+00
 -8.1770533e-01
  2.9372764e-01
  1.0216959e+00
 -1.3738809e+00
 -2.8966185e-01
  6.0922856e-04
  1.1979271e-01
  1.7628761e-01
 -3.0568707e-01
 -6.6330479e-03
 -1.6081264e-02
  1.3702719e-01
 -2.3027065e-01
 -1.5855351e-02
 -4.2436667e-02
 -2.6286333e-03
 -3.6866519e-01
 -6.2987864e-01
 -2.3282187e-03
  4.8840820e-04
 -7.3650139e-03
  2.3180170e-01
  7.1845963e-03
  6.7333216e-03
  7.9467446e-03
 -1.0571895e-02
  1.7923097e-01
  2.2698157e-02
  6.7226070e-01
  1.0092281e+00
 -1.1569091e+00
  1.0972805e+00
 -5.6732786e-01
 -9.6143717e-03
 -1.9858871e-03
  2.8220054e-03
 -3.0024010e-03
  3.5520844e-02
 -3.1553127e-02
  1.1183323e-03
 -1.2632990e-02
 -4.1355936e-05
 -4.0484099e-03
 -1.9635385e-04
 -3.9859810e-03
  2.0563688e-02
  3.0813699e-03
  1.3625744e-02
  3.3744513e-03
  2.2674745e-03
 -6.1615608e-03
  1.2172442e-02
  7.9952376e-03
  1.1683323e-02
 -3.6905569e-03
 -7.1177669e-03
  3.4261101e-03
  2.3600558e-04
  1.1512485e-03
  1.7410807e-02
  1.0705378e-02
 -1.4446822e-03
  1.3669592e-03
  4.0584499e-01
  2.1346561e-03
 -3.1428572e-04
 -5.9650268e-04
 -2.1924719e-03
  5.0217044e-03
 -6.2614138e-04
 -5.2575283e-03
  2.5066353e-02
 -3.7818560e-03
  5.0272266e-03
  3.6545175e-03
  4.8402469e-03
  1.6328344e-03
  3.6398126e-03
 -9.7892342e-05
 -3.3865627e-03
 -6.6126102e-01
 -4.8822485e-04
  1.5745399e-04
  2.5644738e-03
  5.6110619e-04
  9.6930866e-04
 -1.3368790e-02
 -2.8350705e-03
  2.7877723e-03
  1.4072795e-03
  3.3503380e-02
 -1.2490250e-03
  2.1095727e-01
 -1.7379127e-03
 -4.5370059e-03
  6.0867244e-01
 -6.3850671e-01
 -4.8476985e-01
  4.5533830e-01
 -9.1224238e-03
  5.4630183e-02
 -6.9404935e-04
  2.3970820e-04
  1.8903201e-04
  5.9545360e-04
 -2.6732805e-04
 -8.0395442e-01
  1.9239699e-03
 -9.6878408e-05
 -1.5179020e-03
 -4.6330923e-04
  1.3995429e-02
 -8.5729569e-01
 -1.2082589e+00
 -1.7437760e-02
  1.1849583e+00
  1.1558632e-01
 -1.8733522e-04
 -3.7360111e-01
 -4.6159536e-02
 -5.1008397e-01
 -3.5256255e-01
 -4.4979018e-01
  3.9710663e-02
 -8.6258268e-03
 -9.4965723e-04
 -1.3481050e+00
 -1.2987107e+00
 -2.0347352e+00
 -7.7339329e-02
  2.9610148e-01
 -2.8760242e-01
 -6.0693398e-02
 -3.7409330e-03
  1.2076686e-01
  1.6849140e-02
  1.4467386e+00
  8.9252007e-04
 -6.5257750e-02
  9.4358856e-03
  3.1683302e-01
 -6.6383922e-01
 -1.0556917e+00
 -1.0733531e+00
  3.9301097e-01
 -8.7720311e-01
 -7.7019870e-01
  1.0443599e-01
 -6.9100494e-03
 -2.0278747e-01
 -1.0576342e-01
  4.2516168e-02
 -3.2622933e-01
 -1.6647479e-02
 -2.3097820e-03
 -2.2177553e-01
  2.5477063e-02
 -6.0938582e-02
 -9.8712428e-04
  8.0155186e-02
 -1.0994875e-01
 -4.2715997e-02
  1.0296907e-03
 -2.6688734e-01
  7.1583427e-03
 -1.1572223e-02
  9.2176360e-01
 -1.3746242e-02
  5.9156916e-03
 -6.7998189e-03
 -2.6276952e-01
 -4.9284786e-01
 -1.7567914e-02
  1.3631062e-03
  4.2071575e-03
 -1.0824312e-02
 -8.8227559e-03
  1.3183657e-03
 -7.5363125e-05
 -7.6930420e-03
  7.3289418e-01
 -5.0017243e-04
  1.1912089e-04
 -4.5534074e-03
 -1.2396604e-03
 -7.2005405e-03
 -3.3592361e-03
  5.5389982e-03
  3.0552694e-03
  2.0898266e-03
 -7.1648108e-03
 -2.7511476e-02
 -9.6611510e-04
 -3.3420563e-04
 -1.0544265e-04
  3.3831846e-05
  3.9225377e-04
  1.8201225e-03
 -7.0495699e-03
 -1.6893967e-03
  2.8112764e-03
  6.2955299e-04
 -8.6996349e-04
  6.0662008e-03
 -2.4397550e-03
 -2.2128376e-01
  1.0069943e-03
 -4.1965142e-01
 -1.5196244e+00
 -1.5923288e+00
  8.6679107e-01
  7.2267944e-01
  1.0032749e-01
 -1.1952679e+00
 -4.9673817e-01
 -5.9019685e-01
  7.5746387e-02
  2.1225302e-01
  8.7643497e-02
  2.0052198e-01
 -7.0155764e-01
 -6.1285651e-01
  3.9531252e-01
 -1.9551937e-01
  2.9139397e-01
 -1.2513094e+00
 -3.6217156e-01
 -7.8137857e-01
 -7.4096732e-02
  3.7160251e-01
 -4.9149025e-02
 -1.1340212e+00
 -4.4290748e-01
 -1.5142858e-02
 -1.6322556e-03
 -9.5368244e-02
 -8.7656369e-03
  8.0410521e-03
 -1.1226290e-03
  1.9361561e-03
 -4.5208537e-04
 -1.0677963e-03
 -2.9477666e-03
  1.9246474e-04
 -1.0598353e-04
 -5.5202675e-01
  2.0247066e-04
 -3.1958413e-04
 -3.1672855e-04
 -5.3606939e-04
 -9.1764182e-03
 -2.0492647e-03
  4.2658630e-03
  2.4798284e-03
  1.7374633e-03
  1.2951789e-03
 -4.5436807e-03
 -3.4779012e-03
  5.4756431e-03
  7.3745010e-05
 -1.7425052e-03
  4.7719157e-03
 -3.6328579e-03
 -1.0479867e-03
 -7.6061976e-03
 -3.9470545e-03
 -6.8657182e-04
 -3.7998389e-04
 -3.0676654e-04
  2.7423587e-03
  2.8072561e-03
  4.9679875e-01
  5.2072734e-05
  3.9997863e-04
 -3.3450848e-03
  1.8053743e-03
 -1.0932980e-01
  4.6299335e-02
  1.9045899e-03
  1.0719147e-03
  7.8190491e-04
 -7.4247187e-03
  1.9230788e-03
  2.1499072e-03
 -5.0595095e-03
 -2.0913179e-03
 -7.9880347e-03
 -2.7927984e-03
  1.3553884e-03
 -8.8482356e-04
  5.0418318e-04
 -5.7995818e-03
  2.1670230e-03
  9.8032632e-04
 -6.5995362e-03
 -3.7636771e-04
 -1.0739082e-03
 -8.2919613e-04
 -3.9691005e-02
 -3.9915520e-01
 -1.6541224e-02
  4.7004060e-03
 -7.3994625e-01
 -1.9988797e-03
 -3.0656629e-03
 -8.9164905e-02
  1.8696574e-02
 -3.3198688e-02
 -2.2923804e-03
  2.9884031e-02
 -3.1259954e-02
 -1.7423915e-03
 -2.1324972e-04
 -9.9552898e-03
 -5.6718779e-03
 -5.6555768e-04
  2.8092854e-04
 -4.1380432e-03
  2.7489269e-03
 -9.9440373e-04
 -1.2426298e-03
  4.5367783e-01
 -1.0980103e-02
  2.3146439e-03
  3.0126297e-03
  9.2020724e-04
 -7.1565842e-04
  8.4757498e-03
 -5.2098468e-02
 -1.3419333e-01
 -2.6927721e-02
 -1.4769123e-03
 -1.2012899e-01
 -2.0889994e-02
 -7.4331942e-03
 -1.4810953e-01
  6.3167065e-02
 -1.0560071e-01
 -2.4788247e-03
  2.5034919e-03
 -1.0955685e-01
 -3.5420381e-03
  2.5367167e-02
 -7.1476204e-03
 -1.0999186e-03
 -4.6858975e-01
  4.1184500e-03
 -1.9889601e-02
 -5.5883167e-04
  8.4599741e-03
 -2.3098990e-02
  1.1264382e-01
 -5.2543930e-03
  1.6845642e-01
 -3.0457072e-03
 -2.1957497e-03
 -1.6523871e-03
  1.6741119e-03
 -9.3845862e-01
  3.1040105e-01
 -2.2351031e-01
 -1.0996500e+00
  5.0772518e-01
  7.1661645e-03
  9.7546458e-02
  3.2634065e-01
 -9.0129711e-02
  6.3551031e-03
  1.7103201e-02
 -4.2337272e-02
  2.0306390e-02
  1.3472724e+00
  1.7494055e-02
  5.3321281e-03
  2.2755566e-01
  9.4926162e-03
  9.9738461e-01
  6.6366922e-03
 -1.4352145e-03
  9.4647938e-03
  3.3794039e-01
  9.0518373e-01
  2.6868279e-03
 -1.9289847e-02
 -9.7993249e-04
 -9.9555182e-04
  2.1304674e-03
 -8.5110301e-03
 -2.7852347e-01
  2.1261184e-03
  1.1708691e-02
 -1.4163491e-03
  2.7715489e-02
  1.5019572e-03
  8.6776115e-04
  1.9481316e-02
  5.8135884e-03
 -2.3211131e-03
 -4.5759748e-03
  9.2369929e-02
  9.3006911e-03
 -1.4048682e-03
 -3.0979654e-03
  4.8377151e-03
 -3.8287599e-04
 -4.9660230e-01
 -1.5935354e-03
 -7.4662291e-03
 -2.1860178e-03
  1.4261492e-03
  4.2982109e-02
 -2.2573212e-01
 -4.7593894e-03
  1.1314851e-02
  2.4526652e-03
  6.1687274e-04
 -7.6641724e-04
 -1.2308096e-03
  2.6254094e-01
 -1.0856416e+00
  3.7693521e-01
  3.3768454e-01
  4.7570133e-01
 -8.9103758e-02
 -1.1676956e-02
 -8.3199196e-02
  2.0753415e-03
 -1.3885285e-01
  1.4872495e-03
 -8.7953493e-04
 -2.2207493e-01
  5.4880358e-02
  2.5398247e-03
 -2.5978950e-03
  2.0668583e-04
 -1.2922326e-01
  1.0644618e+00
 -2.5872108e-01
  3.8498737e-02
 -1.5113120e-04
  7.5915530e-03
  2.7568766e-01
 -2.1369237e-01
 -6.8688132e-03
  3.1119800e-04
 -5.4530110e-03
  3.2164820e-03
  9.5345424e-03
 -1.6980878e-01
  4.7671592e-01
  7.5564963e-01
  2.1587219e-02
 -4.7145298e-01
 -3.8545039e-03
 -1.9173852e-04
 -2.4787191e-01
  5.7856065e-01
 -1.5135187e-02
  2.9220185e-03
  1.3062999e-03
 -6.3857205e-02
 -2.4676557e-01
  1.9725279e-03
 -2.3600818e-03
  1.8096684e-03
 -1.5579226e-02
  4.3131173e-01
 -6.9122743e-03
  7.9591721e-03
  4.5107104e-04
 -6.3827530e-02
 -4.8474020e-01
 -1.6188014e-01
 -4.5500165e-03
  1.5770831e-03
 -2.2817471e-03
  3.9627682e-03
 -8.0607114e-03
 -3.9044403e-02
  5.0686137e-04
 -5.9636362e-04
  2.1859838e-01
  2.1344155e-02
 -3.4576081e-04
  7.7629753e-04
 -6.1207294e-04
 -4.0449831e-03
  2.4244845e-02
 -4.5002080e-03
  1.3790299e-03
  1.3232830e-03
 -4.7423472e-03
  1.4300832e-03
 -3.5962524e-04
  1.2217496e-03
  1.5629693e-04
  5.4792441e-02
 -2.4165441e-03
 -6.4167795e-03
 -1.1645285e-01
 -2.1542273e-03
 -1.6175089e-02
  3.7125552e-03
 -1.7591940e-03
 -5.8261761e-03
  2.9502886e-03
  3.1307651e-04
 -4.2808312e-04
 -3.1198740e-03
  2.9977425e-03
 -3.9238340e-04
  1.5530724e-03
 -4.2522405e-03
 -2.4021501e-03
  9.6968468e-04
  1.6065711e-03
  9.4313652e-04
 -7.7337405e-04
 -7.3965257e-03
 -1.7998604e-03
  2.9397907e-02
  1.0798727e-03
  5.9028231e-03
  2.7291868e-03
  6.3334247e-03
  3.3484483e-03
 -2.6934417e-03
 -1.2791116e-03
  2.3048287e-03
 -1.7404065e-03
  1.2567664e-02
 -1.0204532e-03
  2.5575543e-03
 -2.3677696e-04
 -6.9160009e-04
 -3.3105833e-03
 -9.0837240e-04
 -5.2682459e-03
  4.1426248e-03
  1.1907949e-02
  7.2371709e-04
  1.4242060e-03
 -3.3431894e-01
  9.8617293e-04
 -8.9549908e-04
  2.2613907e-03
 -1.6541404e-03
  2.3107012e-03
 -1.3450410e-03
  4.2737639e-04
 -5.8968272e-04
 -1.4944480e-03
  6.8713040e-03
  3.6659064e-03
 -5.7658128e-04
  4.7151846e-04
 -1.3746697e-02
  1.9538730e-01
 -1.4742782e-03
  9.7199954e-04
 -2.5338994e-03
 -5.2561038e-03
 -5.3571339e-04
  2.4681124e-03
 -3.4066173e-03
  8.0592086e-04
  2.8276535e-02
 -2.8257561e-03
  2.7726375e-02
  1.4124796e-01
  1.9145694e-02
 -4.4305134e-03
  1.6900367e-01
  1.8362876e-02
  2.6573630e-03
  3.4970725e-01
 -2.3391417e-01
  8.8728005e-03
  1.3752353e-04
  3.2986543e-05
  2.0024683e-02
  2.5225836e-01
 -1.7150991e+00
 -1.0426269e-03
 -2.4507951e-03
 -9.2237033e-02
 -1.1245168e-01
  5.0179348e-03
 -6.2744725e-03
  7.4876210e-04
  3.3517161e-03
 -2.2623524e-01
  3.5348147e-02
  2.6418150e-03
  4.2110443e-04
  3.3461615e-03
  4.4606081e-03
 -2.1734180e-01
 -1.3060918e-01
 -1.5506450e-03
  2.0468447e-02
  2.1447960e-02
 -2.8558487e-01
  7.0170605e-01
  2.6123589e-04
 -1.1432406e-02
  1.7699240e-02
 -1.4899235e-02
  9.0456096e-04
 -1.7880612e-03
 -3.6495146e-03
  1.3217726e-01
  1.8248186e-03
 -2.4791085e-03
  1.3570314e-04
  1.4444605e-03
  1.1291634e-03
 -8.2675600e-03
  5.0412938e-03
  9.3680806e-03
 -8.2354225e-02
 -1.3083177e-02
 -1.3964997e-03
 -7.6657417e-03
 -3.6868190e-03
 -2.2613690e-03
 -3.9950651e-03
  1.3885379e-03
  3.4833024e-03
  1.0548013e-03
 -6.8276556e-04
 -8.0765266e-04
  6.7186158e-04
  2.7500466e-03
  2.7562142e-04
 -7.4914430e-04
  1.9062595e-03
 -2.6780055e-03
 -1.8015403e-03
  1.7861150e-02
 -9.8004965e-03
  1.8784286e-03
  5.1904670e-03
  1.9923985e-04
 -2.9415807e-03
 -3.2868276e-03
 -1.9265694e-03
 -5.0812489e-03
  4.1408404e-03
 -5.1596918e-04
  7.0961105e-05
  6.2749401e-02
 -1.0166779e-03
 -3.1980583e-03
 -3.6941727e-03
 -1.8850593e-03
 -2.0958093e-04
  5.9370301e-03
 -3.0883793e-03
 -2.8515167e-03
 -5.0344948e-02
  7.7943731e-04
  9.9195132e-04
 -3.9220201e-03
 -9.8619685e-03
 -3.5297710e-03
  1.8565025e-02
 -3.2610998e-03
 -2.7457557e-03
 -1.8626202e-03
 -3.3791250e-04
 -2.3869690e-03
  6.9846406e-05
  2.3854512e-04
 -3.0292370e-03
 -9.3387626e-03
 -4.3626595e-03
 -2.1393150e-03
 -1.5838009e-03
 -8.0517813e-04
 -1.9812624e-03
  3.7464367e-03
  3.5868222e-03
 -1.0061698e+00
  7.1109302e-04
  1.2143840e-03
 -1.6332173e-03
 -1.5917300e-03
 -5.4824362e-03
  2.0527419e-02
  1.0569259e-04
  4.9161301e-03
  7.9346097e-01
  1.2070832e-03
 -7.7977468e-04
  3.2094715e-04
 -7.3746867e-02
  1.5059997e-04
 -3.9013562e-04
 -6.9033139e-04
  8.7966090e-03
 -9.5798221e-04
  9.2681224e-04
  9.7350322e-04
  9.0212524e-03
 -2.0182864e-03
 -5.5499417e-01
 -7.5994973e-04
 -4.0672012e-03
  6.5149338e-04
  2.3904161e-03
 -7.7076787e-01
  1.3599166e-02
  1.2900222e-03
 -1.0426226e-02
 -7.2390464e-04
 -3.8333647e-03
  5.6643417e-04
  4.6992305e-04
 -1.1369052e-03
  1.2425017e-03
  3.5458372e-04
 -1.3781789e-03
 -1.2172104e+00
  2.1845249e-02
 -1.5449969e-03
  1.2459353e-03
 -9.5926091e-04
 -1.4406214e-03
 -3.0002967e-03
 -1.4661171e-03
 -8.2639081e-04
 -7.2965017e-03
  7.2061870e-04
 -2.5215367e-04
 -2.7764384e-03
  1.8690235e-03
 -6.3192029e-04
  3.8394899e-04
 -2.4162859e-03
 -9.6263550e-03
  2.1768033e-03
 -2.6761182e-03
  1.4018107e-03
  2.0612618e-03
  2.9704871e-03
 -3.3025071e-03
 -7.0310209e-04
 -6.4727479e-01
  5.4852498e-01
 -2.6551301e+00
 -3.6570898e-01
  1.4222401e+00
  5.7545811e-01
 -1.2509445e-02
  7.2287482e-01
 -6.6434288e-01
  6.0596114e-01
  9.6223265e-01
 -1.2898842e+00
  4.4556856e-01
 -2.9691365e-01
  1.7302946e+00
  1.1459897e-01
 -1.2926756e-01
  5.3402805e-01
 -9.1310316e-01
  1.1800985e-01
 -1.5530354e-01
 -1.6919456e-01
  3.3889857e-01
 -9.0334690e-01
 -3.9627794e-02
  2.0729231e-03
  1.3512398e-01
  1.3251519e-01
 -7.8439347e-02
 -1.6884493e-02
  2.2623594e+00
  3.2802513e-01
  2.2593744e-01
  1.4293848e-01
  1.0100263e-01
  2.4836252e-03
  4.9296368e-02
  2.3592110e-03
 -7.6270744e-04
  2.3962186e-01
  2.5313094e-03
 -6.6325802e-04
  6.4031908e-04
  4.9418044e-01
  8.7237880e-02
 -2.3712485e+00
  1.1125356e-03
  1.1960664e-03
  8.7896174e-01
  1.2720314e-02
  3.8580052e-03
 -9.9003660e-03
 -4.2597887e-01
  1.4112527e+00
  2.8154189e-02
  1.1490010e-04
 -7.8542251e-04
 -5.9984582e-03
 -5.3132523e-04
  9.0261741e-04
  3.8415254e-03
 -8.0095874e-03
 -1.0819890e+00
 -6.4818463e-03
 -3.0987412e-03
 -4.1483548e-03
  2.6571783e-03
  1.7423808e-04
  3.0745286e-03
 -9.2736939e-03
  5.3311959e-03
  1.0207517e-03
  4.1267662e-03
 -6.2575028e-03
  1.0981305e-03
 -1.9526340e-03
  2.4163800e-03
 -9.0562059e-03
  1.4189491e-02
  1.0729071e-02
  9.0091606e-04
 -1.6550071e-03
 -2.6413102e-03
  9.4698824e-04
  2.3414560e-03
  4.7093214e-04
  5.5849538e-03
 -3.7605659e-04
  3.6028563e-03
  1.2296732e-02
  6.2303996e-01
  5.9947377e-01
 -7.1779263e-01
 -7.3709548e-02
  6.7539155e-01
  2.2963126e-01
  2.5311571e-02
  5.1936644e-01
 -2.3716514e-01
  2.5547770e-01
  2.5981480e-02
 -6.4898923e-02
  6.7688024e-01
  2.7685878e-01
  6.1189973e-01
  2.5943536e-01
 -4.7947289e-03
  8.9307725e-01
  1.1694849e-01
  2.7796218e-01
 -1.2141829e-01
 -4.8687954e-02
  8.5327560e-01
  2.6421892e-03
  3.1817463e-01
  6.8508454e-02
 -3.3912221e-03
  6.3812166e-02
 -2.2908783e-04
 -5.3202283e-02
  2.3891069e-03
  3.6634022e-04
 -5.2346755e-04
 -6.5702079e-03
  8.0301100e-01
 -3.6168282e-04
  3.3449901e-03
 -2.7451315e-04
 -4.4071036e-03
  7.9395046e-04
  6.9630850e-04
 -2.5116654e-02
  4.5008677e-01
  1.0895239e-03
 -1.4710957e-04
 -9.0656499e-04
 -7.5922499e-04
  1.1380365e-03
 -1.8742359e-03
 -3.4596748e-04
 -8.3658495e-04
 -2.3114022e-03
  3.7342254e-03
  4.2893500e-03
 -8.8158430e-04
 -6.9451751e-03
  1.5097947e-04
  7.7971825e-03
  6.1463374e-03
 -1.9393760e-03
 -3.0429873e-01
 -5.9096175e-01
 -2.8069003e+00
 -2.8299264e-04
  1.6037947e-04
  8.4613357e-03
 -5.5561042e-03
  1.0919904e-02
 -3.5576247e-02
  1.8034042e-03
  9.5559657e-02
 -6.6207564e-03
  2.9145032e-03
  1.2716463e-02
  7.7613287e-02
  1.7841129e-02
 -4.2965794e-03
  4.0331145e-04
 -1.1766722e-01
  7.7302044e-04
 -5.5028731e-03
 -3.7889055e-04
  4.0657129e-03
  1.0458090e-02
 -1.2729910e-02
  4.0240264e-01
 -9.5263697e-02
  2.6637318e-03
  2.7626932e-03
 -9.5027080e-03
  2.3717763e-01
  6.5597397e-01
 -1.8379962e-01
 -4.3852204e-01
  6.8688810e-01
 -1.8661404e-03
 -7.2892115e-05
  2.0551969e-01
 -1.1150445e-01
  1.1636955e-01
  7.1389452e-03
 -1.3340979e-02
  3.2207716e-02
  2.2778691e-01
  8.9547895e-03
 -8.3497423e-04
 -8.0138947e-05
  7.0489626e-03
  4.4959590e-01
  5.5869613e-02
 -3.9041784e-02
 -2.7212489e-02
 -1.2336177e-03
 -4.8013020e-01
  1.4331957e-03
  4.4379861e-04
  2.8888677e-04
 -1.8303610e-03
  8.9028785e-03
 -3.9710719e-03
  6.4150593e-04
  2.2667581e-03
 -4.3385538e-01
 -2.9850565e-04
  9.5354044e-05
  3.3356520e-04
  1.5779610e-03
  3.6443450e-04
 -2.6937446e-03
  4.1555362e-03
  3.5862441e-04
 -8.4475586e-03
  2.8007457e-02
  2.3116965e-03
 -1.5449781e-03
  1.7285498e-02
 -8.2861967e-03
  2.2207189e-03
  9.1963906e-05
  6.6087779e-04
 -2.4232003e-01
 -3.4318789e-04
  4.1100401e-03
  6.8744197e-03
  3.9977506e-02
  4.0249743e-02
 -7.2335481e-04
  3.2576199e-03
 -1.3237413e-03
 -7.2454731e-03
 -3.2881733e-02
  1.5256096e-01
  7.1478984e-03
  7.1301926e-03
  5.0949103e-01
 -2.2550661e-03
 -6.7852449e-01
  5.1361341e-02
 -9.8859586e-02
  3.7545852e-02
 -4.0197717e-03
 -5.7168989e-03
  3.3623364e-02
  2.5891168e-03
  1.1757722e-03
  8.1809452e-03
 -3.6124089e-03
  7.8826882e-03
 -1.4382927e-01
 -3.2270115e-03
 -6.5974699e-04
 -9.9778771e-03
  5.5792513e-03
 -3.6170062e-01
  3.4192014e-03
 -2.8736207e-03
  3.0995313e-02
  3.7240421e-03
 -5.7986923e-03
 -1.7153868e-03
 -1.9312464e-03
 -2.0225895e-04
 -3.3873126e-03
 -3.3294486e-03
 -5.7601468e-03
 -2.7798985e-03
 -2.1434869e-03
  1.9578654e-03
  1.7675290e-01
  1.6014889e-04
  3.4550927e-03
  1.4949530e-04
 -1.5294236e-03
  3.7998874e-03
  1.2580681e-03
 -8.9099037e-04
 -1.2547624e-02
  7.1332557e-03
  6.0611387e-04
 -3.2032898e-03
 -8.3902196e-05
  1.1458826e-03
  1.6072601e-02
  1.8963521e-02
  6.1794575e-03
 -1.6357289e-03
  3.7038815e-03
 -6.9013250e-04
  4.0428843e-03
  6.8654895e-01
 -9.7967014e-02
 -4.4460190e-04
 -1.4876465e+00
  9.0876473e-03
 -4.0138740e-04
 -1.4158567e-02
  1.6868423e-03
  1.4004400e+00
  5.6104991e-04
  9.2944050e-01
  6.2169060e-02
 -1.4200581e-03
  1.8207827e-03
 -6.2625837e-03
  6.3823757e-04
  1.3139644e-03
  3.1282144e-04
 -1.7886376e-02
  1.9776556e-03
  1.3369030e-03
 -1.7711399e+00
  2.5315742e+00
  5.0271899e-03
  2.7997238e-03
  3.2932530e-03
 -1.1879337e+00
  3.4061477e-02
 -4.8608063e-03
  6.3077677e-03
 -3.7834698e-03
 -3.9395240e-01
 -1.8666652e-01
 -2.0319240e+00
 -9.8732568e-02
  2.1098589e-03
 -3.4704202e-01
 -4.2856571e-01
  6.6173297e-01
  2.2575609e-01
 -7.8836703e-01
 -4.0012479e-01
  2.6484874e-01
 -1.2550085e-02
  1.0714862e-01
  3.8290429e-01
 -2.9064032e-01
 -9.5292859e-02
 -1.0078520e-01
  1.6038097e-01
 -1.0799423e-01
  1.2629868e+00
  3.5354960e-01
 -1.1872064e-01
  1.1531179e+00
  4.7533341e-02
  7.0918608e-01
  4.7456110e-01
 -3.2742198e-03
  3.4300625e-01
 -1.4131126e-01
 -2.1071796e+00
 -3.8784761e-02
 -4.7020387e-02
  1.0797331e+00
  1.8778238e+00
 -9.2652369e-01
 -1.3837167e+00
 -1.9127816e-01
 -1.9898851e+00
 -8.7318599e-01
 -4.6597826e-01
  2.1937312e-01
  6.5538102e-01
 -6.9486612e-01
 -2.2606614e+00
 -4.7574276e-01
 -1.0352878e-02
  5.5433148e-01
 -8.8998151e-01
 -7.7421343e-01
 -5.6120437e-01
 -4.3077511e-01
  6.4763671e-01
 -2.0472982e+00
  1.9255642e+00
 -1.1260070e+00
  4.7841952e-03
  1.1760381e-03
  2.9180061e-02
 -1.3014396e+00
  1.4216396e-03
  1.1979191e+00
  9.9180818e-02
  1.2731935e+00
 -3.7711337e-02
 -4.7491663e-04
  4.4410718e-03
  7.3497392e-02
 -4.7162870e-01
 -3.5484901e-01
 -3.3719643e-04
 -1.8245326e-01
 -4.5762700e-03
 -3.4699231e-04
  1.0317396e-01
 -6.1644972e-03
 -5.8342675e-03
  1.6641209e-01
 -6.0458297e-01
 -3.2960862e-01
  1.2224183e-02
  2.3703605e-01
  2.0572364e-03
 -1.3024428e-01
 -4.4376366e-03
  4.5306073e-03
 -9.1880676e-04
 -3.6635261e-03
  1.0363141e-01
  1.5132566e-04
  1.3642696e-01
 -2.2082608e-03
 -1.5157385e-01
 -1.0248982e-01
  6.5082127e-01
  1.2385289e-01
 -8.4290775e-03
 -2.4077447e-01
 -2.0571487e+00
  4.0167384e-03
  3.5506424e-01
 -1.1211199e-01
 -4.6798773e-03
 -8.9279240e-01
 -1.7055933e+00
  8.6309142e-02
  2.6798801e-02
  3.3746046e-04
 -3.8443094e-01
  1.9115862e-01
 -1.5302298e-04
  4.7041030e-04
 -1.1990429e-03
 -7.5467819e-01
  1.3289750e-03
 -1.2253234e-03
  1.4882268e-03
 -1.2891384e+00
  1.8462892e+00
 -6.0940511e-04
 -2.6090534e-03
  1.2367829e+00
  2.6557773e-05
 -4.3007359e-03
  1.6552426e-01
  2.2848388e-03
 -2.3499297e-03
 -3.1891190e-03
 -8.1697240e-04
  2.4501758e-05
 -2.2927148e-03
 -6.3987854e-03
  1.7987490e-04
 -1.3965428e-01
  3.6046412e-03
  7.6229626e-04
  2.8725010e-03
  3.5792121e-03
 -8.9853257e-04
 -7.0125237e-04
 -3.3364465e-04
 -1.5884449e-03
 -3.1465774e-03
  6.7375164e-04
  3.6311243e-03
  1.4518698e-03
 -5.8244839e-03
 -3.3972545e-03
  2.3577288e-01
  1.0261529e-03
 -5.8936495e-02
 -1.1847868e+00
  2.3057541e-01
 -2.0118211e-03
 -1.2194413e+00
  3.4960252e-01
 -3.4054883e-02
  7.1226452e-03
  6.0203248e-01
 -1.9520839e-01
 -5.4539233e-02
  5.9523061e-04
 -9.3520893e-04
 -3.7865156e-01
 -4.7747067e-01
  3.0493236e-03
  6.8898112e-01
  1.4357400e-02
 -2.6353941e+00
 -3.8213648e-03
 -4.0967911e-04
 -4.2155944e-03
 -6.5435073e-05
  1.6237671e-03
 -3.5213449e-03
  1.1861710e-01
  1.2298457e-03
  6.3834066e-04
 -9.2743570e-04
  5.5679888e-03
 -1.3711749e+00
  3.4765113e-02
  1.7613226e-01
  9.3119639e-01
  8.0778623e-01
  6.7313236e-01
 -2.5517527e-02
  3.0197975e-01
 -5.5635321e-01
 -3.6120173e-01
  2.1049640e-01
  2.9800716e-03
  7.3593878e-03
 -1.8710776e-01
 -5.0673150e-02
  5.4556891e-02
  6.1819535e-01
  1.5326206e-01
 -3.5917264e-01
 -1.5658139e-01
 -1.6900414e-03
  1.3040550e-01
  3.8274518e-01
 -1.9209871e-01
 -7.7255213e-01
 -6.2782389e-01
 -2.3319267e-03
 -9.8160561e-04
  1.1050053e-01
  9.2974071e-05
 -4.4065999e-04
 -7.4752892e-04
 -1.2303817e-01
  1.3083822e+00
  6.4633065e-01
  4.3627997e-03
 -4.6586999e-04
  6.4994791e-04
  2.7066973e-01
  6.8362388e-03
 -5.4032560e-03
  3.6083977e-03
  1.1209921e-03
  1.5463114e-04
  3.4700133e-04
  2.7249663e-03
 -4.9938080e-05
  1.7569179e-03
 -3.5206086e-03
 -4.9435855e-03
  1.0483123e-03
  1.3548081e-03
  1.7565230e-01
  6.3437163e-03
 -2.6703819e-03
  7.2132996e-03
  7.3406091e-03
 -7.2578038e-04
 -7.1088766e-04
 -3.6330633e-03
 -3.1281393e-03
 -3.5874790e-03
 -7.1370408e-02
  7.1641774e-04
 -1.1346098e-03
  4.9776554e-02
 -1.2671214e-03
  3.3899664e-04
  1.3371586e-03
  2.7809564e-03
 -1.0859554e-03
  1.9928629e-03
  8.5039428e-03
 -3.2228974e-03
 -4.2372164e-03
 -6.8349913e-03
 -8.4529445e-04
  9.4759546e-04
 -4.3202545e-02
 -5.9784134e-03
  9.6738519e-04
  1.9252049e-03
  3.8035249e-04
  3.9867181e-03
 -1.5354640e-02
 -1.2286649e-03
 -2.8886790e-03
  1.5336353e-05
 -1.9264518e-03
  3.0395968e-04
 -5.4726410e-01
  9.0999621e-01
  8.6750858e-02
  8.0633342e-01
 -3.1030070e-02
  1.7268212e-03
 -4.8769609e-04
  4.2518906e-02
  6.0680282e-04
 -1.5233607e-03
  2.4238362e-03
 -8.1467144e-03
  7.1513087e-02
  2.5734825e-02
 -3.0551180e-02
  1.1400700e-04
 -4.1054636e-03
  2.8715817e-02
  7.8927204e-02
 -4.0956032e-03
  6.3827461e-01
  4.2456333e-02
 -1.4631188e-02
 -7.4096471e-02
  4.2017207e-02
  3.5376202e-02
 -6.8548326e-03
 -9.8231453e-03
 -1.2422477e-02
 -6.1187809e-03
 -6.3055060e-03
 -2.3092079e-04
 -1.0233834e-02
  8.3072249e-05
 -1.5760140e-03
 -3.8487872e-03
  1.2881168e-03
  5.2891918e-03
 -2.9959306e-03
 -1.8474581e-03
  9.8907913e-04
  3.0295090e-03
 -6.1151024e-04
  4.0630039e-04
 -9.3049923e-04
  2.8592150e-04
 -5.4842501e-04
  1.0889170e-03
 -2.3253185e-03
 -2.6977172e-03
  1.9802111e-03
 -4.7500245e-03
  2.7158163e-03
 -8.1865612e-04
 -4.0577061e-02
 -3.8680797e-03
  6.5238751e-04
 -2.2820151e-01
  8.3518081e-04
 -8.0734976e-03
  1.7711086e-03
 -1.4747053e-03
 -4.3542165e-04
 -8.4991491e-04
  3.0912266e-03
 -8.7732421e-03
  1.2333962e-04
 -1.2027726e-03
  6.7495324e-02
  1.8206043e-03
 -3.2834881e-03
  2.5435332e-03
 -5.4351613e-03
  1.1042475e-03
 -1.2344269e-03
  1.6503546e-02
  2.3368166e-03
  4.3984782e-03
  1.7474763e-03
 -6.2436447e-03
 -3.4804069e-04
  1.4690778e-03
  4.5498810e-03
 -2.8682624e-03
 -3.9427881e-03
  4.1721137e-03
 -6.7453051e-04
 -5.4462475e-04
  3.2185263e-03
 -5.4018409e-04
  7.7869766e-03
  1.1257806e-03
  1.6215080e-02
 -4.1189827e-03
 -7.3770717e-02
 -6.8549451e-04
  4.9465313e-03
 -9.9220814e-04
  1.8166790e-04
 -3.3431614e-03
  4.0112659e-03
 -1.9712201e-03
 -7.1497587e-03
  1.1704238e-02
 -1.0014814e-03
 -1.2774986e-03
 -2.2773109e-03
 -1.8971469e-04
  4.5646848e-03
  2.4928106e-03
  6.9061546e-03
 -5.2540144e-04
 -8.9354310e-03
  1.2833115e-03
  1.3293744e-03
  5.0800601e-03
  1.3191422e-03
  3.1440400e-03
 -1.2946670e-04
 -3.1079096e-03
  1.1109330e-01
  6.5169600e-03
 -1.2025035e-02
  6.0267812e-03
 -1.2115678e-03
  2.4667187e-03
 -1.2842899e-03
  3.2223668e-06
  3.7878993e-04
 -4.5937714e-03
 -1.0708694e-03
  3.7002064e-05
  6.2373414e-04
  1.9163645e-03
 -3.9122659e-03
  1.5934831e-02
  4.8594975e-01
  3.0844191e-03
 -4.5544174e-03
  2.0650248e-03
  3.6938506e-04
  2.6166118e-03
  2.6992427e-03
 -1.7901568e-04
 -3.2359750e-03
  1.5202018e-03
 -2.8025452e-03
 -3.6693227e-03
 -5.2849022e-03
  1.7244678e-03
  7.9710281e-01
 -5.9494400e-01
 -4.9201843e-01
 -1.0750388e+00
 -3.6646459e-02
  2.7734601e-01
  2.4059941e-01
 -1.6103348e-01
 -1.9115850e-02
  1.0473213e-02
  4.4426203e-02
  8.0186456e-02
  2.1564749e-03
 -1.0910486e-01
 -3.7979543e-02
  2.3075607e-01
  1.3500521e-03
 -1.5353027e-02
 -5.7319026e-02
 -7.3607445e-01
 -2.7248843e-03
 -4.3724682e-03
  1.2563486e-03
  2.3602364e-03
 -1.1468203e-01
 -1.9287159e-01
 -6.7845234e-03
  4.6103465e-05
  4.5963432e-04
 -2.5850213e-03
 -5.6671281e-04
  1.7166315e-01
 -5.9478744e-03
 -7.6098287e-01
  1.2040413e-01
  1.4568944e-02
  5.0454545e-03
  6.9922717e-05
 -4.6102908e-03
 -1.1530902e-03
  1.6726425e-03
  2.4371926e-02
 -1.6265774e-04
 -2.7772452e-04
 -1.8003421e-02
 -1.0946173e-03
 -3.6193107e-03
 -1.4856069e-02
 -3.0188076e-02
 -9.6375082e-04
 -9.8285545e-04
  2.5656093e-03
  4.7796327e-03
 -1.0101517e-03
  1.1995152e-03
 -1.1924855e-02
 -2.6495992e-03
  4.7130071e-04
 -1.4033163e-03
 -7.3583069e-05
 -4.8402739e-03
  1.6703132e-01
 -2.1840879e-03
  9.6886397e-05
  7.1870250e-01
  9.5429062e-04
  4.5065544e-04
  1.6520284e-01
  5.6794747e-03
 -1.3433141e-03
  2.5436548e-03
  2.2018132e-04
 -2.8522203e-03
  1.0894665e-02
  2.8729886e-03
  2.0087804e-03
 -4.3035332e-05
  3.7799485e-03
  1.2168942e-01
 -2.3326674e-03
  4.8162579e-03
 -1.0620352e-05
 -5.8189216e-03
  4.6471492e-03
  2.6285388e-03
  1.9235611e-02
  5.7944871e-04
 -6.0768928e-03
 -2.3372229e-05
 -6.2323422e-03
  3.8574889e-02
 -1.3838425e-01
 -2.2587373e-03
  5.5192890e-05
  1.1714128e-02
 -1.6350722e-02
 -1.4442308e-03
 -6.2616572e-02
 -8.4552489e-02
 -7.4100709e-03
 -4.0296722e-02
  1.2020670e-02
  3.0312799e-03
 -1.5288448e-01
 -1.0923957e-02
 -2.1031732e-03
  1.2657514e-03
 -2.0359865e-01
 -7.7151477e-02
 -1.7071711e-01
 -2.7372357e-02
  7.2294432e-03
  9.2122048e-02
  1.4772014e-03
 -4.6352914e-01
 -3.1361368e-01
 -1.8430395e-03
  5.3292220e-03
  1.8592066e-01
 -4.2686807e-03
 -1.5266823e-03
 -4.0350002e-03
  1.4864559e-03
 -5.6857251e-02
  8.9163393e-02
  8.6353905e-02
 -1.0266025e-04
  5.7752319e-03
 -3.6099118e-03
  6.2117637e-03
 -2.0771436e-03
 -1.0610722e+00
  5.3571761e-03
  4.5127100e-03
  3.8456086e-03
 -3.7489241e-01
  5.5116689e-04
  1.0272244e-03
  4.2223070e-02
 -2.3573126e-04
 -2.2238675e-03
 -6.8805404e-03
 -8.8320923e-04
 -1.0425284e-03
  5.6362078e-03
  1.8966590e-03
  2.6439785e-03
 -3.2967839e-03
 -4.6279377e-04
  6.6754436e-03
 -7.8290604e-02
 -1.4975810e-03
 -1.0652497e-01
 -2.4886951e-03
 -6.0101155e-02
 -2.1165332e-03
 -3.7474496e-05
 -2.9670995e-01
  8.7716831e-03
 -8.2107168e-04
  1.7403014e-03
  5.1926724e-03
  4.2678567e-04
  5.9364654e-02
  2.5909103e-03
  2.1821791e-03
 -1.1772889e-02
 -3.2380864e-04
  1.2461329e-03
  2.7254813e-03
 -8.3457178e-04
 -3.5585579e-03
 -4.6174596e-03
  5.5742948e-03
 -6.2182563e-04
  2.4993892e-03
 -1.9621534e-02
  1.9635032e-03
  8.5131795e-04
 -3.9912271e-04
  2.2631367e-03
  5.9273914e-03
 -1.0841563e-03
 -1.1648480e-01
  2.8560476e-03
  3.6783593e-03
 -2.0629645e-03
 -9.9370442e-03
 -8.8040775e-04
  1.9683480e-01
  3.0704970e-03
  8.3275960e-04
  3.7161410e-03
 -2.4479884e-03
 -1.3153300e-02
 -6.6701451e-04
 -6.8185785e-05
  1.0566146e-04
 -2.3936338e-03
 -3.1470896e-03
  3.8533865e-03
  5.3487229e-04
 -3.9406251e-02
 -9.0015084e-03
  1.7488699e-03
  1.7995276e-03
 -6.1736413e-04
  3.2231721e-04
 -1.7349515e-03
  8.1374584e-04
  1.4528410e+00
 -5.9624916e-01
  4.7661299e-01
 -1.5582632e-01
 -1.6360412e+00
 -1.2580302e-01
  1.3975674e-01
 -3.1749088e-01
 -4.2835213e-03
  6.4597422e-01
 -1.6606157e-01
 -2.6763307e-02
 -2.9196750e-02
  1.7084653e-03
  6.1779076e-01
  4.0330053e-03
 -3.0283637e-02
 -2.3888516e-01
 -8.2979381e-01
 -3.7463869e-03
 -5.2005018e-04
 -2.3421340e-02
 -5.8019120e-02
  1.3384907e-02
  2.0830619e-01
  2.4264883e-02
 -1.7574390e-03
  1.6348606e-06
 -3.8489878e-01
 -1.4238235e-01
  3.4005581e-03
  1.2826701e-02
  1.5246981e-02
  2.2972310e-04
 -2.8596088e-02
  3.8994246e-03
 -6.6259829e-03
  4.0065343e-03
  1.9396442e-03
  3.1208354e-03
  3.0633227e-03
 -1.3536837e-02
 -8.7009527e-04
  1.1178681e-01
  5.7735918e-03
 -2.4164410e-03
 -1.5447453e-01
  3.5818182e-03
  1.8192254e-02
  2.6994234e-02
  8.8034189e-01
 -8.2052043e-03
 -9.2258400e-01
 -1.4222950e-02
  6.7765638e-02
  1.1519564e-02
 -1.0989073e-03
  2.1030577e-03
 -2.6446112e-02
 -6.5462627e-03
  9.7779244e-01
 -3.8055846e-01
  7.9210691e-02
 -9.5823848e-01
 -1.2406108e+00
 -4.9219126e-01
  1.6714033e+00
  3.3349967e-01
  3.6845779e-01
  3.6670396e-03
 -4.1705799e-01
  1.2774295e+00
  1.5921209e-03
  3.1845739e-01
  2.7522904e-01
 -1.1382371e+00
  6.9211775e-01
  2.1767833e+00
  5.3253275e-01
  2.7191985e-01
 -1.5624639e+00
 -4.5202640e-01
  7.7023560e-01
  8.4829593e-01
 -1.1467760e+00
 -1.8638919e-01
  2.6063720e-02
  1.6209690e-01
  8.1277382e-01
  3.8148505e-03
  2.6435757e-01
 -1.0764550e+00
 -1.5785577e+00
 -6.7845541e-01
  8.4132081e-01
 -8.7544078e-01
  7.1690112e-01
  2.4315669e-01
  4.6665478e-01
 -8.3820516e-01
 -1.5052329e-01
  7.5997895e-01
  9.0157872e-01
  1.7805191e+00
 -6.6754657e-01
 -8.8987970e-01
 -6.8286255e-02
 -6.5186936e-01
  1.1992062e+00
 -7.3121899e-01
 -4.8227468e-01
  5.2337438e-01
  3.8829625e-01
  1.4762555e+00
 -1.3209341e+00
 -7.2391492e-01
  2.0586404e-03
  3.3301365e-01
 -4.4753352e-01
  2.6938694e+00
  3.7215874e-03
 -2.7753334e-03
 -8.8483226e-03
  4.0710391e-04
 -3.6929999e-03
 -1.0840145e-03
  1.8404601e+00
 -3.1093960e-03
 -2.8208590e-03
 -9.9369057e-04
 -1.0814103e-03
 -6.2500499e-03
  1.0591964e-02
 -8.2823201e-05
 -9.8804040e-03
  5.4336520e-04
 -6.7687943e-03
 -5.5380566e-03
 -6.1195187e-02
  1.0874250e-04
  1.6205130e-03
  1.3593299e-03
  5.4724578e-02
 -3.8135240e-03
  4.7240439e-03
 -5.9835375e-03
 -1.3473014e-04
  4.9807038e-04
  2.0997685e-03
  1.9338289e-03
 -7.9386798e-04
  5.5176197e-03
  7.0193445e-04
  2.5480313e-04
 -6.1005211e-01
  1.5595912e-03
 -7.0000428e-04
 -3.8816934e-03
 -7.3430582e-04
  3.0972478e-03
 -1.1132896e-03
 -4.2231625e-04
  6.7960713e-03
  1.8401892e-03
  5.5771102e-03
  6.6296551e-03
  6.5290550e-04
 -3.7595895e-04
  6.1186013e-04
 -2.1937664e-03
 -7.3113112e-04
 -1.5971967e-03
 -5.7224873e-03
  2.8017139e-05
  1.6153797e-03
 -4.0022954e-03
 -7.6092556e-03
  4.0964247e-04
  4.4875476e-03
 -4.6728516e-04
 -1.5412909e-01
 -2.4230983e-02
  6.0541290e-01
 -6.6132426e-02
  8.7383278e-03
 -7.0300935e-06
 -5.5140901e-01
  5.9273737e-03
  9.0234071e-02
  1.0661399e-01
 -1.4421856e-03
 -2.0547830e-03
 -2.6432031e-03
  1.5703534e-01
  3.1318939e-03
  2.7977620e-04
  2.4978232e-04
  2.1978367e-02
  1.4794713e-01
  1.8956296e-01
  8.9893397e-03
 -9.6399498e-01
 -4.1710264e-03
 -1.7886292e-03
  1.2772577e-01
  2.2161365e-02
 -2.4778891e-04
  2.2438883e-04
 -3.9506026e-02
  7.5160083e-03
  3.0730297e-03
 -2.6927590e-03
 -1.4957064e-03
  9.4284822e-04
  9.7641653e-01
 -8.9595356e-04
  8.9519762e-04
  2.5794574e-04
 -7.8846344e-05
  8.9762302e-04
 -2.3204088e-03
  1.3021377e-02
  7.5609522e-04
  2.7309845e-03
 -1.2679909e-03
  1.9502902e-03
  9.6615200e-05
  1.2348300e-03
  2.5562844e-03
 -1.4108160e-03
 -2.0245067e-03
  5.8180401e-03
 -4.1943710e-04
 -1.2681377e-03
  3.0436711e-03
 -4.0892595e-03
  3.3136276e-03
  6.2045697e-03
 -1.2248704e-03
 -1.0254447e-03
  1.4504607e+00
  3.0137321e-03
  7.9924762e-02
  8.3528511e-02
  1.8351449e-01
 -3.1155557e-03
  8.1559055e-04
 -3.6578409e-03
  1.5773129e-03
 -3.6766578e-03
 -5.2321618e-03
  1.3319099e-03
  3.2277128e-03
 -3.7799007e-03
 -4.5923525e-03
 -6.6885655e-03
 -6.2820983e-01
 -1.7432263e-03
  1.0681788e-03
  3.1850752e-03
  6.9596648e-04
 -2.6042724e-02
  6.0590291e-03
 -1.5983490e-04
 -1.8852812e-03
  9.0992439e-04
 -3.6987010e-04
  1.7623669e-04
  1.2818176e-03
  2.2395006e-03
  4.1705831e-03
 -2.3006210e-03
  4.4763288e-03
  1.4480329e-03
 -3.4501215e-03
 -8.9199311e-04
 -4.8499537e-01
  4.1448856e-03
  3.7696599e-03
  6.0736644e-01
  4.1268350e-04
 -3.9728123e-04
  6.9688857e-03
  5.1751970e-03
 -4.4982713e-03
  1.1987627e-04
  2.3900981e-03
  1.2187606e-04
 -2.7866878e-03
  1.2010004e-03
  3.7681484e-03
  1.0032931e-02
 -5.2312049e-03
 -9.1265108e-05
 -5.7773106e-04
 -8.9661434e-04
 -2.3240885e-03
 -8.0955849e-04
 -6.7055371e-04
 -2.8289374e-04
 -5.1122469e-01
 -6.0599869e-01
 -1.0872661e+00
  1.9503720e-02
  9.3418354e-01
  6.2807202e-01
  9.3573879e-04
  2.8228804e-01
  4.7566332e-02
 -1.0588083e-03
 -3.0706495e-03
 -1.7546944e-03
 -4.5943048e-06
  2.5587609e-01
  9.1824075e-04
 -5.3126442e-01
 -1.3046637e-02
  1.6699005e+00
  1.6012896e-03
  1.1017638e-03
 -7.2864956e-01
 -8.4504491e-04
  1.2250826e+00
 -7.2763175e-01
 -4.5413068e-03
  2.8465588e-03
 -5.3151584e-01
  2.1736361e-03
 -1.3736525e+00
  5.9052458e-04
  1.7843056e+00
 -7.8066421e-01
 -2.6286206e-01
  3.5478212e-02
 -2.9461601e-01
  1.5316797e+00
  1.3332735e-01
  1.2479778e-01
 -4.3917558e-01
  3.5544119e-03
 -1.2476278e-04
 -2.2618020e-02
  6.8971864e-03
  6.9073617e-01
  2.0303692e-01
 -1.5587774e-01
  4.8986197e-01
 -6.1225539e-01
 -2.5655322e-02
 -5.7066833e-03
 -1.0673463e+00
 -3.3616593e-01
  9.7204608e-01
  7.7730632e-01
  1.9063772e-01
 -7.7160120e-02
 -3.7698117e-01
 -1.7317293e-02
  3.0510899e-01
 -3.8060579e-02
  4.1002893e+00
  1.0063983e-01
  3.7589518e-04
  4.6963315e-03
 -5.2351880e-01
  1.9395566e+00
  3.9168832e-01
  1.3148834e-01
 -4.8912862e-01
  5.0454473e-01
 -2.0165443e-01
  8.6168593e-01
  2.3849242e+00
  1.8907018e-01
  1.2925701e+00
  4.6373129e-01
  4.0276307e-01
 -2.5108291e-03
  7.0263736e-04
 -2.1821621e-03
 -2.2598665e-02
  3.4631111e-04
 -9.9370815e-03
 -6.4903594e-05
 -6.7780013e-03
  2.9173464e-01
 -7.8394212e-02
 -3.3745976e-04
 -5.5212313e-01
  3.5387000e-01
  3.5004873e-02
  8.1791317e-01
  6.5174282e-01
 -2.3171499e-02
  3.8954717e-04
 -1.4544793e-02
  2.9402652e-01
 -3.1752035e-01
  6.2887713e-02
  2.3037247e-01
 -1.2256271e+00
  7.8016520e-01
  7.8434569e-01
 -2.3824455e-01
 -8.6258119e-01
 -7.4321270e-01
 -1.8051857e+00
 -2.7932748e-01
  1.4084328e+00
  2.3916248e-02
  1.9376624e-03
  1.6759548e-01
  6.1507083e-02
 -1.0227952e-01
 -5.5493677e-01
 -3.4137163e-01
  9.0572041e-01
 -2.2400377e+00
 -1.4672397e+00
 -3.5514070e-03
  8.6174852e-01
 -1.3183703e+00
  7.5229394e-01
  1.9415195e-01
  2.3799643e-01
  9.9787429e-02
  1.5007617e-02
  1.3413528e-03
 -2.4145996e-02
 -1.0877527e+00
 -7.7550753e-04
  1.6772725e-02
  8.7369722e-01
  8.0055553e-01
 -4.4588926e-01
 -1.4089619e-01
  4.8921144e-01
  1.1736130e+00
  3.6651480e+00
  1.9366987e+00
 -1.2855705e+00
 -4.9697721e-01
 -1.0623324e-03
 -7.2248173e-03
  1.6463505e+00
  9.1224903e-01
 -2.9888814e-03
 -2.1445074e-03
 -9.5352739e-02
 -1.6147015e+00
  4.9052712e-01
 -3.8536933e-01
  9.8005104e-01
  1.6420891e+00
 -1.1665385e+00
  2.1893978e-03
 -1.2171323e+00
 -1.8924813e-01
  8.2679915e-05
  1.0945764e-03
 -3.7499331e-02
 -2.6325005e-01
 -3.1810686e-01
  4.3398583e-01
 -5.7469923e-03
 -2.8887719e-01
 -2.8230395e+00
 -1.6824056e-01
  4.3594345e-02
 -4.3975833e-01
  5.2784938e-01
  3.0125034e-01
 -1.4881560e+00
 -3.6403888e-01
 -3.4577394e-04
 -5.1238979e-03
  5.6466281e-01
 -5.0668683e-02
 -5.3319875e-03
 -3.7427185e-04
  6.9188043e-02
 -2.8780311e-01
  7.3431849e-02
  1.2939851e-03
  6.5725881e-01
 -6.1396784e-01
  7.2178847e-01
 -1.3254446e+00
 -5.3919452e-01
 -3.0867124e-01
  6.6721416e-01
  4.9685291e-04
  2.6046866e-01
 -8.0285263e-01
  3.6366731e-01
 -5.7636017e-01
  4.7737028e-02
 -7.6197720e-01
  2.0883526e-03
 -1.0888760e-02
  8.5023355e-01
 -1.4325989e+00
  1.6715482e-01
  1.3636681e-01
 -9.3406105e-01
 -6.6994482e-01
 -5.8898631e-02
 -1.9917861e-01
 -6.0952224e-02
 -1.8103224e-01
  5.0337881e-01
  1.0204688e+00
  7.9963297e-01
  2.5418836e-01
 -1.7639784e+00
 -2.4567617e-01
  6.0439986e-01
  1.1448222e+00
 -9.5353502e-01
 -3.6057305e-01
  8.1077898e-01
 -1.5282871e+00
 -8.8464962e-03
 -7.3055170e-02
  9.7111082e-01
  2.4658723e+00
  8.6131673e-03
  4.6717175e-04
  5.8383197e-01
  3.5399696e-01
  1.0414259e-03
 -6.0661027e-04
 -9.8651600e-01
  3.3824123e-02
 -6.7205791e-04
 -2.8175996e-03
 -2.8542110e-01
  2.9369527e-01
  1.8587683e-01
  2.9443023e-01
 -8.2754485e-02
 -1.4491320e+00
 -1.3737677e+00
 -8.0370136e-02
  1.2802000e+00
 -9.2659086e-01
 -6.0748734e-02
 -3.3317411e-01
  2.8879433e+00
  1.7095698e-01
 -3.7151811e-01
 -2.7360737e-01
  7.7016902e-01
 -4.7852162e-01
 -7.1965107e-03
 -3.1691244e-01
 -2.9067668e-01
  9.7918791e-01
  2.1763062e+00
  1.6098385e+00
 -1.1478350e+00
 -1.9597824e-01
  1.1373671e+00
 -2.5153758e-02
 -1.8460016e+00
 -1.0706263e+00
 -7.6222128e-01
 -9.7819895e-04
  8.1221837e-01
 -1.6749332e+00
 -1.5338441e+00
 -3.2963413e-03
  7.0639837e-01
  6.6563988e-01
 -7.0442295e-01
 -6.8290824e-01
 -2.7598681e+00
 -7.4363142e-01
  8.9500809e-01
 -3.3866155e-01
 -2.9051772e-03
  4.6860781e-01
 -5.8610284e-01
 -9.9907249e-02
  6.1341965e-01
 -1.1087205e-01
  2.6670057e-01
 -3.0467617e-03
 -1.8420401e-01
  1.7759137e-01
 -8.8352215e-01
  2.7241734e-01
 -3.7808517e-01
 -5.2628350e-01
  2.3478866e-01
  5.3099710e-03
  2.6865086e-01
 -4.5354331e-01
 -8.4238911e-01
 -1.3956368e+00
  6.0812831e-01
  1.3115734e+00
 -2.1791191e-01
 -2.9186398e-01
 -1.7991832e+00
 -2.2331353e-01
  1.9235814e+00
  2.7202163e+00
 -2.6626149e-01
 -1.4064038e+00
 -2.2953010e-01
 -2.9812619e-01
  1.6446939e-02
  1.0640439e-01
 -8.1198382e-01
  4.6210061e-03
 -6.5200746e-02
  9.6337634e-01
 -4.2729178e-01
 -2.0167742e+00
  3.0079204e-01
  1.8881680e-01
  1.4634415e+00
  2.4398303e-01
 -7.2230560e-01
 -1.3289157e+00
  3.1348728e-04
 -2.4085599e-03
 -4.4511688e-01
 -9.5270537e-02
 -7.0048052e-01
 -2.5708852e-03
  3.0126408e-01
 -5.5603035e-02
 -4.7007853e-01
 -1.4137561e-03
  1.3485016e+00
  4.0451056e-01
  3.3298326e-01
 -1.4091676e+00
  3.0893246e-02
 -2.8776786e-01
  1.8551321e-01
 -2.1807769e-02
  2.9033804e-02
 -1.2747135e+00
  2.2220392e-02
  1.9541688e-01
  1.2267209e+00
 -1.7460723e+00
  9.5800008e-04
  1.3458150e-03
 -1.3012963e-03
 -1.3347769e+00
 -8.3873260e-01
 -3.8397372e-02
  1.1077546e-01
  1.6145565e-02
 -1.2711558e+00
  2.2369096e-02
  6.8250805e-01
 -6.1529171e-01
 -2.2615714e-01
 -5.3370935e-01
  5.4206368e-02
  8.8440528e-04
  6.0698767e-03
  4.4558933e-03
  2.4722220e-02
  1.8159781e-03
 -3.1681874e-04
 -2.4036090e-03
 -5.2973664e-01
  2.3260383e-01
 -2.0424283e-01
 -1.3557278e-03
  1.5544002e+00
  8.7238610e-01
 -8.3155977e-04
 -1.7706127e-03
 -5.7638761e-02
 -3.3918468e-03
  7.9456711e-04
  2.9685383e-04
 -2.0165595e-03
 -1.0479742e+00
 -1.5638600e-01
 -3.7714094e-02
  4.3607146e-01
 -1.0468993e-01
  2.2556996e+00
  8.5616671e-02
 -1.8062185e-01
 -2.4253182e-01
 -9.3226033e-01
 -9.1709435e-01
  8.3975214e-01
  3.1861931e-01
  1.5434301e-04
 -3.4620480e-03
 -5.6299144e-01
 -5.7985228e-01
 -1.7748244e-02
 -4.4776821e-01
  1.0301688e+00
  8.2973015e-01
 -1.5761616e+00
 -2.4477538e-04
  9.2035830e-01
  9.4706118e-02
 -9.7015426e-02
 -5.2266085e-01
 -2.5210708e-01
 -6.3832649e-03
  5.5066502e-04
  1.4662159e-03
  1.4488114e-01
  4.0348524e-01
  9.3797158e-04
 -9.2673500e-04
  6.6294926e-01
 -1.0148963e+00
  9.0660200e-02
  1.1185002e-01
  2.7859206e+00
  9.7066224e-02
  3.5079539e-01
  1.2567763e-02
 -1.0585339e+00
 -6.3859130e-04
  1.9694410e-01
  2.2261883e-03
 -6.7701691e-01
 -1.4319108e-01
 -8.3513576e-01
 -7.9478037e-01
  8.2664482e-02
  2.9457405e-01
 -4.0176603e-01
 -3.3873010e-03
 -1.1062779e+00
  2.2821328e-01
 -6.0813308e-01
 -1.5568894e+00
 -2.3923006e+00
  4.0654799e-01
 -2.0258233e-03
 -1.0961990e-03
  2.7179917e-02
  2.8603315e-01
 -2.3875043e-03
 -9.9223882e-01
  2.2800517e-01
 -1.5871670e+00
 -1.4131652e+00
  1.0916431e-01
  1.8353069e-01
  7.6899153e-01
 -3.9892331e-01
 -6.4245733e-03
  1.1308101e+00
 -2.4781245e-01
  7.4062663e-01
  2.2614510e-03
  3.2685331e-01
  9.6571064e-01
  1.9932514e-01
  1.5997715e-01
 -2.0757142e-02
 -1.4940035e+00
  5.8954947e-02
  1.5103386e-03
  9.1607451e-01
  4.0111893e-01
  1.9041524e+00
 -5.5975784e-03
 -2.6742741e-01
  1.8071668e-03
 -2.9803186e-03
 -3.5070288e-03
 -2.0422226e-01
 -6.1924809e-01
 -1.2797570e+00
 -1.8782748e-01
  9.3198454e-01
 -1.4752842e+00
  2.2839749e-02
  1.0477349e-02
  1.2522920e+00
  1.3169357e-01
  4.9853620e-01
 -2.4614906e-01
 -4.8480734e-02
  2.9216020e-03
  2.1278964e-01
  3.6700422e-04
  3.4672339e-05
 -3.5770008e-01
 -3.1197140e-01
  7.2494030e-01
  4.3575230e-01
 -7.4462342e-01
 -6.4052478e-03
  9.4188942e-04
 -6.0589558e-01
 -7.5442451e-01
 -2.4693782e+00
 -1.7923232e+00
  1.4007984e+00
  3.3723723e-04
  6.9005066e-03
 -3.7682701e-03
 -2.1268830e-04
  4.6480206e-01
 -4.0610284e-03
  9.0297888e-04
  1.8973355e+00
 -1.9580070e-02
  7.5815035e-05
  4.1846503e-03
 -2.1895903e-01
  9.6339509e-02
 -9.6030697e-02
 -6.9468483e-02
  6.2581229e-01
  6.2004407e-04
 -1.4420176e-03
  5.7150982e-03
  7.8220258e-04
 -1.0590656e+00
 -7.0591551e-01
 -2.0523019e-01
 -2.0030303e+00
 -9.4158018e-01
  3.6834539e-03
  1.9713279e-03
  2.4644420e-01
  5.8545613e-01
  1.4462700e-01
  7.1299833e-01
  1.2730238e+00
  2.7363996e-03
 -4.4307564e-03
 -5.9301299e-03
  3.7447765e-01
  8.9923465e-01
 -2.6252395e-01
 -1.1607412e+00
  1.1075296e+00
 -2.4258063e+00
 -2.0196708e-01
 -1.9027675e-03
 -7.7996582e-01
 -1.0329142e+00
 -6.8813848e-01
  2.6349550e-01
  7.5071567e-01
 -8.7415975e-01
  1.8570339e-03
 -7.7108305e-04
 -2.1799529e-01
 -4.1793361e-02
  7.5742765e-03
 -6.4192065e-03
  2.1798134e+00
  6.8508133e-02
  2.8691575e-02
  8.4095132e-03
  3.6645806e-01
 -7.9914361e-01
  4.9229509e-01
 -2.4153540e+00
  4.8908389e-01
 -3.0765414e-01
 -3.0127030e-03
 -3.3570365e-03
 -5.4177176e-04
  1.0301597e+00
 -9.7510800e-02
  7.5174250e-02
 -4.7661074e-02
 -3.3771354e-03
  8.8564539e-04
 -2.1701187e-03
  5.2126683e-03
  1.8442174e-02
 -3.8846508e-02
 -3.1757053e-02
  1.7849971e+00
  7.1304905e-01
  1.5672792e-02
 -9.2467532e-04
  8.8891305e-04
 -5.3367215e-01
 -6.7748441e-03
 -2.0408697e-01
 -9.3613344e-01
  5.0123787e-01
  1.3986385e-03
  1.8454155e-02
 -1.2916179e-02
 -7.1167976e-01
 -5.5996042e-01
 -2.1050501e-01
  4.0962997e-01
 -5.3485399e-03
  2.4373475e-03
 -2.7876773e-03
  1.4269975e-01
 -7.3847508e-01
  3.1253374e-01
  4.4653017e-02
  7.3635799e-01
  2.2202221e-01
 -2.7040346e-03
 -2.3701005e-03
  5.6284773e-01
 -4.8413828e-01
 -4.0791720e-01
  1.3848555e-01
 -1.1264218e-01
  4.4019789e-02
 -4.7024600e-03
  1.3977099e-02
  2.9914823e-01
  7.7154428e-02
 -1.0932008e-01
 -1.1053814e+00
  1.9009511e+00
 -4.9150670e-01
  1.1721482e+00
  7.3686731e-03
  9.4456418e-04
  6.5207697e-02
 -5.2776694e-01
 -1.7487420e+00
 -1.6112847e+00
  1.1594417e-02
  7.6758413e-04
  5.2550447e-04
 -4.2868596e-01
 -9.1337916e-03
 -5.5527955e-01
  3.9639848e-01
 -3.4467191e-01
 -5.2702427e-01
 -5.2029985e-01
 -2.0090476e-02
  1.4659553e+00
 -1.5980134e+00
 -1.7005336e+00
 -1.5048342e+00
 -7.3728269e-01
  1.1068543e-04
  3.5911640e-03
  6.9640437e-04
  7.5384013e-02
 -1.8446137e-01
 -8.4117027e-03
 -2.7117978e-03
 -1.0353029e+00
  2.5622588e-01
  1.4451277e-03
 -1.9033274e-03
 -4.4514754e-01
 -1.1722752e+00
 -5.9996241e-01
 -3.2790214e-01
 -2.1088466e-01
  3.0699031e-02
  5.0216899e-03
  4.0871366e-03
 -9.9292427e-02
  4.1822258e-02
  3.1833529e-01
  3.5329315e-01
  2.2267747e-01
 -5.3542733e-01
  4.5654881e-01
  1.3625665e-03
  1.8090986e+00
  1.9975507e+00
  1.3451056e-01
  1.2780984e-01
 -1.8837934e+00
 -7.0130513e-03
 -8.0169865e-04
 -2.3272529e-03
 -3.6068910e-01
 -3.1864727e-01
 -6.3729823e-01
 -2.4678993e+00
  4.1500754e+00
  5.9448636e-01
  1.5635500e+00
  4.1538631e-03
  1.3678186e+00
 -8.2112956e-01
  1.4621776e-01
 -2.0214126e+00
  1.2750729e+00
 -1.2021842e-03
 -3.3187005e-03
 -1.8617450e-01
  7.8244423e-03
  3.7413448e-01
  5.3441793e-01
  1.8260254e-02
 -8.9827472e-01
 -1.0049368e+00
  1.1421457e-03
 -2.4115730e-02
  2.4854571e-03
 -9.6403396e-01
 -2.0040184e-01
 -1.3279730e+00
  2.4044158e+00
 -1.2006897e-02
  5.5420544e-04
 -1.5678376e-02
 -4.3207037e-01
  1.1018347e+00
  7.2712265e-02
 -1.7298782e-03
 -9.6249402e-01
 -1.8850945e+00
  4.5548180e-01
 -1.0970826e-03
 -6.9195914e-01
  7.1638185e-01
  1.0748115e+00
  1.4492823e+00
 -4.1186228e-01
 -2.9218327e-03
 -4.6155094e-03
 -1.0056669e-02
  5.3716533e-02
 -7.9634339e-01
 -2.4126258e-01
 -2.7205484e-02
  4.0719575e-01
  2.3471562e-03
  3.9673296e-01
 -1.7700838e-02
  7.6882762e-01
  1.8209404e-01
  1.0523543e+00
  1.2680134e+00
  6.3389719e-01
  2.6481089e-04
 -1.8827275e-04
 -2.0929703e-03
 -6.5464067e-01
 -1.8937083e+00
 -6.3743107e-02
 -1.2109537e-02
 -5.2718759e-01
  8.3516890e-01
  1.6242002e-05
  4.8144958e-03
 -3.7455335e-01
 -2.8090186e-03
 -4.9574566e-01
 -3.2371192e+00
  1.1185893e+00
  4.8100212e-01
  1.0748085e-03
 -3.3806411e-03
 -3.9093110e-01
 -4.3087423e-01
  3.5099033e-01
  7.9281503e-01
  4.3294987e-01
  1.7619520e-01
 -6.4229268e-01
 -3.6710810e-03
 -1.0184492e+00
 -1.1937510e+00
 -1.9594566e+00
 -1.8491741e+00
  7.7065480e-01
  5.5341363e-01
  1.5356967e-01
  4.1841043e-04
  1.5218097e+00
 -5.6167120e-01
 -2.0484754e-03
 -3.9191842e-01
 -3.6258259e-01
 -1.5284901e+00
  1.1679740e-03
 -4.1775578e-03
  1.3420917e+00
  5.1763284e-01
 -1.7245722e-01
 -1.2560719e+00
 -5.0607610e-01
  7.1454910e-04
  1.3937736e-03
 -1.5259122e-04
  1.9178603e-02
 -3.1613791e-03
 -2.5060200e-03
 -5.2131154e-03
 -2.4254940e-02
 -8.4812072e-04
 -2.8525683e-04
  1.0888799e-03
  1.3101376e-03
 -1.3469291e+00
  3.7108208e-03
  7.5334177e-04
 -1.4640327e-02
  7.6147921e-02
  2.4797219e-01
 -1.0320895e-01
 -1.4465669e-01
  6.9722617e-03
 -8.7343298e-02
 -2.0963305e-01
 -5.5366801e-03
 -1.0142573e-02
  3.1830461e-03
 -1.9364839e-03
 -2.6341332e-03
 -7.9502660e-01
 -6.9816715e-01
  8.7556601e-02
 -2.0602970e-01
 -2.2078688e-01
  3.0831262e-03
  1.9340283e-01
 -1.6435800e+00
 -5.5862874e-01
  4.9383608e-03
 -1.7493766e-02
 -8.3366156e-01
 -9.7011160e-03
  2.0864781e-02
 -3.0296410e-03
 -2.1820049e+00
 -1.3152856e+00
 -4.3491960e-02
  1.3883320e+00
  4.0484729e-01
  5.0052005e-01
  1.0337728e-01
 -4.5558535e-02
 -4.5072124e-03
 -6.8325438e-02
 -1.0135784e-02
 -1.3549072e-03
 -6.2613904e-01
 -1.0691366e-02
  8.0462722e-03
 -1.1257516e-03
  6.7226676e-04
  2.5482459e+00
  1.2668036e-01
 -5.5615548e-02
 -4.0509249e-03
 -2.5494942e-01
  1.1325108e-03
  4.1100723e-01
 -3.3708629e-01
 -6.3790125e-01
 -3.3892172e-03
 -9.8420477e-01
  3.0753002e-01
  2.7500027e-01
  3.6454626e-04
 -6.0931779e-05
  5.3017879e-01
 -9.8498297e-01
 -1.8192117e-01
  1.0169626e-02
  6.3179630e-01
  5.0685680e-01
  1.3065112e-01
 -2.6512152e-01
 -1.1035410e+00
 -1.4326799e+00
 -2.5122757e-03
  3.7457818e-01
 -1.1161573e-01
  3.7497748e-03
 -1.5051395e-03
 -5.5321178e-04
  2.2973094e+00
 -2.3298988e-03
  3.9645115e-01
 -1.6472405e-01
  3.8774723e-01
  1.8555000e-01
  1.0670399e-01
  5.0547099e-01
 -1.3254595e+00
  9.4518054e-01
 -1.4502577e-03
 -6.2804377e-01
  2.7454996e-03
 -4.7748578e-01
  9.8782568e-04
 -4.3887645e-03
  2.8073543e-04
  1.5544853e-01
  4.5155507e-01
 -2.3541846e-03
 -1.9639893e-02
  1.5365529e-01
 -1.1308152e-03
  4.8839545e-04
 -9.3907940e-01
  7.4842572e-02
 -7.5437274e-04
  1.5679030e-03
 -7.7504097e-03
  3.5845581e-01
 -2.4708025e-03
 -4.9582208e-03
 -2.9953527e-03
  2.6212118e+00
  3.0137566e-01
 -2.6053363e-01
 -3.7527552e-01
  1.6921525e-01
 -5.2707870e-03
 -5.2811395e-02
 -1.4875013e+00
  3.0262604e-01
 -3.1552279e-01
 -4.2599818e-01
  1.2733059e-01
 -3.1063747e-01
  2.6374195e-02
  2.1446870e-01
  3.0552965e-01
  4.6780708e-01
  9.2174393e-01
 -9.8915392e-01
  1.8226829e+00
 -1.0599750e-03
 -1.9249455e-03
 -2.2207345e-03
 -9.9673176e-01
 -1.2631567e-04
  4.3728887e-05
 -3.1368188e-03
 -3.7354935e-02
 -5.5598277e-03
  2.3269108e-04
 -7.5572293e-04
  7.3305191e-03
  2.0890974e-01
  8.0717346e-03
 -2.9955949e-03
 -9.7275787e-04
  1.4626864e-01
  1.0398530e-02
  1.3141019e-03
  1.1303780e+00
  6.9832517e-04
 -2.9167488e-01
 -3.2754835e-01
  3.0951872e-01
 -3.5138494e-01
  5.4831598e-03
  1.2335913e-04
  1.0435969e-03
 -1.6448050e+00
 -4.8509574e-01
 -3.5080552e+00
  1.4072618e-02
  1.1017268e-01
 -2.7398640e-01
 -5.9146947e-01
 -1.0399117e+00
  5.4132789e-03
 -5.3787781e-03
 -8.0699474e-03
 -2.6082832e-01
  1.2822666e-03
 -9.8720624e-04
  1.4685490e-03
  1.7249949e-02
 -9.1817617e-01
 -7.5461991e-02
 -4.6300989e-01
  7.9459816e-02
 -5.3623235e-01
  6.8235723e-03
  6.5571153e-01
 -1.3169634e+00
  1.9204104e-03
 -1.4091131e-01
 -1.3191779e-02
 -4.6014571e-01
 -1.6814655e-02
  7.0735193e-03
  5.1208250e-02
  4.4778392e-01
  4.7595665e-04
  5.3356268e-04
  1.0316928e-01
  1.7876570e+00
  1.3583079e-01
 -2.2967716e-03
  4.5051375e-01
 -1.0374011e+00
  8.5788770e-03
 -8.8162515e-03
 -2.5292131e-01
  9.1115934e-01
 -6.9785304e-02
  6.1108403e-02
 -6.7271233e-02
 -1.3001007e-03
 -2.1703599e-01
 -8.7561172e-01
  2.9707697e-01
 -4.1457582e-02
  7.6503587e-01
 -8.7792603e-03
  2.1513048e-01
 -1.3816558e-02
 -1.2459417e-03
 -6.0913647e-03
  4.9500680e-03
 -1.5042808e+00
  1.9997149e-03
  4.4849967e-03
  1.1631610e-02
 -2.6405392e-02
 -7.5791180e-02
 -3.7408891e-01
  3.8230056e-01
  1.5039766e-01
  1.4198132e-01
  2.9538479e-01
 -4.8568357e-02
  1.0213128e+00
  4.2373836e-03
 -6.4107566e-03
 -4.7471058e-01
 -7.6538211e-01
 -9.9046603e-02
  1.0412748e-02
  7.3978025e-04
  1.8891194e+00
 -9.8193936e-02
 -7.5232863e-01
  1.6574163e+00
 -5.7866599e-02
 -4.2045057e-01
 -1.9208924e-01
 -1.8491529e-01
  6.0800225e-01
  9.4953954e-04
 -9.0158787e-03
  1.2234402e-03
  1.6182046e-01
 -2.0916462e-01
  3.2633126e-03
  1.4898083e-03
  2.4835492e-02
  2.4717347e-01
 -7.1202433e-01
 -7.2875150e-02
  7.5805732e-03
 -3.6342323e-01
 -1.2672617e-01
  7.4584365e-01
  9.8545961e-02
  4.7887057e-02
 -1.7664093e-04
 -3.0739240e-03
 -2.8267983e-01
 -3.7675881e-01
 -1.4938745e+00
 -2.9371036e-03
  1.2050198e-01
 -8.3213592e-01
 -8.5773855e-01
 -5.1234674e-01
  9.5665711e-01
  8.4530739e-03
 -4.8187841e-03
  3.2153304e-04
 -6.6045456e-02
 -1.3550305e-03
 -4.4905613e-03
 -3.7478867e-03
 -1.3705206e-03
 -2.4032822e-02
 -8.9972753e-05
 -5.8888306e-04
  1.6736743e-04
 -1.7177656e+00
  2.0548780e-02
  4.0554874e-02
 -7.1909525e-03
  1.5774742e-02
 -7.9664374e-03
  4.0005392e-01
  1.8618494e-02
  8.1805931e-03
 -4.8368769e-03
 -3.3358682e-03
  6.7775225e-04
 -5.7328261e-02
 -2.4919448e+00
  1.0602389e-01
  4.2023340e-01
 -6.6629420e-03
 -3.8808662e-01
 -1.7094195e-01
  1.7736107e+00
  1.8895221e-01
  8.7523218e-03
  4.3115175e-01
 -1.1015575e-01
  8.3958154e-04
 -3.9200254e-02
 -6.0231909e-03
 -4.7505674e-01
 -5.1991284e-01
 -7.1312612e-01
 -1.6328561e-03
  3.7780228e-01
  1.0807275e+00
  2.1481202e+00
 -1.1142365e+00
  6.0152406e-01
 -6.9184840e-05
 -1.6747458e-01
  8.0148876e-03
 -6.1057729e-01
  1.2798141e-03
  1.6673141e-03
  6.5427000e-04
 -1.7908263e-03
  4.2923889e-01
 -2.6747143e-02
 -1.1216234e-04
  8.9295991e-03
  2.1174058e-01
  3.5667348e-01
  1.0983515e-01
 -4.1827089e-01
  5.4592681e-01
 -1.0437514e-02
  4.8922342e-01
  5.3809495e-03
 -1.1625738e-02
 -8.1098435e-04
  1.1774121e-04
  9.7502675e-04
  4.6913809e-01
 -1.9757770e+00
 -9.6529775e-04
  2.6911053e-01
  4.4894826e-01
 -1.1251960e+00
 -8.3866960e-01
 -2.4428567e-01
  2.3182569e-01
 -3.9510378e-03
  6.5953338e-01
 -3.3792719e-01
  6.8086870e-02
  5.1125367e-03
  2.1525172e-03
 -5.2879256e-01
 -4.0943575e-01
  4.3526893e-03
 -1.9075514e-03
  1.2725445e+00
 -1.1294505e-01
  1.6700733e-01
  9.3681753e-01
  1.3665944e+00
 -8.8700336e-01
  1.4103751e-03
  3.4705762e-02
  5.7921541e-01
 -6.1100246e-03
 -1.2825945e-02
  1.8519427e-03
  1.7051828e-01
  3.1189030e-01
 -1.7773992e+00
  2.5608886e-03
  1.8047133e-01
 -2.5686738e-01
  2.0576356e-01
 -1.6492202e+00
 -9.8760861e-01
 -2.4328578e-01
 -3.2311708e-02
  9.3007499e-01
  9.6317396e-02
  2.1151340e+00
 -4.0361460e-04
 -6.4059225e-04
 -5.8660769e-01
 -3.3592027e-01
 -1.2883645e-01
 -3.6964053e-04
  7.3227739e-01
 -3.4859544e-01
 -3.4778316e-02
 -4.8181781e-01
 -3.8609086e-03
  3.8539937e-01
 -4.6666744e-03
 -3.1604967e-01
 -3.4403601e-01
  1.1443933e+00
  4.6990035e-04
  4.5084069e-04
 -5.9476447e-01
 -1.0321273e-01
  8.5557467e-01
 -3.6831552e-04
 -5.0826120e-01
 -2.9381272e-01
  2.1030777e+00
 -5.4026723e-01
 -1.6477598e-01
 -1.2392482e-03
 -1.2531106e-03
  1.5261648e-03
  4.9059545e-03
  5.9182663e-03
  3.6098503e-03
 -1.7941442e-03
 -3.0837997e-03
 -6.9929921e-04
  3.9267307e-03
  3.0773145e-04
 -9.8019731e-01
  6.3555323e-02
  1.8534145e+00
  9.4495989e-02
 -1.5077834e-02
  6.8437314e-04
 -1.7509721e-02
 -9.4525956e-02
 -3.3792987e-01
  1.1504672e+00
 -9.1436304e-02
 -2.8346977e-03
 -7.8927010e-01
  6.0146075e-02
  7.2751868e-01
 -2.6608680e-03
  6.7170668e-01
 -2.1671031e-01
 -7.6570946e-01
  8.0246407e-01
  1.2287369e+00
 -6.6737306e-01
 -2.3716891e-03
 -1.6039374e-03
 -1.7447096e-01
  4.1841483e-03
  3.5662337e-03
  3.1727466e-01
 -4.4272244e-02
 -1.0255970e+00
  1.1721239e-03
  1.5200600e-03
 -1.2114173e+00
  6.0402888e-01
 -8.1435907e-01
  8.5622746e-01
 -1.4343243e+00
 -2.4397178e-01
 -4.5704353e-03
 -6.5541989e-04
  1.6183639e-01
  5.3898847e-01
  5.3405212e-03
  1.1237632e-03
 -1.4384072e-01
  1.1494344e-01
  5.2469915e-01
  2.9958333e-03
 -9.7868180e-01
  5.3999400e-01
  4.2456308e-01
  1.9726874e+00
  1.3009144e-02
  9.2632815e-02
 -2.2951986e-01
 -1.4880371e-01
 -1.1201893e+00
  9.8811686e-02
 -8.7851560e-04
  4.3860522e-01
 -2.3126214e+00
  9.4100082e-01
 -3.1800580e-04
 -4.6746428e-03
  3.2363155e-01
  3.9590946e-01
 -6.7208514e-02
  3.3199593e-01
 -1.7261422e+00
 -3.6884159e-01
  1.7735179e-01
  1.0812791e-03
  6.8947196e-02
  2.1381225e-01
 -2.2028750e-03
  3.2629867e-03
 -3.3429858e-01
  6.5046823e-01
  4.0689775e-01
  1.9435997e-03
 -7.2367132e-01
  4.7171965e-02
  1.5260442e+00
  6.0524625e-01
 -8.0878846e-03
 -9.5456094e-01
 -3.8855383e-01
 -1.5115516e-01
 -3.7498108e-01
  2.7946773e-01
 -2.1707928e-03
 -1.8569592e-03
 -2.4238303e-01
  7.9752401e-02
  1.1409551e-02
 -2.7758984e-03
 -1.4468194e+00
 -5.6760117e-02
  1.7302178e+00
  2.4584739e+00
  9.3171030e-01
  1.9624947e-04
  1.4725017e-02
 -5.7988670e-03
 -6.5994966e-01
  1.3065366e-01
 -4.0125675e-03
  9.4227912e-03
 -3.8302937e-03
  2.7888623e-01
  5.4662138e-01
 -5.2395044e-03
 -2.0383237e-02
 -6.3505575e-02
 -1.6453578e-03
 -3.1800421e-03
  1.0088420e+00
 -5.7262975e-01
 -6.5278769e-01
 -2.2245028e+00
  2.0643079e+00
  2.8365923e-03
  4.5416147e-02
  4.9914190e-01
  1.3230233e-03
 -4.5330954e-01
  7.4182348e-03
 -4.1895164e-03
  9.7435445e-01
  8.8070321e-01
  4.2903405e-01
  9.8568827e-01
  7.6348633e-01
 -4.9553972e-01
 -9.6243499e-03
 -6.6176236e-02
 -1.7535616e-01
 -2.8374400e-03
  2.4629882e-04
 -1.7733579e-03
 -1.0990299e+00
 -5.0758235e-02
 -6.9093774e-03
 -2.5871918e-03
 -1.2403146e-03
  8.5763931e-01
 -4.4275724e-04
 -5.8413959e-01
 -2.8194727e-02
 -1.1210661e-01
  2.4648657e-02
  1.2476770e+00
  1.4037590e-01
 -6.0490996e-02
  1.3249448e-02
  5.7405901e-01
  6.2460536e-01
 -3.4897637e-01
 -4.5464674e-04
  1.4457122e-02
  6.7216760e-01
 -1.9173592e-01
  5.1670387e-02
 -2.3458900e+00
 -1.6945659e+00
 -1.6132994e+00
 -6.6448104e-01
 -9.9353820e-01
 -1.0908637e+00
  4.4987920e-01
 -4.9625395e-04
  2.6631260e-02
 -2.2400284e+00
 -1.4533343e+00
  1.3511392e-03
 -7.5210875e-04
  2.5131780e-01
 -3.5677910e-01
 -5.5368185e-01
 -3.2359490e-01
 -5.9721684e-01
 -4.5856214e-03
  1.6214405e-01
  3.6851385e-01
  2.7878746e-01
 -4.6735093e-02
  1.7344370e-02
  1.7725857e-05
  3.1569463e-04
 -5.0762147e-01
 -2.3855297e-03
 -5.6093727e-04
 -7.1439698e-02
 -5.7696640e-01
 -1.9690061e-01
  1.6384648e-01
  8.0081350e-01
  4.4390696e-01
 -1.4321284e-01
 -7.0261657e-01
  2.0494717e-04
  1.0084682e-02
 -4.5672432e-04
  3.8840577e-01
  9.6084607e-01
 -7.8435384e-02
 -1.8195004e-03
  4.2594001e-03
  1.7496084e+00
 -2.2468512e-01
  3.0268443e-01
  8.7280941e-01
 -9.3288797e-01
  2.8886402e-01
 -1.3050335e-02
 -9.8209894e-01
  1.7979832e-01
  1.6794819e-03
  4.2624842e-02
 -1.1972770e-03
 -1.0226080e+00
 -9.4470382e-01
 -1.0988611e-03
 -2.8161823e-03
 -7.9926066e-03
 -1.9103658e-01
  8.9682633e-01
  2.6278331e+00
 -9.0715742e-01
 -5.5747408e-02
  1.2826274e-01
  3.3983740e-01
 -1.3828845e-01
  1.2902151e-01
 -3.4014706e-03
  6.0514987e-01
 -9.1506881e-01
 -3.6006978e-01
  1.1100978e-01
 -1.4786322e-03
 -2.0504873e-01
 -3.7561800e-02
 -1.5611981e-01
  4.2386302e-01
  4.7249398e-01
  3.2436788e-01
 -4.8334569e-01
  2.5697079e-01
  3.4206325e-01
 -8.5425504e-02
  1.5785947e-02
  4.5705331e-03
 -1.0137947e-01
  6.7172319e-01
  7.0446508e-04
 -8.4175047e-04
 -1.8428985e-02
 -5.4873634e-02
 -3.5401982e-01
 -2.5376687e-02
  4.0303585e-01
  4.6828941e-02
  4.6828941e-02
  4.6828941e-02
  4.6828941e-02
  4.6828941e-02
  1.8111283e-01
  1.8111283e-01
  1.8111283e-01
  1.8111283e-01
  1.8111283e-01
  1.0176244e-01
  1.0176244e-01
  1.0176244e-01
  1.0176244e-01
  1.0176244e-01
  4.8288696e-02
  4.8288696e-02
  4.8288696e-02
  4.8288696e-02
  4.8288696e-02
  1.6191415e-02
  1.6191415e-02
  1.6191415e-02
  1.6191415e-02
  1.6191415e-02
  1.3101543e-01
  1.3101543e-01
  1.3101543e-01
  1.3101543e-01
  1.3101543e-01
