Distance (Å)  Energy (eV)  Force (eV/Å)
0.10 0.999781 3.534190
0.11 0.967171 3.009041
0.12 0.939216 2.599254
0.13 0.914878 2.282092
0.14 0.893328 2.038810
0.15 0.873907 1.853989
0.16 0.856096 1.714974
0.17 0.839490 1.611406
0.18 0.823778 1.534834
0.19 0.808726 1.478383
0.20 0.794162 1.436492
0.21 0.779963 1.404679
0.22 0.766047 1.379366
0.23 0.752363 1.357711
0.24 0.738888 1.337490
0.25 0.725615 1.316979
0.26 0.712554 1.294872
0.27 0.699726 1.270199
0.28 0.687161 1.242267
0.29 0.674893 1.210607
0.30 0.662962 1.174927
0.31 0.651408 1.135076
0.32 0.640274 1.091016
0.33 0.629602 1.042792
0.34 0.619432 0.990512
0.35 0.609805 0.934329
0.36 0.600758 0.874428
0.37 0.592328 0.811011
0.38 0.584549 0.744290
0.39 0.577452 0.674477
0.40 0.571069 0.601781
0.41 0.565426 0.526400
0.42 0.560549 0.448522
0.43 0.556463 0.368319
0.44 0.553190 0.285949
0.45 0.550751 0.201553
0.46 0.549165 0.115259
0.47 0.548451 0.027180
0.48 0.548627 -0.062583
0.49 0.549708 -0.153938
0.50 0.551711 -0.246803
0.51 0.554649 -0.341101
0.52 0.558537 -0.436756
0.53 0.563389 -0.533695
0.54 0.569215 -0.631841
0.55 0.576029 -0.731113
0.56 0.583841 -0.831421
0.57 0.592661 -0.932667
0.58 0.602497 -1.034740
0.59 0.613358 -1.137516
0.60 0.625249 -1.240856
0.61 0.638176 -1.344602
0.62 0.652142 -1.448582
0.63 0.667148 -1.552603
0.64 0.683194 -1.656455
0.65 0.700276 -1.759908
0.66 0.718390 -1.862715
0.67 0.737527 -1.964610
0.68 0.757678 -2.065311
0.69 0.778828 -2.164520
0.70 0.800962 -2.261926
0.71 0.824060 -2.357203
0.72 0.848098 -2.450016
0.73 0.873051 -2.540022
0.74 0.898888 -2.626872
0.75 0.925577 -2.710211
0.76 0.953079 -2.789685
0.77 0.981356 -2.864943
0.78 1.010363 -2.935634
0.79 1.040053 -3.001417
0.80 1.070374 -3.061962
0.81 1.101273 -3.116947
0.82 1.132693 -3.166070
0.83 1.164574 -3.209044
0.84 1.196853 -3.245603
0.85 1.229464 -3.275502
0.86 1.262340 -3.298523
0.87 1.295411 -3.314473
0.88 1.328605 -3.323187
0.89 1.361850 -3.324531
0.90 1.395071 -3.318401
0.91 1.428193 -3.304725
0.92 1.461140 -3.283462
0.93 1.493837 -3.254608
0.94 1.526207 -3.218187
0.95 1.558176 -3.174261
0.96 1.589668 -3.122920
0.97 1.620610 -3.064288
0.98 1.650930 -2.998520
0.99 1.680557 -2.925801
1.00 1.709423 -2.846344
1.01 1.737462 -2.760388
1.02 1.764610 -2.668199
1.03 1.790806 -2.570064
1.04 1.815993 -2.466294
1.05 1.840114 -2.357217
1.06 1.863120 -2.243179
1.07 1.884963 -2.124542
1.08 1.905597 -2.001678
1.09 1.924984 -1.874973
1.10 1.943085 -1.744819
1.11 1.959870 -1.611614
1.12 1.975309 -1.475763
1.13 1.989377 -1.337669
1.14 2.002056 -1.197738
1.15 2.013327 -1.056373
1.16 2.023180 -0.913974
1.17 2.031605 -0.770934
1.18 2.038598 -0.627643
1.19 2.044158 -0.484478
1.20 2.048289 -0.341808
1.21 2.050997 -0.199994
1.22 2.052293 -0.059380
1.23 2.052190 0.079701
1.24 2.050705 0.216930
1.25 2.047858 0.352002
1.26 2.043673 0.484630
1.27 2.038175 0.614543
1.28 2.031392 0.741486
1.29 2.023356 0.865222
1.30 2.014099 0.985531
1.31 2.003657 1.102212
1.32 1.992068 1.215082
1.33 1.979369 1.323976
1.34 1.965602 1.428747
1.35 1.950808 1.529269
1.36 1.935031 1.625429
1.37 1.918314 1.717138
1.38 1.900703 1.804318
1.39 1.882243 1.886915
1.40 1.862980 1.964886
1.41 1.842961 2.038209
1.42 1.822232 2.106874
1.43 1.800839 2.170889
1.44 1.778829 2.230274
1.45 1.756249 2.285066
1.46 1.733143 2.335312
1.47 1.709558 2.381073
1.48 1.685537 2.422422
1.49 1.661124 2.459440
1.50 1.636362 2.492222
1.51 1.611293 2.520868
1.52 1.585958 2.545489
1.53 1.560396 2.566203
1.54 1.534646 2.583132
1.55 1.508746 2.596407
1.56 1.482730 2.606162
1.57 1.456634 2.612535
1.58 1.430490 2.615667
1.59 1.404331 2.615703
1.60 1.378186 2.612788
1.61 1.352084 2.607069
1.62 1.326053 2.598692
1.63 1.300119 2.587805
1.64 1.274305 2.574554
1.65 1.248635 2.559083
1.66 1.223130 2.541534
1.67 1.197811 2.522049
1.68 1.172696 2.500764
1.69 1.147801 2.477814
1.70 1.123144 2.453329
1.71 1.098739 2.427438
1.72 1.074600 2.400262
1.73 1.050738 2.371921
1.74 1.027165 2.342530
1.75 1.003891 2.312197
1.76 0.980924 2.281028
1.77 0.958272 2.249124
1.78 0.935943 2.216579
1.79 0.913943 2.183486
1.80 0.892275 2.149929
1.81 0.870945 2.115990
1.82 0.849956 2.081745
1.83 0.829311 2.047266
1.84 0.809012 2.012620
1.85 0.789059 1.977870
1.86 0.769454 1.943074
1.87 0.750198 1.908285
1.88 0.731289 1.873555
1.89 0.712726 1.838928
1.90 0.694510 1.804448
1.91 0.676637 1.770152
1.92 0.659106 1.736077
1.93 0.641914 1.702253
1.94 0.625060 1.668709
1.95 0.608539 1.635472
1.96 0.592349 1.602564
1.97 0.576487 1.570005
1.98 0.560948 1.537813
1.99 0.545729 1.506005
2.00 0.530826 1.474592
2.01 0.516236 1.443588
2.02 0.501953 1.413001
2.03 0.487975 1.382839
2.04 0.474295 1.353109
2.05 0.460911 1.323816
2.06 0.447817 1.294963
2.07 0.435010 1.266553
2.08 0.422485 1.238587
2.09 0.410237 1.211066
2.10 0.398262 1.183990
2.11 0.386556 1.157357
2.12 0.375113 1.131165
2.13 0.363931 1.105412
2.14 0.353004 1.080096
2.15 0.342328 1.055212
2.16 0.331898 1.030758
2.17 0.321711 1.006728
2.18 0.311762 0.983119
2.19 0.302047 0.959927
2.20 0.292562 0.937145
2.21 0.283303 0.914771
2.22 0.274265 0.892797
2.23 0.265446 0.871220
2.24 0.256840 0.850034
2.25 0.248444 0.829234
2.26 0.240254 0.808815
2.27 0.232266 0.788772
2.28 0.224477 0.769099
2.29 0.216883 0.749791
2.30 0.209480 0.730843
2.31 0.202265 0.712250
2.32 0.195234 0.694008
2.33 0.188384 0.676110
2.34 0.181711 0.658552
2.35 0.175211 0.641330
2.36 0.168883 0.624438
2.37 0.162722 0.607871
2.38 0.156724 0.591625
2.39 0.150888 0.575696
2.40 0.145209 0.560078
2.41 0.139685 0.544768
2.42 0.134313 0.529760
2.43 0.129089 0.515050
2.44 0.124011 0.500634
2.45 0.119076 0.486508
2.46 0.114280 0.472666
2.47 0.109621 0.459106
2.48 0.105097 0.445823
2.49 0.100704 0.432813
2.50 0.096440 0.420071
2.51 0.092302 0.407595
2.52 0.088287 0.395378
2.53 0.084393 0.383419
2.54 0.080618 0.371713
2.55 0.076958 0.360255
2.56 0.073412 0.349043
2.57 0.069976 0.338073
2.58 0.066650 0.327341
2.59 0.063429 0.316843
2.60 0.060312 0.306576
2.61 0.057297 0.296536
2.62 0.054380 0.286720
2.63 0.051561 0.277125
2.64 0.048837 0.267746
2.65 0.046206 0.258582
2.66 0.043665 0.249629
2.67 0.041213 0.240882
2.68 0.038847 0.232341
2.69 0.036565 0.224001
2.70 0.034366 0.215859
2.71 0.032247 0.207913
2.72 0.030207 0.200160
2.73 0.028243 0.192596
2.74 0.026354 0.185220
2.75 0.024538 0.178028
2.76 0.022793 0.171018
2.77 0.021117 0.164187
2.78 0.019509 0.157533
2.79 0.017966 0.151053
2.80 0.016487 0.144744
2.81 0.015071 0.138605
2.82 0.013715 0.132633
2.83 0.012418 0.126825
2.84 0.011178 0.121180
2.85 0.009993 0.115694
2.86 0.008863 0.110366
2.87 0.007786 0.105194
2.88 0.006759 0.100174
2.89 0.005782 0.095306
2.90 0.004852 0.090585
2.91 0.003969 0.086012
2.92 0.003132 0.081582
2.93 0.002337 0.077294
2.94 0.001585 0.073146
2.95 0.000874 0.069136
2.96 0.000202 0.065260
2.97 -0.000432 0.061518
2.98 -0.001029 0.057906
2.99 -0.001590 0.054422
3.00 -0.002118 0.051065
3.01 -0.002612 0.047831
3.02 -0.003075 0.044719
3.03 -0.003507 0.041726
3.04 -0.003910 0.038849
3.05 -0.004284 0.036087
3.06 -0.004632 0.033436
3.07 -0.004953 0.030895
3.08 -0.005250 0.028461
3.09 -0.005523 0.026132
3.10 -0.005773 0.023905
3.11 -0.006001 0.021777
3.12 -0.006209 0.019746
3.13 -0.006396 0.017809
3.14 -0.006565 0.015965
3.15 -0.006716 0.014210
3.16 -0.006850 0.012543
3.17 -0.006967 0.010959
3.18 -0.007069 0.009458
3.19 -0.007157 0.008036
3.20 -0.007230 0.006692
3.21 -0.007291 0.005421
3.22 -0.007339 0.004223
3.23 -0.007375 0.003095
3.24 -0.007401 0.002033
3.25 -0.007416 0.001037
3.26 -0.007422 0.000103
3.27 -0.007419 -0.000771
3.28 -0.007407 -0.001586
3.29 -0.007387 -0.002346
3.30 -0.007360 -0.003052
3.31 -0.007326 -0.003707
3.32 -0.007286 -0.004312
3.33 -0.007240 -0.004870
3.34 -0.007189 -0.005382
3.35 -0.007133 -0.005851
3.36 -0.007072 -0.006278
3.37 -0.007007 -0.006665
3.38 -0.006939 -0.007014
3.39 -0.006867 -0.007326
3.40 -0.006792 -0.007603
3.41 -0.006715 -0.007847
3.42 -0.006636 -0.008058
3.43 -0.006554 -0.008239
3.44 -0.006471 -0.008391
3.45 -0.006386 -0.008515
3.46 -0.006301 -0.008611
3.47 -0.006214 -0.008682
3.48 -0.006127 -0.008728
3.49 -0.006040 -0.008751
3.50 -0.005952 -0.008751
3.51 -0.005865 -0.008729
3.52 -0.005778 -0.008687
3.53 -0.005691 -0.008624
3.54 -0.005605 -0.008542
3.55 -0.005520 -0.008441
3.56 -0.005436 -0.008323
3.57 -0.005354 -0.008188
3.58 -0.005273 -0.008035
3.59 -0.005193 -0.007867
3.60 -0.005115 -0.007684
3.61 -0.005040 -0.007486
3.62 -0.004966 -0.007273
3.63 -0.004894 -0.007047
3.64 -0.004825 -0.006808
3.65 -0.004758 -0.006556
3.66 -0.004694 -0.006292
3.67 -0.004632 -0.006017
3.68 -0.004573 -0.005730
3.69 -0.004518 -0.005433
3.70 -0.004465 -0.005127
3.71 -0.004415 -0.004810
3.72 -0.004369 -0.004486
3.73 -0.004325 -0.004153
3.74 -0.004286 -0.003812
3.75 -0.004249 -0.003465
3.76 -0.004216 -0.003112
3.77 -0.004187 -0.002754
3.78 -0.004161 -0.002391
3.79 -0.004139 -0.002024
3.80 -0.004121 -0.001654
3.81 -0.004106 -0.001282
3.82 -0.004095 -0.000909
3.83 -0.004088 -0.000535
3.84 -0.004084 -0.000163
3.85 -0.004085 0.000209
3.86 -0.004089 0.000577
3.87 -0.004096 0.000942
3.88 -0.004107 0.001302
3.89 -0.004122 0.001657
3.90 -0.004141 0.002004
3.91 -0.004162 0.002344
3.92 -0.004187 0.002674
3.93 -0.004216 0.002994
3.94 -0.004247 0.003303
3.95 -0.004282 0.003599
3.96 -0.004319 0.003881
3.97 -0.004359 0.004149
3.98 -0.004402 0.004401
3.99 -0.004447 0.004635
4.00 -0.004495 0.004851
4.01 -0.004544 0.005048
4.02 -0.004596 0.005226
4.03 -0.004649 0.005385
4.04 -0.004703 0.005525
4.05 -0.004759 0.005647
4.06 -0.004816 0.005750
4.07 -0.004874 0.005836
4.08 -0.004933 0.005904
4.09 -0.004992 0.005955
4.10 -0.005052 0.005990
4.11 -0.005112 0.006007
4.12 -0.005172 0.006009
4.13 -0.005232 0.005995
4.14 -0.005292 0.005966
4.15 -0.005351 0.005921
4.16 -0.005410 0.005863
4.17 -0.005468 0.005790
4.18 -0.005526 0.005704
4.19 -0.005582 0.005605
4.20 -0.005638 0.005493
4.21 -0.005692 0.005369
4.22 -0.005745 0.005233
4.23 -0.005797 0.005086
4.24 -0.005847 0.004928
4.25 -0.005895 0.004760
4.26 -0.005942 0.004583
4.27 -0.005987 0.004396
4.28 -0.006030 0.004200
4.29 -0.006071 0.003996
4.30 -0.006110 0.003784
4.31 -0.006147 0.003565
4.32 -0.006181 0.003340
4.33 -0.006213 0.003107
4.34 -0.006243 0.002870
4.35 -0.006271 0.002626
4.36 -0.006296 0.002378
4.37 -0.006318 0.002126
4.38 -0.006338 0.001869
4.39 -0.006356 0.001610
4.40 -0.006371 0.001347
4.41 -0.006383 0.001081
4.42 -0.006392 0.000814
4.43 -0.006399 0.000545
4.44 -0.006403 0.000274
4.45 -0.006404 0.000003
4.46 -0.006403 -0.000268
4.47 -0.006399 -0.000540
4.48 -0.006392 -0.000811
4.49 -0.006383 -0.001081
4.50 -0.006371 -0.001351
4.51 -0.006356 -0.001618
4.52 -0.006338 -0.001884
4.53 -0.006318 -0.002148
4.54 -0.006295 -0.002409
4.55 -0.006270 -0.002667
4.56 -0.006242 -0.002921
4.57 -0.006212 -0.003173
4.58 -0.006179 -0.003420
4.59 -0.006143 -0.003664
4.60 -0.006105 -0.003903
4.61 -0.006065 -0.004137
4.62 -0.006023 -0.004367
4.63 -0.005978 -0.004591
4.64 -0.005931 -0.004810
4.65 -0.005882 -0.005024
4.66 -0.005830 -0.005232
4.67 -0.005777 -0.005434
4.68 -0.005722 -0.005629
4.69 -0.005664 -0.005819
4.70 -0.005605 -0.006002
4.71 -0.005544 -0.006178
4.72 -0.005482 -0.006348
4.73 -0.005418 -0.006511
4.74 -0.005352 -0.006667
4.75 -0.005284 -0.006816
4.76 -0.005215 -0.006958
4.77 -0.005145 -0.007092
4.78 -0.005074 -0.007220
4.79 -0.005001 -0.007340
4.80 -0.004927 -0.007452
4.81 -0.004852 -0.007558
4.82 -0.004776 -0.007655
4.83 -0.004699 -0.007746
4.84 -0.004621 -0.007829
4.85 -0.004542 -0.007904
4.86 -0.004463 -0.007973
4.87 -0.004383 -0.008033
4.88 -0.004302 -0.008087
4.89 -0.004221 -0.008133
4.90 -0.004139 -0.008172
4.91 -0.004058 -0.008204
4.92 -0.003975 -0.008229
4.93 -0.003893 -0.008246
4.94 -0.003810 -0.008257
4.95 -0.003728 -0.008261
4.96 -0.003645 -0.008258
4.97 -0.003563 -0.008249
4.98 -0.003480 -0.008233
4.99 -0.003398 -0.008211
5.00 -0.003316 -0.008183
5.01 -0.003234 -0.008148
5.02 -0.003153 -0.008108
5.03 -0.003072 -0.008062
5.04 -0.002992 -0.008010
5.05 -0.002912 -0.007952
5.06 -0.002833 -0.007890
5.07 -0.002754 -0.007822
5.08 -0.002676 -0.007749
5.09 -0.002599 -0.007671
5.10 -0.002523 -0.007589
5.11 -0.002448 -0.007503
5.12 -0.002373 -0.007412
5.13 -0.002299 -0.007317
5.14 -0.002227 -0.007218
5.15 -0.002155 -0.007115
5.16 -0.002084 -0.007009
5.17 -0.002015 -0.006900
5.18 -0.001946 -0.006787
5.19 -0.001879 -0.006672
5.20 -0.001813 -0.006554
5.21 -0.001748 -0.006433
5.22 -0.001684 -0.006310
5.23 -0.001622 -0.006185
5.24 -0.001561 -0.006059
5.25 -0.001501 -0.005930
5.26 -0.001442 -0.005800
5.27 -0.001385 -0.005668
5.28 -0.001329 -0.005535
5.29 -0.001274 -0.005402
5.30 -0.001221 -0.005267
5.31 -0.001169 -0.005132
5.32 -0.001118 -0.004997
5.33 -0.001069 -0.004861
5.34 -0.001021 -0.004726
5.35 -0.000974 -0.004590
5.36 -0.000929 -0.004455
5.37 -0.000885 -0.004320
5.38 -0.000843 -0.004185
5.39 -0.000801 -0.004052
5.40 -0.000762 -0.003919
5.41 -0.000723 -0.003788
5.42 -0.000686 -0.003657
5.43 -0.000650 -0.003528
5.44 -0.000615 -0.003401
5.45 -0.000582 -0.003275
5.46 -0.000550 -0.003150
5.47 -0.000519 -0.003028
5.48 -0.000489 -0.002907
5.49 -0.000461 -0.002789
5.50 -0.000433 -0.002672
5.51 -0.000407 -0.002558
5.52 -0.000382 -0.002446
5.53 -0.000358 -0.002337
5.54 -0.000335 -0.002230
5.55 -0.000314 -0.002125
5.56 -0.000293 -0.002023
5.57 -0.000273 -0.001924
5.58 -0.000254 -0.001827
5.59 -0.000237 -0.001734
5.60 -0.000220 -0.001643
5.61 -0.000204 -0.001554
5.62 -0.000189 -0.001469
5.63 -0.000174 -0.001386
5.64 -0.000161 -0.001307
5.65 -0.000148 -0.001230
5.66 -0.000136 -0.001156
5.67 -0.000125 -0.001085
5.68 -0.000115 -0.001017
5.69 -0.000105 -0.000951
5.70 -0.000096 -0.000889
5.71 -0.000087 -0.000829
5.72 -0.000079 -0.000772
5.73 -0.000072 -0.000717
5.74 -0.000065 -0.000666
5.75 -0.000058 -0.000617
5.76 -0.000052 -0.000570
5.77 -0.000047 -0.000526
5.78 -0.000042 -0.000484
5.79 -0.000037 -0.000445
5.80 -0.000033 -0.000408
5.81 -0.000029 -0.000373
5.82 -0.000025 -0.000341
5.83 -0.000022 -0.000310
5.84 -0.000019 -0.000281
5.85 -0.000017 -0.000255
5.86 -0.000014 -0.000229
5.87 -0.000012 -0.000206
5.88 -0.000010 -0.000184
5.89 -0.000008 -0.000164
5.90 -0.000007 -0.000144
5.91 -0.000005 -0.000127
5.92 -0.000004 -0.000110
5.93 -0.000003 -0.000094
5.94 -0.000002 -0.000079
5.95 -0.000002 -0.000065
5.96 -0.000001 -0.000051
5.97 -0.000001 -0.000038
5.98 -0.000000 -0.000025
5.99 -0.000000 -0.000012
6.00 0.000000 -0.000000
