nep4 4 Li La Zr O 
cutoff 6 4 95 30
n_max 4 4
basis_size 8 8
l_max 4 2 0
ANN 30 0
  1.8589394e-01
  6.0741813e-03
  1.6760362e-03
  1.3314262e-01
  2.3957858e-02
  4.4795345e-03
 -6.6470820e-04
 -2.7482873e-03
  3.3225858e-04
  1.4454402e-03
  2.6814703e-02
  5.6178689e-02
 -4.3557864e-03
 -1.8907686e-01
  7.1708332e-03
  3.5139234e-03
  2.2587329e-03
 -6.8605943e-03
 -3.2767761e-03
  2.5292354e-02
  2.5389059e-02
  6.3368147e-03
  1.6553876e-03
  4.6698186e-03
  8.3114825e-02
 -6.2965304e-02
  1.4440909e-03
 -3.6678971e-03
  1.1130282e-02
 -9.1557754e-03
  3.9573215e-02
 -5.7763862e-04
  1.6526657e-01
 -1.0623474e+00
  1.0338624e+00
  2.1467423e-01
 -8.0112303e-03
  1.6048891e-02
  5.6167063e-03
  2.8025906e-03
  8.1424668e-02
  2.5531366e-03
  3.9437916e-02
  5.6765848e-03
  3.9090648e-02
 -4.3326789e-05
 -7.0728306e-03
  3.4584922e-03
 -2.6738755e-02
  5.8428338e-04
  1.0868743e-01
 -3.0610289e-03
  6.6294651e-03
  1.0722012e-02
  1.0655203e-01
 -5.5745915e-03
 -5.4278273e-02
  1.0310319e-02
 -3.5901014e-03
 -4.1165994e-04
 -4.7265003e-03
 -2.0667694e-03
 -6.7213236e-04
 -1.7843708e-02
 -1.3432294e-02
 -8.1313085e-03
  6.3718762e-03
  7.8486279e-03
  1.9826943e-03
  1.8448737e-02
 -1.4867467e-03
  7.7219121e-03
  4.4892281e-03
  2.0515257e-03
 -1.0706929e-03
  7.2706244e-03
 -1.9422886e-03
 -2.4633005e-03
  9.6766554e-02
  8.4980484e-04
 -2.9306805e-02
 -2.3423329e-03
 -2.9596044e-03
 -2.5836653e-03
 -2.6357395e-03
 -2.8282000e-02
 -1.2768094e-02
  1.7337349e-03
 -1.1173071e-02
  5.8372291e-03
  2.5921555e-02
  1.0854676e-03
 -1.3840963e-02
  8.0289235e-03
 -4.3311471e-01
  3.1307572e-03
  6.0933544e-03
 -9.0305042e-03
  1.3515749e-03
 -3.5473453e-03
 -5.0330451e-03
  2.9047913e-04
 -7.4176276e-03
 -7.8296043e-02
  2.1244548e-02
  6.9893734e-03
 -2.8287273e-04
  1.8190823e-02
  1.6120449e-02
 -6.8263146e-03
 -7.4649061e-04
 -3.4205895e-03
 -1.9258573e-03
 -1.8040878e-03
  1.1888852e-04
 -4.8216619e-03
  1.8521285e-03
  6.7958022e-03
  1.6694413e-02
  1.2461090e-03
  2.3589084e-01
 -3.1208131e-03
 -1.0476300e-02
  4.7708931e-04
  1.8935550e-03
  1.4898289e-02
 -1.8228043e-02
  2.6474851e-03
  3.1798985e-02
  1.1522728e-02
  4.5922524e-03
 -1.7273361e-03
 -1.3877287e-02
  2.0961522e-03
  1.5894722e-02
  4.8311076e-01
  3.9662764e-04
  7.9587838e-03
 -1.0677037e-02
  2.6100956e-02
  2.9284885e-02
 -6.9015622e-03
  1.7201350e-03
 -2.8533451e-03
  1.2262514e-02
 -2.1161130e-01
  2.2185291e-03
  5.0044729e-04
  5.7823677e-03
 -4.0987609e-03
 -1.9232272e-03
 -1.5818410e-02
  9.6697144e-02
  9.5240466e-02
  6.9921481e-04
 -2.7279553e-03
 -1.2859746e-02
 -1.1039097e-02
  4.7335477e-04
  6.3998192e-03
  3.9165537e-03
  4.7336211e-03
  1.0079653e-03
 -5.3878897e-03
  1.8666208e-02
  1.3534083e-03
  4.5131822e-03
 -4.1653300e-03
 -1.0394857e-03
 -6.9750655e-03
 -2.0287570e-03
  6.2527149e-03
 -2.1188557e-03
  2.1571384e-03
 -5.6680394e-03
 -6.0934527e-03
  2.5792208e-03
 -5.5289362e-03
  4.9305609e-03
  3.4116232e-03
 -5.2422303e-01
 -1.3199202e-02
  7.7075295e-02
 -1.2596656e-01
 -8.2084352e-01
 -3.8086399e-02
  8.1604645e-03
 -3.3582124e-01
  2.5530216e-01
 -7.6141611e-02
 -3.1733885e-01
 -2.8567340e-02
  2.5422685e-03
  7.5789182e-03
 -6.8987250e-01
  1.6231809e-02
 -3.0422954e-02
 -9.1407903e-02
 -1.1525371e-02
 -3.3151537e-02
 -1.8949175e-01
 -2.4555581e-02
  1.6108111e-03
  3.6222637e-01
 -8.0255255e-02
 -5.3417242e-01
 -1.2310513e-02
 -1.3455056e-02
 -2.7681552e-03
  7.9970891e-03
 -9.9368265e-04
 -3.1164193e-03
  8.9384997e-03
  3.3308766e-03
  1.6415171e-02
  8.3851861e-03
  4.4657964e-01
 -1.5940377e-03
  2.8172857e-04
 -6.3916016e-03
 -4.6097510e-04
 -9.3590152e-03
  4.4823717e-03
 -1.6695439e-03
  3.9147227e-03
 -8.7799551e-03
  1.3489027e-02
 -9.6891820e-03
  9.1471737e-03
  3.1914595e-03
 -6.3616084e-04
  1.0437416e-03
 -1.3284516e-02
 -4.1436399e-03
 -6.5624148e-01
  2.1418296e-04
 -3.3377993e-04
 -5.5004503e-03
  1.0762695e-03
  1.6262429e-02
 -4.4414990e-02
  8.1676375e-03
  1.3244416e-01
 -5.3236266e-03
 -7.0982748e-03
 -6.1912886e-03
  2.2395854e-03
  9.0976376e-03
 -5.1326579e-03
  1.4192807e-02
  1.6745269e-02
 -2.2120943e-02
 -6.9419440e-04
 -3.3196167e-03
 -2.0769160e-02
  5.3310902e-03
 -3.6634195e-03
  5.7381592e-03
 -3.4786845e-03
  4.8997211e-03
 -1.8433830e-03
  3.4017351e-03
 -1.2293662e-01
  3.6771486e-03
 -6.6084377e-02
  1.4339505e-02
  1.5452064e-02
 -2.3812125e-03
  1.5421620e-02
 -2.3731515e-03
  1.6667418e-02
  2.2830401e-02
 -2.2202858e-01
 -2.7864072e-01
 -6.2317066e-03
  5.9098393e-02
 -1.6971575e-03
  4.8773359e-03
  5.5297413e-03
  3.7994080e-03
  2.4116477e-03
  7.9673892e-03
  8.0260849e-03
  2.5302095e-03
 -4.0953769e-03
  2.8158734e-02
  3.0495366e-03
 -3.5643677e-04
 -3.8887465e-03
  1.0221999e-03
  1.7193021e-03
 -8.4643078e-04
 -7.0910510e-03
 -8.1653884e-03
 -2.9689327e-03
 -1.1779284e-02
  8.4850360e-03
 -4.3672224e-04
  5.6917489e-02
  4.4107195e-03
  3.1375871e-03
  1.6655425e-03
  1.3805941e-05
 -2.5595708e-03
  3.8715758e-04
 -3.6257142e-03
  6.6114967e-03
  9.9612959e-03
 -2.1679590e-03
 -6.2931599e-03
 -2.0473402e-02
 -5.7440447e-03
 -4.3846772e-04
 -7.7422820e-03
  1.2627412e-01
  3.0615124e-01
 -4.0843813e-03
  1.0604449e-02
 -3.5040749e-03
  1.7822005e-03
 -1.9240813e+00
 -2.2926212e-03
 -1.0046148e-04
  2.9267754e-02
  2.7877366e-04
  7.2546949e-04
 -1.0697383e-02
 -2.8966386e-03
 -2.1541845e-03
  4.1865488e-03
 -3.2211994e-04
  2.8255610e-03
 -7.1178657e-01
  2.1220383e-01
  9.3236679e-01
  5.6196270e-03
  1.3571201e-03
 -9.5754368e-03
 -2.1616139e-02
  4.5242258e-03
  2.5274053e-02
  6.9456203e-03
  1.3295019e-01
  8.8803973e-03
  6.3526891e-03
 -5.5399153e-04
  3.3415155e-03
  9.1222730e-03
  4.5590899e-03
 -1.5242876e-02
  1.8231036e-03
 -7.4830069e-03
 -4.5566827e-01
 -3.4141627e-03
  2.2120738e-02
 -3.1439088e-02
  6.4194825e-04
 -5.0975634e-03
  3.7715668e-03
 -6.8679616e-02
 -2.4642564e-02
 -8.4676603e-03
  1.3243701e-01
  1.6251165e-01
  3.6299175e-01
 -4.8921499e-03
 -4.6371566e-03
 -3.9493060e-03
 -2.2026729e-03
 -9.0688625e-03
 -1.2642602e-03
  2.8603175e-03
 -2.1762431e-03
 -5.7281647e-03
 -1.6945280e-02
 -6.6349325e-03
  4.2814678e-03
 -2.0495630e-03
 -1.2027641e-02
 -1.3243603e-02
 -2.6628083e-01
 -1.7954430e-02
  1.8672298e-03
  8.1676096e-03
 -4.2259125e-03
 -1.7305050e+00
 -2.1790813e-03
 -5.7018752e-04
  8.4836818e-02
 -4.8370361e-03
  1.7080437e-02
  8.3448598e-03
 -1.9629230e-03
 -5.3397040e-03
 -6.9501065e-03
 -6.4337440e-04
 -2.0610506e-04
  6.6797790e-04
 -1.5108169e-03
  2.5100081e-04
 -1.5835976e-02
 -2.2088704e-03
  1.5185021e-03
 -4.6302058e-04
 -6.3271108e-03
  6.3765468e-04
 -2.1224781e-03
 -1.0233658e-03
 -2.5568325e-03
  1.6574487e-02
 -9.9132105e-04
  2.7801313e-02
 -1.3504322e-02
  1.2043905e-02
 -8.9091627e-04
  9.2377299e-03
  6.1403611e-03
 -1.4883576e-01
  7.2251540e-03
 -7.6680123e-03
  1.0628798e-03
 -9.6202455e-03
  5.0241564e-04
 -6.7202011e-03
  1.3469617e-03
 -6.4790249e-03
 -1.1371531e-03
 -1.5857864e-02
 -8.6460812e-03
  7.6243345e-04
  4.6311426e-03
 -8.3660455e-03
 -1.9391447e-03
 -4.2633731e-03
 -7.8909267e-03
 -9.9329092e-03
 -1.1573619e-02
 -2.3433429e-04
  9.7785834e-03
 -8.0847852e-03
 -3.4806419e-03
 -1.9423245e-03
  1.4855651e-03
 -3.9594308e-03
 -2.1495617e-03
  4.6329182e-03
  9.0314512e-04
 -2.0819524e-02
  2.7716078e-03
  3.6992538e-03
 -1.0584707e+00
 -2.8957510e-01
  6.2924586e-02
  2.4147666e-01
  1.1159005e+00
 -1.2198707e-01
  1.0470945e-02
  1.7090721e-01
 -4.0806215e-02
 -9.8581359e-02
 -1.6216454e-01
 -1.9743301e-01
  7.7154249e-02
  1.2001814e-03
 -1.4817396e-01
 -1.0604038e-01
 -3.8934669e-03
 -3.7619677e-01
  2.4546534e-02
 -1.3600124e-01
 -4.6049437e-01
 -1.0681320e-04
 -2.1559414e-01
  3.8187265e-02
 -1.9544476e-01
  2.0389241e-01
  2.6061023e-03
  1.4056370e-02
 -1.1091446e-02
  1.4764023e-02
  9.5935203e-03
  2.8550902e-03
 -6.0591263e-01
 -2.2002351e-01
  9.6610449e-03
 -5.5628559e-03
  1.6748513e-03
  5.9729065e-03
  8.5394895e-03
 -1.6883061e-03
  4.2713685e-03
  9.0223243e-03
  1.2037525e-02
 -1.5673000e+00
 -4.2921663e-03
  8.8995718e-04
  1.0599308e-03
 -5.6216731e-03
  1.7263820e-04
 -7.2139390e-03
  1.3017697e-02
 -2.0092423e-03
  7.8358408e-04
  3.7927730e-03
  5.2055763e-03
 -1.2816158e-03
  1.9471437e-03
  1.5527665e-03
 -9.2031108e-03
 -6.9621056e-03
  9.7333038e-01
  5.5786680e-02
 -1.8661841e+00
 -5.3071105e-01
  7.0231229e-01
  9.0038963e-03
 -4.9343789e-03
 -3.3900440e-03
  2.3896457e-03
  4.5267381e-02
  3.7308085e-01
  3.6526093e-01
 -1.1046097e-01
 -9.1702268e-03
  2.8006139e-01
  3.4248120e-01
  1.5632093e-02
 -3.1055397e-01
 -3.0459167e-04
  5.8684325e-01
  6.0794681e-02
  1.0405947e-02
 -2.2327305e-01
 -7.6000825e-02
  1.0681992e+00
 -2.0606628e-01
 -5.3432226e-02
  1.2336596e-02
 -1.0676782e-02
 -4.8955157e-02
 -2.2683088e-03
 -3.9022914e-03
  2.9509792e-03
 -1.4578161e-03
  1.7602034e-02
  5.8876313e-03
  8.5246079e-03
  7.7336625e-04
  1.2279759e-03
  1.3345110e-02
  1.7809876e+00
 -5.4245056e-03
 -7.9304958e-03
 -2.3123745e-03
 -3.3596221e-03
  3.9637587e-03
  3.0069754e-03
 -6.4866715e-03
  1.6957535e-03
  1.3343547e-02
 -1.6075809e-02
 -1.5851761e+00
  7.2928336e-03
 -2.2939960e-03
  4.6519572e-03
 -3.5534026e-03
  3.0421133e-03
 -6.1159343e-03
 -3.5367426e-03
 -8.0953294e-04
 -1.9512928e-01
  1.6975919e-03
  2.7524089e-02
  1.7216180e-01
  1.6636921e-02
 -2.3924217e-03
  2.3464945e-03
  1.4612222e-03
 -4.8859469e-03
  1.7655842e-03
 -1.1072466e+00
 -2.7401613e-03
  8.4356666e-03
 -1.6181275e-02
  2.4469492e-03
 -1.7022218e-01
 -1.6768305e-03
 -4.3036651e-02
  7.2342221e-04
 -2.0401768e-02
 -9.0952814e-03
 -1.1446973e+00
  4.1356716e-02
  9.6179843e-03
 -2.5445926e-03
 -3.1427017e-03
  3.2342621e-03
 -8.5156498e-04
 -7.7521168e-03
 -1.8410749e-03
 -9.0085593e-04
 -7.2270180e-03
 -1.1473998e-02
 -2.4255514e-03
 -2.6682543e-04
 -2.7085543e-03
  1.3493268e-02
 -5.6028209e-04
 -1.8308491e-02
  9.8193332e-04
  3.5348691e-03
 -8.1170246e-04
 -6.2216731e-04
 -6.1230035e-03
 -4.6049280e-04
 -2.7467073e-03
  2.4852918e-03
 -9.3955938e-03
  1.8547675e-01
 -4.5695077e-03
 -1.9214527e-03
 -3.4373980e-03
  1.1856084e-02
 -1.5030254e-02
  1.1100049e-01
 -6.4032921e-03
 -2.0060148e-03
  8.5226381e-03
 -1.8836661e-03
 -6.0667247e-03
 -1.6660774e-01
 -2.7868077e-02
  1.6001674e-03
  8.2363077e-03
  1.3609517e-02
 -2.9963162e-02
  3.8436307e-03
  4.5151813e-03
  8.9548510e-03
 -8.5237576e-03
 -5.6493122e-02
 -1.6965758e-02
  1.5892573e-02
  1.4656901e-03
 -1.7893881e-03
 -1.4204034e-01
 -1.3846723e-02
  1.1226425e-02
 -6.0156188e-03
 -3.5806024e-03
 -4.1961517e-02
  5.1743507e-01
  1.0407292e-03
  1.3738613e-01
  2.7731818e-03
  4.4993761e-01
  7.9105802e-02
  1.8136111e-03
  1.1789926e-02
  1.4779352e-03
 -4.2834678e-03
  2.1372268e-02
 -7.9142861e-02
 -3.0812481e-01
 -1.4892770e-02
 -2.3200596e-03
  6.1300432e-04
  7.5468109e-03
  1.1809108e-02
  4.9544438e-03
 -5.8437167e-03
  5.0733350e-03
  3.9204667e-04
 -1.5978185e-02
 -2.5588840e-03
  1.5682599e-01
 -5.0265325e-04
  1.8982530e-02
 -1.0490420e-03
  1.5740048e-02
  5.0037198e-02
 -1.1225008e-02
  1.7730215e-04
 -2.6195988e-03
  1.8246315e-02
 -1.3303710e-02
 -1.6168259e-02
  2.0751469e-02
  1.4067914e-03
  1.1284137e-03
  2.9593584e-01
  8.4034344e-03
 -5.9533521e-04
  1.2871601e-01
 -3.0055603e-02
  1.3341759e-01
 -1.3173502e-03
 -6.8806130e-03
 -9.9327927e-03
  7.0833229e-02
  3.7784737e-06
  1.2739848e-02
  7.5212605e-02
 -3.2962240e-02
  3.3989074e-03
  6.8459660e-02
  8.6011976e-04
 -6.9286569e-04
 -1.0817097e-03
  8.7486029e-02
  8.2683012e-02
  4.4912117e-04
 -2.1643657e-02
 -4.2944554e-02
  1.6727399e-02
 -9.8184295e-02
  1.1734135e-02
 -5.4532187e-03
 -1.7527657e-03
 -3.7961910e-03
 -2.6566568e-03
  2.0510787e-03
  1.0993646e-01
  8.4760368e-01
 -9.4809692e-04
 -2.9247485e-02
 -1.8387405e-03
 -1.9318174e-03
  1.7648531e-02
 -2.9639662e-03
 -1.7918959e-04
 -4.0307269e-03
  5.5367790e-02
  3.8723356e-01
  1.8037357e-03
 -8.4417639e-03
  3.5194701e-03
 -2.2274896e-03
  3.8481150e-03
 -3.0332755e-03
 -6.5858826e-02
 -5.7403510e-03
 -5.3954679e-03
  1.8113409e-03
  4.5013474e-03
 -2.9257175e-03
  1.1152261e-04
  1.1259572e-02
 -3.1129263e-02
  3.3611283e-02
  2.5004037e-02
  3.1499144e-02
 -5.6830370e-01
  2.3836032e-01
  6.6496205e-01
  1.8733568e-01
 -2.1252649e-02
  3.4314469e-01
 -1.9127360e-01
  8.1560522e-01
  6.5484148e-01
  1.2748845e-01
 -5.4921168e-01
 -4.3057434e-02
  4.8965153e-01
  5.2886617e-01
  1.7046476e-02
 -1.1073734e+00
  1.1022565e-02
  5.3999156e-01
  2.1238063e-01
  2.6048191e-03
 -1.1319479e+00
 -5.3113282e-01
  1.5239789e-02
 -2.9099506e-01
  1.9300267e-02
 -2.5775030e-03
 -1.0765531e-03
  7.6435949e-04
 -9.0418327e-01
 -3.4138283e-01
  2.6949388e-01
  1.4196250e-01
 -2.3441802e-01
 -6.1106723e-02
  1.2978092e-02
  4.5923583e-02
  8.1732229e-04
 -4.6509523e-02
 -5.0966255e-03
 -5.1299918e-02
 -2.0724833e-04
  5.4685422e-03
 -8.5681558e-02
 -2.0984529e-01
  3.2073846e-03
  6.6559500e-01
 -6.2178178e-03
 -3.3950615e-01
 -1.5088315e-04
 -1.1053077e-02
  4.4917334e-02
  3.1641188e-01
 -1.1385559e-01
  3.0450392e-01
 -3.8037782e-03
 -2.4733869e-02
 -2.2979248e-03
  4.2318385e-03
  9.8838762e-04
  1.3555825e-02
  3.8297272e-03
 -1.0282049e+00
 -1.0536808e-03
  1.1047998e-02
 -2.8805430e-03
 -4.6046035e-04
 -2.2817382e-03
  1.0629705e-02
  2.5704368e-03
  6.6726156e-05
 -4.9011046e-03
  1.3727915e-02
 -1.7895540e-03
  1.7490776e-03
  1.0748793e-02
  7.6391164e-04
 -1.3030330e-03
  3.5342523e-03
 -1.6320914e-02
 -1.4813028e-01
 -1.5245567e-03
 -1.3647034e-02
  2.1318698e-04
  1.1718970e-02
  6.4430358e-03
 -6.4113103e-03
 -2.0783935e-03
 -1.7317476e-02
  1.6924668e-02
 -7.2016940e-03
  1.8542556e-03
 -3.5049203e-01
 -6.2402394e-03
  4.4835750e-03
  3.6298139e-03
 -1.5917387e-02
  1.5404956e-02
  2.9389537e-03
  1.6305713e-01
  7.3496574e-03
  4.2178128e-03
  9.3570706e-03
  1.9234065e-02
 -1.0851455e-03
  2.0281762e-02
 -1.0569866e-02
  4.8645955e-04
  1.6440330e-03
 -1.0185493e-02
 -1.5918098e-02
 -6.6391341e-03
 -5.4191118e-03
  2.8781558e-03
 -2.4005393e-02
  8.1367558e-03
  1.6601813e-03
  1.6203376e-02
  7.5751343e-03
  7.0741279e-03
  2.1661675e-02
 -3.5561576e-02
  2.6196799e-01
 -1.9554813e-01
  6.8348467e-01
 -1.5171154e-03
 -5.9672077e-03
 -2.3423515e-03
 -4.1645285e-04
  5.7259328e-03
  9.1383895e-03
  1.5119972e-02
 -2.1553377e-03
  7.0130872e-03
  4.9662404e-02
  2.1247890e-02
 -6.7353348e-04
  8.0405781e-03
 -1.6001041e-01
  7.0540202e-03
 -2.3039866e-03
 -1.7436087e-03
  1.8568379e-03
  4.0121921e-03
 -9.6564796e-03
 -1.9605297e-03
 -9.5764868e-04
  1.3741396e-03
  3.3135213e-02
  1.1752035e-02
  1.0218216e+00
 -1.3071911e-03
  1.1206289e-03
 -1.9790173e-02
 -1.2267485e+00
 -1.4540095e+00
  2.3317537e-03
 -8.7957870e-04
 -7.6061557e-03
 -1.8456641e-03
  2.1932516e-01
 -3.8650209e-01
 -6.3884951e-04
 -8.9838184e-02
  1.4905767e-01
  3.8844838e-03
  9.9749509e-03
 -4.7186619e-01
  1.3056035e-03
 -1.3466793e-02
 -8.0333464e-03
  8.3843316e-04
 -3.0969279e-02
  6.7519564e-03
  3.8895708e-01
 -2.2725338e-01
 -5.8273547e-03
 -5.5979802e-03
  2.2770911e-01
  2.2925773e-01
  9.6728110e-01
 -1.3482080e-02
  1.1485621e-01
  2.7109668e-01
 -6.7064312e-04
 -1.1212366e+00
 -3.4678336e-02
 -5.7767991e-02
  1.6420051e-01
 -6.5349072e-02
  9.5886581e-02
 -1.7562056e-01
  3.3609234e-04
  1.3555521e-03
 -4.9210864e-01
  1.0612898e-01
  3.9403254e-01
 -6.0980532e-02
 -1.7906162e-01
  3.5406358e-03
 -3.2590240e-01
  1.1648314e-01
  3.0899814e-01
 -1.8455876e-01
  8.5725921e-01
 -3.7822253e-01
 -2.0112561e-02
  8.0941081e-02
  2.8124100e-01
  8.2968234e-04
 -7.3156911e-01
  4.5689577e-03
  1.4699672e-02
 -4.8030815e-03
 -1.7383650e-03
  2.8564632e-03
 -5.5160327e-04
 -3.3898070e-03
 -3.9543870e-01
  1.9898194e-04
 -3.8617735e-03
 -3.1788938e-03
 -2.2620969e-03
  7.6852445e-03
  5.9771672e-04
 -5.4517887e-03
 -2.3124148e-03
  7.4776825e-03
  5.3398982e-03
  2.7330144e-04
 -3.1205572e-03
  3.1817248e-03
  2.4966639e-03
  1.2860044e-02
  6.7772348e-03
  1.0472968e-01
 -2.5085865e-03
 -5.9821778e-03
  7.9631349e-03
  1.5550415e-02
 -3.3797168e-03
 -5.9697605e-03
  2.0306616e-04
 -1.3567129e-03
  3.1818908e-03
 -4.0029101e-03
 -3.8309861e-03
 -4.3190354e-01
  4.1198800e-03
  4.4324039e-03
 -1.0519144e-03
  1.9552815e-03
 -1.7324862e-03
  1.4385368e-03
 -2.5518241e-04
  1.2445657e-02
  9.2041015e-04
 -7.2911237e-03
  1.4397770e-03
  2.0006699e-04
 -3.3888230e-03
  5.0744866e-03
 -6.3301981e-03
  3.4642390e-03
  2.1953199e-03
 -1.7329818e-02
  1.6721861e-03
 -5.8539119e-03
 -4.1101058e-03
  7.3634988e-01
  3.3586640e-02
  6.4622498e-01
 -7.3809385e-02
 -2.6322639e-01
  3.5871413e-02
  9.3941814e-01
  5.4966435e-02
  3.3066858e-02
  9.7484425e-02
  4.9641147e-02
  6.9335061e-01
  3.1718251e-03
  4.7715956e-01
 -3.3480337e-01
  6.1175297e-03
  2.6260647e-01
  8.2018797e-04
  5.5795735e-01
 -5.8333194e-01
  1.1055536e-02
  3.5468243e-02
 -2.2122599e-01
  3.7069616e-01
 -2.5878575e-01
  2.1759532e-03
 -6.5384461e-03
 -5.5136528e-02
 -2.7975910e-03
 -1.5686455e-01
  4.6797490e-01
 -2.0895040e-01
  2.2373557e-01
  3.8485265e-01
 -1.2422154e+00
 -4.2663416e-01
 -1.2410289e-01
 -2.2198042e-02
  5.5286545e-01
  2.4384761e-02
 -4.7441889e-03
 -3.4804873e-03
 -6.9197331e-04
  1.5122689e-02
 -1.1107185e-01
 -8.4284311e-03
  6.1334006e-04
  7.1325898e-03
  2.2087879e-02
 -3.4950429e-01
 -1.4043908e-02
  3.2703751e-03
  1.5225957e-02
 -1.9562883e-02
 -5.6362785e-03
 -1.8267347e-02
 -7.9663778e-03
  2.4350600e-03
  8.5059705e-04
  2.2998077e-03
  2.3774321e+00
 -9.9138284e-01
  5.6815785e-01
  4.5045868e-01
 -2.5179976e-01
  2.0734642e-03
 -1.8326809e-01
 -7.7386545e-03
  7.1317434e-01
 -1.1120994e-01
 -5.5471673e-03
 -1.1496504e-01
 -1.0156710e+00
  2.2470972e-03
  5.9252912e-03
  3.0888352e-04
 -1.0684914e-01
  2.3453573e-02
 -2.0998237e-03
  5.2447087e-01
  1.5146702e-02
 -1.2101429e-02
 -6.3274801e-03
 -1.4892658e+00
  2.8108513e-01
 -4.5627798e-03
  1.3291604e-03
  1.9492051e-02
 -2.9369002e-02
  2.4090674e-02
  1.2453646e-01
 -1.1395365e+00
  3.5901952e-01
 -1.3343434e-01
  9.0518773e-01
 -2.8388649e-01
 -9.9800773e-02
  1.0600827e-02
  1.9011776e-01
  1.7938721e-01
 -8.3373152e-03
 -6.2934510e-02
 -1.1666368e-01
  1.4421765e-03
 -3.5944822e-01
 -1.8906086e-03
 -1.0741272e-01
 -1.3445284e-03
  1.9212806e-03
 -7.8424498e-02
  3.1490403e-03
 -2.0296844e-02
 -1.2258544e-01
 -1.5801309e-02
 -1.0892172e-01
  5.8113234e-03
 -8.5191876e-03
 -7.7983914e-03
  1.1722789e-02
  2.2031032e-03
 -1.0955033e-04
 -9.7484969e-02
  1.0703553e-02
  1.3502593e-02
 -6.4218539e-01
 -2.6392115e-02
  2.7937356e-03
  5.4760440e-03
 -2.4192335e-04
  6.5607349e-03
 -8.9707185e-04
 -5.9942453e-04
  9.6930482e-04
  1.6487314e-03
 -3.7632794e-03
 -6.8747220e-03
 -1.4611137e-02
 -1.3367555e-03
 -9.2925373e-03
  8.0762226e-03
 -4.9498572e-04
 -4.1890368e-03
  2.1790024e-03
  9.1262124e-03
  1.2795015e-02
 -5.4599894e-03
 -6.7884400e-03
  9.8690428e-02
 -3.6938798e-03
  6.5890541e-03
  1.0657927e-01
 -1.0112794e-01
  1.2157583e+00
  4.3981294e-03
  1.9340279e+00
 -2.3041423e-03
 -1.1839948e-01
 -9.2265400e-04
  2.0826751e-01
  1.5064594e-01
 -1.2409703e-02
 -7.0417359e-02
 -1.5839526e-01
 -4.3184832e-02
  7.3647028e-01
 -2.2747060e-03
 -1.5341605e-02
  8.9178002e-03
 -1.5794609e-03
  4.1385418e-01
 -1.0091930e-02
 -4.9179778e-03
  3.9179269e-02
 -1.1771536e-01
  8.9322723e-02
  7.4459724e-02
 -1.0014777e-02
  5.1393872e-03
 -2.3777734e-03
  1.1866366e-02
 -1.5099374e+00
  1.6699706e+00
  2.3006597e+00
 -6.8554693e-01
 -5.8101594e-01
  4.3901935e-04
  1.1396240e-01
 -2.7931016e-04
 -2.5866415e-02
 -7.9309084e-02
  2.5703415e-02
  2.4100848e-02
 -3.7506191e-04
 -2.3153991e-02
  4.9470890e-01
  3.4542076e-02
  6.4780742e-02
 -3.6394708e-02
  3.2573688e-01
  3.4016857e-01
  1.1408064e-03
  1.6068441e-01
 -1.0971723e-01
  1.8141715e-01
 -3.7628833e-02
  1.8087408e-03
  1.4542381e-02
 -7.8024045e-03
 -1.7501628e-02
  1.8672476e-03
  1.0923848e-02
 -2.3320067e-04
 -2.5601005e-03
 -4.8752245e-03
 -1.0944902e-03
 -3.7769235e-03
  9.4325216e-03
 -1.0047916e-01
  1.2656426e-02
  5.1265648e-03
  2.2371677e-03
  9.7448761e-03
 -1.2672998e-03
  2.4880753e-03
 -2.6458677e-02
  1.9128178e-03
  3.3393840e-03
  8.4322989e-03
  8.2011512e-03
  1.0304064e-03
  2.1372237e-03
 -2.2741711e-01
 -7.5148097e-03
 -1.3294901e-03
 -1.1194792e-01
 -6.4169557e-04
 -2.1931040e-03
 -5.3442107e-03
 -8.5902796e-04
 -2.4763090e-03
  1.5774451e-02
  6.4671642e-01
  2.0728317e-01
  1.6278064e-01
  6.5851623e-01
  2.2670023e-02
  1.1605445e-03
  2.5939004e-02
 -6.2142015e-03
  1.5409991e-01
  2.4098223e-03
  1.8341329e-02
 -1.8273746e-03
  8.2455883e-03
 -6.0108276e-03
  1.0244733e-03
  8.6145131e-03
 -1.8002640e-02
  9.2729079e-03
 -3.6406773e-03
 -9.3191359e-03
  1.3386515e-03
 -4.7862023e-02
  1.9346818e-02
  5.7536480e-04
  1.4585586e-03
 -4.8167471e-02
  3.3965323e-03
 -4.8799966e-03
 -9.0942644e-03
  1.0446890e-01
  2.7118267e-03
  1.8598806e-02
 -1.3272748e-03
 -1.8566283e-03
  8.0049476e-03
  8.3346413e-03
  4.9854219e-03
 -2.3787113e-02
 -1.7157238e-04
 -7.2453376e-03
  2.6681686e-03
  7.6391697e-03
  2.4066572e-03
 -5.9159275e-04
  1.6995134e-03
  2.3238178e-01
 -3.4668524e-02
  4.4242060e-03
  7.7293674e-03
  5.5773850e-03
 -3.0212428e-03
 -1.2743150e-02
 -2.7008668e-02
 -1.2764195e-02
 -1.3841609e-02
 -1.8661803e-02
  9.2483023e-03
 -1.1853307e-02
 -6.8064076e-03
  2.4490494e-01
  5.6675323e-03
 -9.1728363e-03
  6.4901754e-02
  7.7915904e-03
  3.9350367e-03
  2.7034446e-03
 -2.9555142e-03
 -1.7070489e+00
  4.3028992e-04
 -1.9588599e-03
  8.6778440e-03
 -1.1300492e-03
  7.1682554e-04
  3.3273383e-03
  1.6401422e-03
  2.2231672e-02
 -1.4613295e-02
  6.5688593e-03
  2.3529374e-03
  1.7370631e-03
  6.3398881e-03
  2.7274696e-02
  5.2832020e-03
  7.9818740e-03
  1.7333783e-03
 -5.1668513e-04
  9.1668321e-03
 -1.4799895e-03
 -1.4689616e-03
  3.4979321e-03
  5.1441026e-01
  2.4448548e-01
 -2.1676067e-02
 -8.2413713e-03
 -1.5409660e-01
  9.5817670e-03
  2.1129752e-02
 -1.9073119e-02
  7.4604214e-03
  2.5598656e-03
 -1.2273394e-03
 -2.3005109e-02
  7.2934581e-03
 -5.3755099e-01
  1.1919560e-02
 -8.5856523e-03
 -3.1276683e-03
 -4.9710628e-03
 -7.8217237e-04
 -1.1183930e-03
  2.4465888e-03
  9.0868783e-04
  1.0453888e-02
  4.2670527e-03
 -7.8624003e-03
  2.9676994e-03
 -7.6368605e-03
 -6.5231837e-02
 -6.6664191e-03
 -3.5128011e-03
  1.3251125e-03
  1.9476719e-03
 -9.0891297e-04
 -1.0573804e-02
  1.9857711e-03
  5.3645195e-03
  1.2027746e-02
  2.1746410e-03
  8.0720156e-06
  1.0397167e-02
 -6.3250782e-03
 -8.4588518e-03
 -8.3538201e-03
  2.4228085e-02
  8.4492296e-04
  2.9034801e-03
 -3.0792637e-02
  1.1026533e-02
 -3.8006420e-03
 -4.6181190e-03
 -3.9124722e-03
  9.9693541e-04
 -9.4516305e-03
  1.6525922e-03
  6.9093341e-03
  3.9407043e-03
  1.5200442e+00
  2.6498809e-01
  1.7435726e-03
  4.1736597e-03
 -2.6655102e-01
 -4.4922018e-04
 -9.9166238e-04
 -3.6558062e-03
  1.0193002e-04
 -1.3033153e-02
  6.0291411e-03
 -2.8098808e-03
  9.4848312e-04
  4.1530482e-03
  7.2861947e-03
 -1.8458217e-02
  9.6005760e-03
  2.6563942e-03
  1.5234935e-02
  6.8389196e-03
 -1.3946073e-01
 -1.7261556e-04
  1.2659697e-02
  8.0257058e-03
 -8.8115863e-04
 -3.9134201e-04
  3.4639839e-04
  4.2696451e-03
  9.3697263e-03
  1.0434787e-03
 -1.6961790e-03
  7.4989256e-03
 -1.3540931e-04
 -4.2740409e-03
  8.8094693e-04
 -2.8861773e-03
 -1.1698641e-03
  6.5152510e-03
 -1.0082950e-02
  3.5725702e-03
 -2.9108841e-03
  6.4998533e-04
  3.6563273e-03
 -1.0470409e-02
  7.5871716e-03
  6.5144622e-03
 -1.4312842e-04
  4.7910647e-03
 -2.4427954e-04
 -2.9092391e-03
  1.1408174e-03
  1.6316753e-02
  2.1415662e-02
 -1.0749916e-02
  6.4560672e-06
  3.3604004e-03
  1.3144286e-02
 -9.1285650e-03
  7.7304483e-04
  3.1657931e-03
 -1.8287105e-03
 -1.5385950e-02
 -7.4525708e-03
 -4.5317465e-01
 -1.4432527e-01
  6.1357743e-01
  6.3867524e-02
 -6.6970266e-02
  1.3985277e-02
  1.2692139e-01
 -1.3260416e-03
  7.0269096e-01
 -2.8259087e-02
  2.2621806e-01
  3.1614325e-03
  1.8344781e-03
 -1.8307148e-02
  6.7713487e-01
  3.1007810e-03
  1.0785634e-02
 -7.7083493e-03
 -9.8855514e-04
  6.7125470e-03
 -3.6693881e-03
  2.5165086e-03
 -8.8477194e-02
  1.8869892e-02
 -1.8688506e-02
 -1.7033425e-03
 -2.4645816e-04
 -3.4119837e-02
 -1.5483974e-02
 -1.1733705e-03
 -9.1358405e-03
  3.0040406e-03
 -8.8772010e-03
  7.5429017e-03
  5.8639883e-03
 -3.9091380e-03
 -6.0153301e-03
  2.3301675e-03
 -2.4701105e-04
 -3.7321646e-03
 -9.5353171e-04
 -2.3405164e-02
  7.0785270e-03
 -1.2825929e-03
  2.5680342e-03
 -1.2506953e-02
  1.3607020e-02
  3.5705115e-03
  5.2301851e-03
  2.1559256e-03
 -4.9791713e-03
  3.6778760e-03
  1.4989843e-03
 -7.5022914e-03
 -6.1625359e-03
 -6.4037775e-04
 -1.3189903e-03
 -3.9708824e-03
  2.0965775e-03
  7.3587248e-04
  2.0870640e+00
 -6.4094919e-01
  5.7402700e-01
  9.4839615e-01
 -1.2064240e+00
 -3.4635693e-02
  1.1941205e-01
 -6.6000916e-02
  8.3284032e-01
 -1.2476130e+00
  2.3098362e-03
  9.4225351e-03
  1.1631640e-02
  1.3131933e+00
 -1.4279910e+00
 -2.0308435e-02
 -1.5015122e-02
  4.9424902e-01
  1.4355545e+00
 -1.7745592e-01
 -6.8620473e-01
  1.2446756e-03
  9.8355904e-02
 -5.0272390e-02
  2.5462902e-01
 -9.4642024e-03
  8.8742161e-03
  1.0160624e-02
  3.2963883e-02
  9.1510592e-03
  1.6009530e+00
 -1.7044665e-01
  3.6222573e-02
 -2.5273758e-01
 -9.8108095e-01
 -1.0737573e-02
  3.6989944e-03
 -2.6214200e-03
  3.4459510e-01
  2.7498016e-01
 -3.8820829e-03
 -2.2139160e-03
  1.0675159e-01
  5.2365923e-01
 -8.6087728e-01
  2.7481146e-02
  1.1439935e-02
  2.0083927e-01
  9.6864498e-01
 -7.6273263e-01
 -2.7195781e-02
 -2.7792227e-02
  6.4076878e-02
 -2.6218202e-02
 -5.5217338e-01
  6.6068335e-03
  1.0147964e-03
  3.1633272e-03
 -5.5701067e-03
 -1.2656944e-03
  3.3266234e-01
 -6.3127655e-01
 -6.3839126e-01
  3.0779320e-01
 -3.5774952e-01
 -4.7043275e-02
 -6.2818134e-01
 -2.8889535e-03
  4.1927212e-01
  4.9844686e-02
 -5.0146986e-02
 -1.7454351e-01
  2.2756726e-02
  2.4338490e-03
 -5.0590788e-03
 -5.5091795e-02
 -2.5708452e-01
  1.1517901e-01
 -6.6795900e-02
  4.1313964e-01
 -2.5918207e-01
 -1.0312870e-02
  4.8874024e-01
 -7.3842064e-02
  8.8384882e-02
  9.7405469e-01
 -1.6898263e-03
 -4.3858872e-03
  1.3532077e-02
  4.2364947e-02
  2.1202245e-03
 -2.3373550e-01
 -2.6844510e-01
 -1.2667928e-03
  2.3624001e-03
  6.6522774e-03
  7.8941798e-03
  7.1526109e-04
  1.3647323e-02
  6.8158419e-03
 -2.0444931e-03
 -7.9256680e-04
  1.0959654e-02
  6.0718632e-03
  1.2614279e-02
 -1.4736455e-02
  3.2617006e-04
  3.3174701e-02
  3.0173354e-03
 -6.8874277e-02
  1.5103496e-02
 -8.8496208e-03
 -2.2334931e-03
  3.0250710e-03
 -2.1838218e-03
  6.7060036e-03
 -1.3837648e-02
  5.3269644e-03
 -2.4304028e-04
  8.0378903e-03
 -2.5922677e-04
 -2.0333547e-02
 -8.2459842e-04
 -1.5716404e-02
  4.4247806e-03
 -8.6042257e-03
 -3.7689570e-03
 -9.5172189e-03
 -1.0133632e-02
 -8.0191894e-03
  9.9323103e-03
  8.1655337e-03
  3.9006266e-04
  2.3799525e-05
  6.8533705e-03
  1.8114621e-03
  8.7764915e-03
 -4.9418146e-03
 -6.5239500e-03
  1.0402139e-02
  2.2845397e-02
  1.6870180e-03
  7.8646755e-03
  4.1742427e-03
  1.3297635e-02
 -9.3673432e-04
  1.1687213e-02
  2.2817717e-03
 -4.7923983e-03
 -1.3757000e-02
 -1.8137741e-01
 -3.2172512e-02
 -2.3595960e-01
  2.5116366e-01
  7.7354288e-01
 -1.2212092e-01
  8.9583470e-04
 -1.0596695e+00
 -1.1670432e-02
 -2.2674223e-02
  1.1689682e-02
  1.2751379e-02
 -4.5655523e-03
  3.6164771e-03
 -2.2312021e-03
  1.6097059e-02
 -1.7284867e-03
 -7.8308098e-03
  4.5009813e-04
  5.4902318e-03
  3.9106952e-03
  1.9606797e-03
 -3.1550933e-02
  1.4542188e-02
  2.5069624e-01
  8.8672061e-03
 -2.1627680e-03
 -1.1057248e-02
 -1.3890836e-02
  2.4694804e-02
  7.2504051e-02
  2.9751879e-01
  7.1818590e-02
 -3.6105683e-01
 -4.2710716e-01
  5.8266725e-02
  2.2359964e-01
  1.6263485e-01
 -1.2987456e+00
 -3.6288187e-01
  4.3047417e-02
  2.4883445e-01
 -5.0828002e-02
 -5.0726463e-03
 -5.6683367e-01
  1.0789012e-02
  2.8230828e-01
 -3.7228018e-01
  1.1073583e-01
  3.9205804e-01
 -2.5637315e-03
  1.4747074e-02
 -1.5261881e-01
  4.4174534e-01
  6.2724495e-01
  7.8317318e-03
  1.7315125e-02
 -8.1997281e-03
 -7.7863010e-03
 -1.1746543e-02
 -5.8340186e-01
 -7.5658160e-01
 -5.8184081e-01
  5.6842047e-01
  1.6778037e-01
 -2.1804540e-01
 -2.7031618e-01
 -5.8641966e-04
  2.8456086e-01
 -5.4130513e-02
 -4.2777125e-02
 -3.5164902e-01
 -1.9942932e-01
 -4.0699650e-02
  9.6496975e-01
 -1.2595254e-02
 -2.5329357e-01
  3.1143406e-01
 -4.6773183e-01
 -1.2438616e-01
 -7.1095410e-03
 -9.8111620e-03
  2.8238311e-01
 -2.2299957e-01
 -1.7885382e-01
  5.2112225e-04
  4.6915002e-03
  2.1157930e-02
  1.2473915e-02
  1.9000217e-02
 -1.8419404e-02
  1.0698589e-04
  3.6547488e-01
  2.4649119e-03
  2.3078264e-03
  9.3607909e-05
 -8.7669846e-03
  4.9046252e-04
  1.0898211e-03
  3.6614173e-04
  2.9942775e-03
 -8.2994010e-03
  5.1643271e-03
  1.9022147e-03
 -3.1600518e-03
 -1.5945416e-03
 -4.5670621e-04
  1.4210877e-03
  2.4306972e-03
  8.5621560e-03
 -2.0249102e-04
  3.9598150e-03
  3.9278101e-03
  1.8843209e-03
  4.3623883e-04
  1.2563499e-02
  4.5908638e-03
 -9.6406927e-04
  4.9365158e-03
  4.4419756e-03
  4.5123002e-01
 -1.1964980e+00
 -4.5460043e-04
  1.3836691e-02
 -1.4937105e+00
  3.4208552e-04
 -4.1003125e-03
 -1.4329990e-03
  1.9083958e-02
  2.2251535e-02
  1.1346816e-03
 -1.7362060e-03
  5.0029112e-04
  6.9658677e-03
  8.3837723e-03
 -1.6837969e-02
  1.0269714e-02
  1.9558983e-02
 -6.9597764e-03
 -2.2807973e-02
 -2.5836049e-04
  8.3942746e-04
 -1.9453331e-03
 -1.8335459e-03
 -3.4498309e-03
 -6.3949465e-03
 -1.0838041e-03
  4.7773235e-03
  3.2560064e-03
 -2.8565465e-03
 -1.2090203e-02
  4.8543125e-01
 -6.8277133e-01
 -2.6681911e-02
  3.5560343e-01
  5.4573584e-03
  1.4642628e-02
  4.2736693e-03
 -1.2186981e-02
 -3.5000544e-02
 -8.9375619e-03
  1.1352375e-03
 -5.1565135e-01
 -9.8224925e-03
 -2.2650375e-03
 -1.0120001e-03
 -4.3362700e-03
  1.9822037e-03
  5.6960857e-03
  2.6467858e-02
  2.9515848e-04
  1.4213357e-03
  1.2157967e-03
  8.6736521e-03
 -5.2358943e-01
  1.2191221e-03
 -5.0718132e-03
 -4.2548710e-03
  1.2800203e-03
 -2.3477520e-03
  2.3586126e-03
 -1.0582299e-02
  1.2106464e+00
  2.6899627e-01
  1.5165552e+00
 -1.8028855e-02
 -2.0264079e-01
 -7.1475029e-01
  1.3088284e+00
 -1.3389365e-03
 -8.8562769e-01
  8.7639773e-03
 -3.9908983e-02
 -1.3109119e-02
  9.7008061e-04
  1.1889156e-04
 -7.5289439e-03
  7.1682489e-01
  8.9653954e-04
  5.9824854e-01
 -2.1328063e-01
  2.9523972e-01
 -2.9476820e-03
 -2.4818964e-03
  2.5665131e-01
  1.0096626e-01
 -4.7605383e-01
 -7.9314858e-03
  4.6494368e-01
  9.1888405e-02
 -8.8665672e-02
 -4.8455452e-03
  1.7920928e+00
 -8.2922596e-01
 -6.5275598e-01
 -7.8394866e-01
 -1.6875084e-01
 -9.3692321e-01
  8.8320726e-01
 -1.5010905e-01
  5.2686298e-01
  7.7999339e-02
  7.6854616e-02
  4.0832227e-01
  2.6869684e-01
 -9.7531667e-03
 -6.5343697e-03
  6.1901098e-01
  6.9167851e-03
 -1.4255431e+00
 -9.5762175e-01
 -1.1974409e+00
 -3.8998035e-01
 -1.0919836e-02
  4.3659738e-01
  1.1982700e+00
 -1.0822165e+00
 -1.3142516e-01
 -4.9084404e-01
  7.5494182e-01
 -1.3216877e+00
 -3.4199968e-01
  8.2412213e-01
  1.6228807e-01
  6.8581522e-01
 -1.1696909e-01
 -5.7359475e-01
  3.2315651e-01
 -1.2887989e-02
 -1.0703981e+00
  4.0933260e-01
  7.8907824e-04
 -7.4095659e-02
 -4.8061389e-01
 -7.1435028e-01
 -4.1301146e-01
 -2.7896762e-01
  1.8635801e+00
 -6.9023752e-01
 -4.1062567e-01
 -1.0007975e+00
 -5.2470285e-01
  2.4864295e-01
 -1.7196461e+00
 -9.3593669e-01
  4.8302099e-02
  1.9765733e-02
  1.1020644e-01
 -3.4708895e-02
 -9.8176403e-03
  2.2688977e-01
  1.5623760e-01
 -1.1156338e-01
 -1.5650211e-01
  1.1739656e-02
  3.2616605e-03
  6.6170851e-03
 -3.2559673e-03
  3.9335545e-03
  2.9621434e-01
 -6.3414685e-02
  2.3601783e-02
  5.4590039e-02
  1.7741286e-03
  1.3700856e-01
 -1.5730947e-03
  3.4904294e-02
 -1.7481558e-01
  2.5977351e-02
  6.6545576e-02
  3.9883177e-03
  2.1595028e-03
 -6.3876145e-02
  1.7449260e-02
  7.1321018e-03
 -1.0635844e-02
  9.4178841e-03
 -2.4917198e-02
  2.8160219e-03
  1.2478707e-03
 -2.1165247e-01
  3.4321001e-01
 -7.0234857e-02
  1.6202761e+00
 -4.2899823e-01
 -7.7215873e-02
 -2.6114729e-01
  1.4478611e+00
  2.9778719e-01
  4.1511741e-01
  8.6529702e-02
 -1.4561544e-02
 -6.5121427e-03
 -6.6250918e-04
 -1.3841964e-01
  7.3852893e-03
 -3.9573690e-01
  2.3833206e-01
 -2.7885982e-01
  2.5565729e-02
 -6.7697966e-01
 -2.7727872e-01
  8.6266887e-01
 -1.2763992e-01
  8.9648254e-02
  5.2619032e-03
 -1.9413775e-03
  9.3255416e-02
 -8.6894948e-03
 -1.2697353e-02
 -4.2100301e-01
 -3.3318687e-03
 -2.0393447e-04
 -3.0486166e-01
  3.7868477e-03
 -2.0401007e-03
  5.5242334e-03
  2.7657927e-03
  1.5168447e-03
  6.5504327e-02
  4.2909295e-03
  2.4863377e-02
 -6.6509326e-03
 -2.5364140e-04
  1.4066138e-02
  2.1679066e-03
 -7.3670060e-04
  1.6999173e-01
  9.8228222e-03
  2.8280435e-02
 -1.9388732e-03
  1.2254870e-02
 -4.8498303e-01
  1.7634220e-02
 -1.3956978e-02
 -2.9598628e-03
  2.3722895e-03
  5.6166551e-03
  6.0698241e-03
  7.4861506e-03
  5.7303137e-01
  3.8536131e-01
 -9.0533739e-01
 -4.9560338e-01
  6.5457679e-02
  7.9738712e-03
  1.0235311e-03
 -6.3656145e-03
 -6.3064339e-04
  1.5276422e-01
 -8.4255703e-02
  1.6084298e-02
  1.6492493e-01
  6.3553251e-02
  1.4011729e-01
  7.3149920e-02
  2.6791608e-02
 -5.0436319e-03
  4.9791701e-02
  2.5679851e-03
 -3.7398073e-03
  6.4047895e-02
 -3.5709839e-02
  8.9156590e-02
 -2.1327382e-01
 -2.3445180e-02
  1.2644508e-03
  2.5835717e-03
  6.9875116e-03
  6.3704518e-03
  1.4718314e-01
 -1.2365323e+00
 -2.1100053e-01
 -2.5077820e-01
 -1.9600403e-02
  1.7833835e-03
  1.3101402e-03
 -1.3556901e-03
 -5.3632219e-05
  3.8882692e-03
  3.3620310e-01
 -4.6255607e-03
  5.5751379e-04
  8.1618549e-03
  6.8299240e-03
  6.9138654e-02
  7.2055813e-03
 -1.6267624e-01
 -1.4955836e-02
 -2.2432723e-04
  1.4197555e-03
  9.3106702e-03
 -7.4500114e-02
  3.5338975e-03
  8.2486674e-02
 -4.9860203e-03
 -5.5260034e-03
 -1.0222928e-03
  1.1502246e-02
  4.4817850e-03
 -5.1371597e-02
 -4.7693706e-01
  7.2415166e-02
  3.6131072e-01
  3.4529951e-03
 -1.8600022e-02
  1.7509520e-03
 -3.1768277e-02
  1.7123176e-02
 -2.2785744e-01
  4.0820431e-02
 -3.6476534e-02
 -1.4792100e-01
 -4.7919355e-02
 -7.1180038e-02
 -3.9383946e-03
  1.5358647e-04
 -6.7800665e-03
 -4.3420017e-02
 -2.8090926e-02
  2.7160817e-03
 -8.5564971e-02
  4.4300292e-02
 -1.5770283e-02
 -3.6335492e-04
 -1.0873408e-03
  5.2879192e-03
  7.7943318e-03
 -1.0736080e-02
  5.1855375e-03
  8.8513419e-02
 -1.2378744e-02
 -8.0724983e-03
  1.1105911e-01
 -4.3345117e-03
 -1.1359865e-02
 -4.1833686e-04
  5.2179107e-03
 -1.4757847e-02
 -2.9602793e-01
  2.2184018e-03
 -3.5610178e-01
 -7.7027336e-02
 -4.9246214e-03
 -4.2133808e-01
 -8.1294263e-03
  2.1649012e-04
  2.2102573e-03
 -2.4172012e-02
 -1.0121989e-01
 -1.9557637e-03
 -5.4937080e-03
  5.3270146e-02
 -9.8568261e-02
  2.2622626e-02
 -1.0082254e-03
 -6.6205254e-03
  5.9942980e-03
  3.7439346e-02
  2.6345265e-03
  1.0373379e-03
  1.1321697e-02
 -4.9667404e-04
 -5.9499508e-03
 -9.9182660e-03
  1.6633408e-02
  9.8856348e-01
  4.7308216e-03
  1.1074968e-02
  2.9505172e-03
 -8.3959306e-04
 -7.9055678e-04
 -2.3576633e-04
 -3.0987186e-03
  5.8220206e-03
  5.1787496e-03
 -1.6556867e+00
  1.1593061e-02
 -4.1805049e-03
  1.4647356e-02
 -8.4689828e-03
 -2.5294733e-03
 -9.0752350e-04
  3.1127338e-03
 -2.2400280e-04
 -1.3493846e-02
  1.3738149e-03
  8.5124820e-03
 -1.2571415e-03
  1.3178897e-03
 -1.4307666e+00
  5.6184819e-03
  8.3003966e-03
 -4.7378703e-03
  1.3244065e-02
  1.2098324e-02
  4.6811785e-04
 -1.1292791e-02
  5.5926736e-03
 -8.5220468e-04
 -2.2159014e-03
 -1.1311446e-02
  1.9307077e-03
 -3.0824819e-01
  1.0047343e-02
 -2.7085857e-03
  1.2731913e-02
  1.4656023e-03
  1.2036378e-03
  2.6081977e-04
 -4.8169857e-03
  1.0383659e-02
 -6.0927523e-03
  1.1226809e+00
  2.9771291e-02
  5.0473912e-03
  1.0853031e-03
 -1.0622166e-02
  2.5023492e-03
  5.2045607e-03
  3.4925107e-02
  4.9026213e-03
  5.0042878e-04
 -9.8413462e-03
  7.0140464e-03
  6.1429846e-03
  6.7279796e-04
 -9.2551075e-03
  3.7590349e-03
  2.9481458e-04
 -2.9870088e-04
  3.4129545e-03
 -6.7019416e-03
 -1.2107916e-02
 -2.7062351e-01
 -9.3070354e-04
  2.3526323e-03
  5.5021150e-03
  1.0219538e-02
 -1.2261633e-02
 -2.7395594e-01
  2.5036507e-03
  7.6557375e-03
  8.7287644e-06
 -1.1764085e-03
 -2.2600745e-03
  1.1650790e-04
  6.5323031e-03
  6.4401627e-03
 -4.1264794e-03
  1.9019572e+00
 -3.7581480e-01
  4.3066388e-01
  1.6040030e+00
  2.0723451e-02
 -7.1216367e-02
 -5.4039550e-03
  7.1435340e-04
  6.9802646e-03
 -3.4765523e-02
 -6.0177795e-03
  2.2439375e-03
 -2.4983445e-03
  2.8591631e-03
 -8.9426592e-02
 -9.0750800e-03
 -9.2995130e-03
  2.0727143e-02
 -5.0130826e-03
 -3.0135474e-04
  3.6819853e-02
 -4.4817971e-03
  1.4802915e-02
 -5.9498604e-03
 -4.1105408e-02
  1.5359555e-03
 -6.7585530e-03
  3.0925909e-01
 -2.5964553e-02
 -8.6125787e-03
 -7.6165938e-01
  4.3782559e-03
  2.2060122e-02
 -5.9341560e-03
 -4.1726414e-02
  1.0899761e-02
  1.3219608e-02
  1.1594648e-01
  2.4956686e-03
 -1.5574455e-02
  1.4447790e-02
  7.9502046e-02
  4.0062033e-03
 -3.9956602e-03
  4.0992182e-03
  1.7101360e-03
 -1.9499991e-03
  9.0110032e-03
 -2.5128536e-02
 -7.9035824e-03
  2.1625566e-03
  3.2452790e-03
 -7.2006388e-03
  8.0425991e-03
 -8.6879572e-03
  1.0260049e-02
  4.0565673e-03
  3.3313301e-03
 -1.0356771e+00
 -1.9270309e-03
 -9.8462427e-01
 -5.4639316e-01
  1.5104738e-02
  3.9756142e-02
 -3.7053823e-01
  5.0205183e-03
  5.5640135e-03
  4.3108999e-03
  6.8914465e-04
 -1.4621295e-03
  4.7484506e-03
 -2.0140953e-02
 -3.9862413e-02
 -5.9556775e-02
 -9.4075419e-02
 -1.8248295e-02
 -2.0383304e-02
 -1.7918468e-02
 -5.2522328e-03
 -5.1051974e-02
  5.5942871e-03
  2.5875212e-04
  7.2837225e-03
 -4.0417357e-04
  4.7335224e-03
  5.2497955e-03
 -1.3359255e-03
  5.5867778e-03
 -8.1546959e-03
  8.1922970e-04
  1.9403059e-02
  3.0725881e-02
 -2.4333650e-02
 -1.2395314e-02
  1.8559472e-03
  7.5143465e-04
  1.6172828e-02
  6.0547083e-03
  6.3958787e-03
  4.7259396e-03
  3.8951831e-03
 -2.4787728e-03
 -3.7953251e-03
  9.9455146e-04
  1.3750045e-02
  6.7692120e-03
 -1.7954037e-04
 -3.5307996e-04
 -2.7016462e-03
  1.4076738e+00
  1.2865254e-04
 -3.6567773e-03
 -9.2934296e-03
  5.1583452e-03
 -1.9809124e-03
 -4.6170452e-03
  3.5304124e-03
 -3.7353495e-03
 -2.9633418e-03
 -1.7200539e-02
 -1.0021656e-03
 -1.2889247e-03
 -5.3383228e-03
 -3.4800661e-03
 -7.2520976e-03
 -5.3900123e-01
  2.3846985e-03
 -1.7224203e-03
  1.3041576e-02
  8.5858172e-03
  1.4338393e-02
  4.0164464e-03
 -1.1158141e-03
 -6.0423398e-03
 -1.8324062e-02
  1.3635810e-02
 -1.2790464e-02
  5.9631659e-04
 -6.6650962e-03
  1.5094804e-02
 -1.2963334e-01
 -4.9836858e-04
  4.5636399e-03
  2.2174267e-02
 -9.7274510e-03
  1.1348868e-03
 -4.5874361e-03
  4.6382222e-02
 -4.7505843e-03
  3.9978456e-03
  1.3364596e+00
  5.9819122e-05
 -1.9208314e-03
  3.6196518e-03
 -7.8236731e-03
  9.8817972e-03
  5.9309457e-03
 -1.1910688e-02
 -7.4482514e-03
 -3.9906198e-01
 -5.2181449e-02
 -5.1028584e-03
 -5.4473180e-02
 -7.6667229e-03
  2.4351389e-03
  7.5247110e-04
  5.9009246e-03
  7.9852501e-03
  3.0352932e-03
  7.3872012e-04
  8.4151549e-04
 -2.4174608e-03
  3.8735050e-01
  1.1399382e-03
  2.7559968e-03
  3.0996453e-03
  2.7895186e-03
 -2.2163993e-02
  4.8334016e-03
 -1.2004395e-03
 -9.7281784e-01
 -9.1029453e-01
  6.0547173e-01
  6.4044154e-01
 -3.7972701e-01
 -2.6774812e-01
 -1.7262523e-01
  1.1076121e+00
 -3.6174953e-01
 -4.2895374e-01
  2.1559013e-01
 -3.8727984e-02
 -5.0305152e-01
 -2.0002446e-01
 -7.1978283e-01
 -1.9951023e-03
 -3.3430538e-01
 -8.6259788e-01
 -2.4921572e-01
  2.0614561e-01
 -4.6418124e-01
 -2.6861620e-01
  1.0706084e+00
  5.5407804e-01
  3.8582117e-03
  3.9095711e-03
  2.4172501e-03
 -6.3513895e-03
 -3.2450836e-02
 -7.4755796e-04
 -3.3129990e-02
  4.4168897e-02
 -1.8620798e-01
 -2.8540894e-01
  7.8732818e-02
  7.2954699e-02
  1.1475670e+00
 -8.9644053e-04
  2.9717062e-03
  3.0685094e-01
 -1.0121303e-01
  6.4083128e-03
  6.5648541e-02
  8.4709361e-02
  1.4488806e-01
  7.6241922e-01
  6.5137571e-01
  4.7741517e-02
  1.8133445e-02
  1.7706317e-01
 -5.2601327e-03
  1.9767758e-01
 -9.3462085e-03
  1.0776932e-02
 -7.2230203e-03
 -4.1951155e-03
 -1.5630705e-02
  5.5332938e-03
 -1.2113353e-03
 -3.0023647e-03
 -2.5190396e-02
 -4.0845286e-02
  8.8889850e-03
  8.2286574e-02
 -9.4208182e-05
 -5.2102851e-03
 -1.9132501e-02
  1.1640529e-03
 -1.2378260e-03
 -4.9304473e-04
  4.1321740e-03
  1.4631860e-02
 -3.6983080e-03
 -2.4436668e-03
 -7.8571346e-03
  6.1653979e-04
  1.1980248e-03
 -7.8523004e-01
  6.0849325e-03
 -1.1783042e-01
 -2.6137531e-03
  6.0636834e-03
 -7.7529403e-04
 -1.9491859e-03
 -4.2324108e-03
  2.0159801e-02
 -1.7372866e-03
  1.4098289e-03
  3.2840481e-03
 -4.8572146e-03
 -1.1202370e-01
 -3.6280155e-02
  8.2747124e-02
  8.0302632e-01
  1.6320439e-01
 -4.3109149e-02
 -2.4715041e-01
 -6.2721828e-03
  7.8112550e-02
 -9.1343182e-01
  6.4189583e-01
 -1.3457371e-01
 -7.0278484e-01
 -1.4203651e+00
  1.7912629e-01
 -1.5423137e-01
 -5.4794794e-01
  1.3087540e+00
 -1.0868870e+00
 -2.0973983e+00
  1.3282295e-01
 -7.5237280e-01
 -2.2265387e+00
 -6.0435843e-01
 -5.7014489e-01
  1.7969195e-02
  7.3378105e-03
  2.7069021e-03
 -1.2666400e-02
 -1.1448280e-02
  1.9861697e+00
  1.1181919e-01
  9.8342843e-02
  1.6560599e+00
 -3.9135337e-01
  4.5258924e-03
  4.3328539e-03
 -1.1627344e-02
  3.6498606e-03
 -5.1756012e-01
  1.4034504e-01
 -2.7257411e-02
 -7.9878531e-03
 -3.9303362e-02
 -1.8816908e-01
 -7.1389405e-03
 -6.0628757e-02
 -1.7037888e-01
 -2.0218549e-02
 -4.0257224e-01
 -2.6242654e-03
 -7.5509302e-02
  7.5281185e-01
 -8.0482499e-04
 -4.4868743e-01
  1.2905267e-03
  2.5721053e-03
 -7.8819264e-03
  2.6924005e-03
  2.4608057e-03
 -4.4419727e-01
 -7.2416566e-02
  8.0994457e-02
 -8.6571366e-02
  8.5224584e-02
 -2.5026095e-03
 -1.0614431e-02
 -2.5035781e-01
  1.8091945e-03
 -1.4090222e-01
  1.2121549e-01
 -2.0250892e-02
  2.2481060e-04
  5.7183127e-03
 -6.7523465e-02
  1.0708921e-02
 -6.0683547e-04
  5.8643502e-01
 -2.2593536e-04
 -1.1838362e-01
  2.3069479e-01
 -6.2625356e-02
  9.8737903e-02
 -1.3714051e-02
  5.9097894e-02
  1.4838445e-02
  5.0206883e-03
 -2.0528981e-03
  2.3070585e-03
  3.0421603e-03
 -4.1241342e-01
 -8.6706681e-03
 -8.6404696e-05
  1.1133531e-03
 -3.0578202e-02
 -3.3948894e-03
 -9.9773370e-03
 -1.5339244e-02
 -2.4726160e-01
 -2.4714334e-02
  1.4663182e-02
  2.7847223e-03
  2.4415972e-03
  3.4336401e-03
 -3.0279062e-03
  1.8558508e-02
 -2.6644787e-03
  1.0386957e-03
  5.2311458e-03
  3.7959344e-03
 -9.3031240e-01
  2.6471567e-04
 -5.1088408e-03
 -3.2469402e-03
 -2.4753445e-04
 -9.9454948e-04
 -8.1820516e-03
 -4.6484736e-03
 -1.8631287e-02
 -1.0765308e-02
  6.7503661e-01
 -4.5383227e-01
 -1.8129580e-01
  1.6214573e-01
 -6.9204140e-01
  1.4632973e-03
  1.6560879e-02
  1.0424620e-02
 -2.9934615e-01
  2.6222274e-01
  2.8387760e-03
  9.9114813e-02
 -7.4427024e-02
 -5.2983304e-03
  8.0897845e-03
  2.0635144e-03
  1.1074967e-02
 -3.8290825e-01
 -1.9010045e-01
  8.1345491e-04
 -4.9161565e-02
  1.6992303e-02
 -2.8373376e-01
 -1.1085859e-03
  2.9785791e-01
 -7.8298058e-04
 -5.5183447e-03
 -3.3255555e-03
  3.1495499e-03
  2.7772745e-03
 -1.8542799e+00
  1.5707345e-01
 -9.3771121e-04
 -5.8883382e-03
 -6.1174543e-03
  5.1070936e-03
  3.8261586e-03
  9.2048459e-03
  3.7133016e-03
  9.3271926e-02
 -3.3292046e-04
  5.0488595e-02
  4.0589883e-03
  3.5856592e-03
 -2.6191296e-03
 -2.2675549e-03
  3.9858404e-03
  1.0366698e-02
  2.5684219e-03
  7.3097330e-03
 -2.9242095e-03
 -1.5449715e-04
  1.6178260e-02
 -3.1911582e-03
  1.1006672e-02
  1.8704376e-03
 -4.8479727e-03
  1.5206574e-02
  5.8373692e-03
 -1.6986683e-03
  3.3890590e-02
  2.5569722e-01
 -3.3496362e-03
 -6.7595276e-03
  1.4965307e-02
  1.1093105e-03
 -5.6928181e-04
  2.9550460e-03
 -6.7070527e-03
  4.3291315e-03
  2.2534290e-03
 -1.2174725e-02
  7.7514132e-03
 -9.8201949e-03
 -8.2238754e-03
  1.9455833e-02
 -2.2331865e-03
 -6.7133695e-04
 -1.7744927e-03
  2.5448576e-04
 -2.7443022e-02
 -5.0922679e-03
 -1.3332903e-02
 -5.0697452e-03
 -6.4805802e-03
 -2.1320763e-03
  6.7466199e-03
 -1.2725207e-03
 -4.1708231e-04
  1.5420101e-03
 -1.1575273e-03
 -4.4380426e-03
  1.0640875e-02
 -4.8246011e-03
  2.3565004e-03
 -1.2496074e-03
 -3.9213151e-02
  2.7329862e-04
  1.2288268e-03
  4.7031301e-04
 -2.5400918e-03
 -2.1129197e-03
  1.3108243e-03
  1.3606555e-03
 -9.2495289e-03
  8.9461950e-04
 -4.8804558e-03
  2.6811645e-03
 -7.0321499e-03
 -4.0607480e-03
  1.9710802e-03
 -1.2154279e-03
  7.4720881e-03
 -4.2961123e-03
 -5.9398897e-03
  5.5635311e-03
 -1.5941119e-02
  1.0706864e-03
  1.1644890e-03
 -5.5728001e-03
  1.4783461e+00
 -2.6400617e-01
 -3.0363321e-01
  1.4567467e+00
  1.8611546e+00
  2.2557701e-01
  2.0452081e-01
 -1.0536373e-01
 -8.6262482e-01
  5.2876770e-01
  1.6659162e+00
 -2.9926711e-01
 -3.3692166e-01
 -1.3113955e+00
  9.7160715e-01
 -1.9418300e-03
 -1.8959798e-01
 -1.9125643e+00
 -2.0893705e-01
  6.0225850e-01
 -1.4473508e-01
  4.8826793e-01
 -1.4969732e+00
  3.2086441e-01
 -2.7608445e-01
  5.9325695e-01
  6.2277308e-03
 -1.7128569e-01
  9.9282591e-03
 -1.2148148e-03
 -7.4200998e-03
 -2.1614442e-03
 -9.5048090e-03
  9.1614184e-04
 -5.3401580e-03
 -4.5136069e-03
  2.8889109e-03
 -3.4807101e-03
  1.4829074e-02
  1.2119683e-03
  9.1487840e-03
  2.0747506e-03
  9.3984203e-03
 -2.9670433e-03
 -1.0780458e-02
  6.9575611e-04
  1.5836529e-03
  1.2758010e-02
 -1.3057374e-02
  2.6087579e-04
  1.2207405e-03
  4.2127967e-03
 -4.9701263e-04
 -1.1604168e-03
 -3.4833934e-02
  3.3938151e-04
 -3.0963807e-03
 -5.2912352e-03
  8.7260042e-04
  6.0500787e-03
  4.7732523e-01
 -1.6418569e-02
  1.4605343e+00
  5.2857073e-03
 -4.1269597e-01
 -2.1875866e-01
 -9.2239426e-03
 -9.0941638e-03
 -3.7069763e-03
  4.6992525e-02
 -1.2900318e-02
  8.3604939e-02
 -7.7370048e-02
  5.5232501e-01
  2.1465411e-03
 -1.8113451e-03
 -4.3837372e-02
  9.0030277e-01
 -1.1277273e-03
  2.5967269e-03
 -2.7085003e-01
 -4.3576103e-01
  3.5963573e-03
  5.9635867e-03
  2.5320429e-01
  1.3362202e-03
  4.8559369e-03
  7.4414648e-03
 -7.5026881e-04
  1.3838229e-03
 -1.1112306e+00
  5.0105244e-01
 -1.1413916e+00
  2.8063810e-01
  5.7492483e-01
  4.8434982e-01
 -4.5246464e-01
 -2.9268843e-01
  3.8572568e-02
  1.5883844e-01
  1.0021586e-03
 -3.4624538e-01
 -2.1772625e-01
 -3.6138606e-01
  1.4256370e-01
 -3.2818295e-02
  2.0570439e-01
 -8.1657034e-01
  5.0202650e-01
 -2.7032211e-01
 -9.8800087e-01
 -5.2093661e-01
 -5.4915762e-01
 -1.8477252e-01
  9.3083608e-01
 -9.3605414e-02
  9.2573889e-02
 -9.9019567e-03
  2.0129154e+00
 -1.6354339e-02
  7.4488109e-01
 -4.6914622e-02
 -6.9601171e-02
  6.4993930e-01
  6.9330043e-01
  3.4402462e-04
 -3.3920228e-01
 -1.8842261e-02
 -3.0058733e-01
  9.1853470e-04
 -7.9538561e-03
 -9.4707171e-03
  6.5709912e-04
 -3.8941316e-03
  3.4895014e-02
 -3.2772463e-02
 -4.2834779e-04
 -8.2413843e-03
  1.0214193e-02
  3.5038733e-01
  2.1551941e-03
  2.3636397e-03
 -1.2297535e-04
 -1.9174637e-01
  1.0171458e-04
  2.6389616e-02
  1.7961167e-03
 -2.8695331e-03
 -2.6599422e-01
  6.6470314e-04
 -1.2426738e+00
 -1.8542625e-01
 -1.8051687e-01
  2.3946512e-01
  7.8483321e-02
  5.6721085e-01
 -8.9248705e-01
  9.7551042e-01
  9.5688260e-01
  1.1740859e-01
  1.0998976e+00
 -2.6927296e-02
  5.8619273e-01
 -2.0715890e-02
  4.2373151e-01
  8.7628543e-01
  1.7234483e-01
  1.8719462e-01
  3.2442024e-01
  6.2509745e-01
  1.7136024e-01
 -7.0374155e-01
  6.0239911e-01
 -3.8867775e-02
  9.5498925e-01
 -5.3497905e-01
 -3.6767069e-03
 -7.6360032e-02
 -7.4032890e-03
  4.0146279e-01
  2.4596740e-01
  4.9127877e-01
 -9.7709900e-01
 -5.4496350e-03
  1.4820924e-01
  1.8494872e-02
 -4.5383754e-03
  1.0092787e-02
 -2.0436731e-03
  5.2640936e-03
 -2.7557195e-03
 -7.7286828e-03
  1.6361500e-04
 -7.3158867e-03
  8.9044683e-03
 -1.0628940e-03
 -3.3297895e-03
 -6.2022440e-04
 -2.3397696e-03
 -1.0270842e+00
  4.8375913e-04
  1.0824068e-02
  1.9550892e-02
 -8.4718748e-04
  3.6588660e-03
  1.5132104e-02
 -1.7392863e-02
  2.8000821e-03
 -6.1866390e-03
 -1.5724242e-02
 -2.7592915e-01
 -4.8894492e-01
 -3.0539712e-02
 -9.7194664e-02
  8.1072855e-01
  2.9047639e-03
 -6.8549715e-02
  6.2079869e-02
  2.4821775e-01
  5.8275998e-01
 -2.5396770e-02
  5.0935792e-03
 -4.9407582e-04
 -2.6039863e-01
 -1.6662782e-03
 -6.0319930e-01
 -1.4781870e-03
 -5.5365986e-04
  3.3710930e-01
  5.8177519e-01
 -3.4896976e-01
  2.0422612e-03
  1.1099093e-02
 -4.6002716e-01
  1.2304282e-02
 -5.3157407e-04
  2.4952285e-03
  1.9056119e-02
  3.1246323e-04
 -1.8350454e-01
  4.5667151e-01
  3.5416418e-01
  8.9839630e-02
  1.8445922e-02
 -1.7013960e-01
  1.3134425e-02
  2.2596838e-03
  5.4670423e-01
 -2.1546174e-02
 -1.0839736e-02
 -1.5289142e-02
 -1.3801527e-02
  2.8821994e-02
  1.6966663e-01
  8.7446421e-02
 -6.7844219e-04
 -1.5367700e-04
  4.3920640e-02
  7.2585293e-03
  4.2990115e-03
 -1.8299703e-02
 -1.0140269e-01
  5.9891101e-03
 -4.5483428e-04
 -7.1259297e-04
 -1.3585218e-02
 -8.4072798e-03
  7.1861944e-03
 -8.3509256e-04
 -8.6828647e-03
  5.7523992e-02
  3.5660431e-02
  2.0325762e-01
 -5.0525839e-04
 -1.0761885e-02
  9.6230619e-03
  4.4679586e-03
 -2.2281224e-03
 -4.3394594e-03
 -5.7464154e-03
  1.4048814e-02
  4.0637270e-02
  1.9261261e-03
 -7.0829354e-03
  3.1448685e-02
 -1.5551212e-03
  3.9837495e-03
  1.1843582e-02
  9.3586696e-03
 -2.7725575e-03
 -3.1410693e-04
 -1.0674808e+00
 -1.2373757e-01
  1.2698330e-01
  4.0102899e-03
 -1.3320389e-03
  3.9492315e-04
 -6.0228230e-03
  1.1217679e-04
 -6.2360973e-03
 -2.5482869e-02
 -4.4463098e-01
 -2.9156899e-01
 -7.2382003e-02
  2.0188080e-01
  2.4491832e-02
 -6.7893515e-04
  5.9243411e-01
  1.2265506e+00
  2.6845387e-01
 -9.2491344e-02
 -3.6322589e-03
  2.1668367e-02
  6.0992533e-01
  3.9219728e-01
 -5.8220077e-01
 -6.4835413e-03
  1.0265833e-02
  4.1945422e-01
  1.4867938e-01
 -1.5078690e-02
  9.9479713e-02
  5.8189873e-04
  1.2325028e-01
  6.9694370e-02
  5.7597561e-03
  4.4130660e-03
 -1.7846103e-03
 -1.9902072e-03
 -1.5182009e-01
  1.9262687e+00
  8.5776520e-01
  1.5243223e+00
 -1.2815871e+00
 -6.2980485e-01
  1.1729782e-02
  1.1912646e+00
  1.1389136e+00
  5.7053429e-01
  1.9076807e+00
 -1.0391534e-01
  4.8880827e-01
  5.3865880e-01
  8.0112658e-02
  4.2575279e-01
 -4.3799087e-01
  1.9219075e+00
  9.0699811e-03
 -5.3862834e-01
  3.1690616e-02
 -7.4350291e-01
  4.0060204e-01
 -8.9252359e-01
 -3.8221702e-02
  7.2675544e-01
  2.7011576e-01
 -5.2286452e-03
  3.4175247e-02
 -8.2447995e-03
 -1.0142126e-01
  5.9005497e-03
 -3.1659622e-02
 -2.2645204e-03
  3.0853128e-01
 -5.2147295e-02
  1.6357014e-03
  4.7915555e-03
 -3.6502234e-03
 -1.5443882e-03
  1.5094684e-04
  1.8316496e-03
 -6.1351424e-03
 -1.4907398e-03
 -2.3953894e-03
  6.2891287e-03
 -2.5465928e-03
  1.7471835e-03
  9.3628162e-01
 -4.0629311e-03
  6.2045897e-03
  3.9718635e-04
 -2.5244344e-03
  8.6253919e-03
 -3.5627601e-03
 -2.5325280e-03
  2.1285777e-01
 -8.3035221e-03
  2.4785639e-03
 -1.9536936e-03
 -6.9450922e-03
 -2.1772319e-04
 -1.7060276e-02
 -3.8419066e-03
 -3.6258654e-05
 -1.3744485e-03
 -5.3632995e-03
  3.1459649e-04
  9.5617093e-02
 -1.7515371e-02
  1.5493181e-02
 -2.7571896e-03
 -1.4109525e-04
  3.3336766e-03
 -5.3784209e-03
 -4.8518232e-03
  9.3526603e-04
 -2.3928145e-03
  2.5226255e-03
  1.5638449e-03
 -2.1440177e-03
  4.9433960e-03
  5.2221366e-03
  1.0597409e-04
  1.7672386e-04
  2.5445502e-03
 -4.0855086e-03
 -2.2887490e-03
  7.5575626e-03
  2.9275143e-01
  5.2824843e-04
  1.4941762e-02
 -8.9649193e-02
 -2.7777378e-03
  1.7727441e-04
  9.3028828e-04
  3.9423956e-03
  9.2063127e-03
  6.0075214e-03
  4.7224560e-03
 -7.6771108e-03
  4.6640694e-01
 -8.7564322e-04
 -9.6355397e-03
 -2.7638543e-03
 -5.2398099e-03
 -2.9824113e-02
  2.5472352e-03
 -1.6001274e-03
  7.9489249e-04
 -5.2830130e-03
 -5.9183738e-03
 -5.6172878e-04
 -5.8432329e-03
 -1.5027643e-03
 -6.5274341e-03
  4.0365782e-04
 -8.0584781e-03
 -6.3184621e-03
  5.5617671e-03
 -9.3691093e-01
 -1.5342544e-01
 -1.0053409e+00
 -6.3369608e-01
  8.6319298e-02
 -3.0934876e-01
 -5.3439350e-03
 -1.0475429e-03
  5.2500226e-02
  4.1951039e-01
  2.1008777e-03
  8.4707178e-03
 -1.4697324e-04
 -1.3213642e-02
  2.1645837e-03
  6.6862567e-03
 -1.6228139e-02
  1.2142071e-02
 -2.1275328e-03
 -5.7348574e-04
 -7.1344003e-02
  3.8189750e-02
  4.3484969e-03
 -1.6643930e-03
  1.0560818e-03
  1.0610029e-02
  3.8315587e-02
  7.5378818e-03
 -1.7775409e-04
 -1.2930209e-02
 -2.5076070e-03
 -2.6637034e+00
 -5.6259233e-01
  7.3384166e-01
  2.7461367e-02
  5.5638963e-01
 -3.2558417e-01
  2.6060304e-01
  3.7111122e-02
  1.5433806e+00
 -1.3776502e-01
  4.9994897e-02
 -2.2018626e-02
  1.5595037e-01
  3.3697657e-02
  2.8616202e-01
  2.2388063e-01
 -1.9967163e-02
  9.0426132e-03
 -4.7002823e-04
  1.4503976e+00
  1.3771740e-01
 -4.9990481e-03
  1.2396064e-02
  9.1173828e-02
  2.8492946e-02
 -1.1581155e-02
  2.0959526e-03
  8.2958592e-05
 -1.1338225e-02
  2.9140612e-04
 -1.9040550e-03
  1.7508388e-03
  6.2304549e-03
 -9.1441505e-04
  2.1978907e-01
 -5.4017548e-03
 -4.2614242e-01
 -2.1408261e-03
  2.0335705e-03
 -5.5469619e-03
  4.1708518e-03
  1.1015583e-02
  1.1628200e-03
  1.2843534e-01
  9.9131255e-04
  2.6500146e-03
  5.0127623e-03
 -2.8921105e-04
  1.6357757e-03
 -1.5128395e-04
 -2.0623999e-03
  2.0355133e-03
  4.5860503e-03
 -2.5294458e-03
  5.4933429e-01
 -5.3454028e-03
  3.4868417e-03
  1.1446558e-02
  4.6520852e-03
  5.2962423e-04
 -1.5850190e+00
 -1.0093651e+00
 -3.9849371e-02
  9.7510123e-01
 -1.7442244e-01
  1.2120706e-03
  5.9442973e-01
  1.3228223e+00
 -1.0011146e+00
 -1.5170633e+00
  2.2381756e-01
  2.1669420e-03
  8.8640416e-01
  2.2435291e+00
 -7.9219965e-03
  2.2645660e-01
  1.0283062e-03
  3.3420035e-01
 -2.1160726e-01
 -1.5133725e-01
 -2.6226595e-01
 -1.0831675e-03
  5.8467370e-01
 -9.7861424e-02
  1.4958613e-01
 -1.3803927e-02
 -1.3910403e-02
 -4.9988478e-01
  1.3047130e-02
  5.5354536e-03
  2.2820643e-01
  2.9644007e-02
 -4.3630359e-01
 -5.4020402e-03
  7.1260363e-01
  3.5458216e-01
  5.1799924e-03
  2.1983866e-02
  1.6509583e-02
  1.4184426e-03
 -3.3948524e-03
  4.3508201e-03
  1.1277448e-03
  1.0827966e+00
 -6.6345097e-03
  2.6184511e-03
 -7.6710260e-03
 -4.1747577e-03
  1.4119219e-03
  1.9038193e-02
  1.1153203e-02
  3.9119963e-04
  1.1952422e-03
  8.0127560e-04
 -1.1082946e-03
  2.0207094e-02
  1.2647406e-02
  1.8278677e-02
 -6.3816989e-03
  1.1143327e-02
  7.3946984e-03
  2.2882267e-03
 -2.2392443e-03
  1.5430473e-03
  1.1632247e-02
  5.2327062e-03
  1.6238820e-02
 -8.8368956e-04
  7.3714652e-03
  4.5937486e-03
  6.5617292e-04
  4.5030663e-04
  1.8652445e-03
  4.1604852e-03
 -7.3199900e-04
  1.4268497e-03
 -2.5901485e-03
  1.2099431e-04
 -5.4714549e-03
  3.3160251e-02
  6.5353550e-03
  7.5315050e-04
  8.8573183e-04
  1.2953975e-02
  9.5782913e-03
 -5.4504308e-03
 -4.7499794e-03
  1.2770785e+00
  8.3657337e-04
 -3.8825504e-03
  1.3516811e+00
 -6.3789658e-02
 -1.0045806e-01
 -3.7062070e-01
 -1.3556906e+00
 -1.0135577e+00
 -3.3305436e-01
  1.1698086e+00
 -1.6126247e-01
  9.6708465e-01
 -3.0881685e-01
 -2.9909354e-02
  5.5316782e-01
  6.6928792e-01
 -3.9821291e-01
  1.9092706e+00
 -4.2852414e-01
 -6.2175546e-02
 -2.9468602e-01
  5.7125205e-01
  7.6664788e-01
  6.3862116e-03
 -2.0915316e-03
 -2.2485101e+00
 -1.9070397e-03
 -4.6678628e-03
  7.2186715e-03
  4.4278465e-02
 -5.0977814e-01
 -2.5781340e-03
  9.6946269e-01
 -3.2011226e-01
 -7.7237177e-01
 -2.7189291e-01
 -5.7724830e-02
 -4.0768951e-01
 -2.9899869e-02
  3.2111773e-01
 -6.0007244e-01
  2.1081178e-01
 -1.7943332e-01
 -3.3791298e-03
  7.8020483e-02
  1.2922170e-02
 -2.7430186e-03
 -4.8860750e-01
 -2.1037139e-01
 -1.1394233e-02
 -2.0388312e-04
  2.4242233e-01
  8.2744844e-02
  1.8155999e-02
  1.0998382e-01
 -3.9269972e-01
  4.9128982e-01
  7.8744330e-03
 -6.2861741e-03
 -1.5217514e-01
  1.5821617e-02
  5.8195810e-04
 -1.9968194e-01
  1.9333797e-03
 -2.0241421e-03
 -5.3583649e-03
  5.1710797e-03
  5.0199563e-03
 -8.6680660e-03
 -8.7290211e-03
  4.6355492e-03
 -7.7424524e-03
  4.4420990e-03
  2.0861428e-02
 -9.8746934e-04
  1.4704312e-02
  9.9202420e-04
  4.3793456e-03
 -4.9284818e-03
  2.1135148e-03
  3.7068729e-03
 -8.5885596e-01
  2.7067943e-03
 -2.7344814e-03
 -7.3811254e-03
 -1.7275227e-02
  1.1355052e-02
  1.6996865e-03
 -1.7602727e-02
  1.0054776e-02
  8.0060279e-03
  6.9662458e-03
 -6.0440488e-02
 -1.3939463e+00
 -6.6561967e-01
  1.0921282e-01
 -9.7770536e-01
  3.0798793e-01
 -2.9296601e-01
 -1.5504621e-01
  8.1961766e-02
  1.9480935e-01
 -9.0405755e-02
  1.8168274e-02
 -8.6781196e-02
 -1.0386545e-05
 -3.0971062e-01
 -1.6550078e+00
  6.9266140e-02
  2.7519694e-04
  1.3200109e-01
 -7.0661706e-01
  1.2172756e-02
  4.3600264e-01
  3.1979411e-04
 -3.8689464e-01
 -7.8674980e-02
  2.5313031e-02
  1.3452927e-04
 -3.1306994e-01
 -3.6652237e-01
 -1.0233668e-02
  1.1735376e+00
 -3.1351233e-01
 -1.0299429e-01
 -6.2961018e-01
 -9.8507142e-01
  8.8259101e-02
  5.2409079e-02
 -1.5022422e+00
 -7.6842988e-01
  1.2680186e-01
  1.7803821e-03
 -2.9499630e-02
 -6.3460135e-01
 -1.8930675e-01
 -2.4158220e-01
  4.7897381e-01
 -4.0526995e-01
 -3.8031355e-01
 -8.8500887e-01
 -8.1770957e-01
  2.2000390e-01
 -1.8785426e-03
  2.1111529e-01
 -1.0249838e+00
 -2.4906448e-01
 -1.5050271e+00
 -1.9682508e-03
  3.2331213e-02
  3.7089398e-04
  6.7082522e-03
 -5.1763668e-03
 -5.5110548e-04
 -1.4745031e-02
 -1.4826523e-02
 -3.9950218e-03
 -9.4141532e-04
 -1.4482226e-02
  1.6769835e-01
  1.2255413e-03
  3.0723320e-02
 -1.9070690e-02
 -5.8002817e-04
  1.8330102e-03
 -3.7723575e-03
  1.2316148e-03
  3.4863346e-03
 -2.5541123e-03
 -9.0881845e-04
 -2.9480769e-03
  7.1475445e-03
  4.4165555e-04
  1.0422615e-03
  3.9322662e-01
  3.0283479e-03
  1.0368740e-02
  4.1589993e-03
  1.8710794e-02
  7.4284105e-03
  4.1998797e-03
 -4.4970061e-03
  1.0081519e-02
  4.1983119e-01
  6.8747788e-03
  2.5416422e-03
 -4.8504788e-03
 -3.5303744e-04
 -6.3932068e-03
 -2.7795057e-03
 -1.2571709e-03
 -3.8391398e-03
 -2.6563348e-02
 -1.2427471e-02
  3.2744859e-03
 -6.6598025e-03
 -7.1608541e-03
  9.1868434e-03
 -8.1989542e-03
  5.6465608e-03
  7.7909683e-03
 -1.5727310e-02
  1.6676952e-04
 -1.6668104e-02
  9.9830851e-03
 -1.2902871e-02
  1.1500180e-02
  5.4524960e-03
 -2.2988343e-03
 -1.1568467e-02
  1.1119949e-02
  6.8398695e-03
  1.2697770e-03
 -1.3024502e-02
 -3.5812840e-02
 -2.3527014e-04
 -4.3971062e-01
 -3.5708284e-01
 -2.0504149e-03
  2.4553072e-03
 -9.8282844e-03
  4.3553258e-03
 -7.2653152e-02
 -2.3612563e-02
  6.4056640e-04
 -4.9662623e-03
  5.1209950e-03
 -9.3725603e-03
  1.5388262e-03
 -3.1372865e-03
  7.3374128e-03
  7.1548051e-03
 -1.4290819e-03
  2.9729009e-03
 -9.5934058e-03
  7.2773271e-03
 -4.6934960e-03
  1.3884326e-02
 -5.7178675e-03
 -1.1469140e-02
  9.3396790e-03
  9.7606946e-03
  1.5063692e+00
  1.4230856e+00
  1.3135041e+00
 -1.1693637e+00
 -5.8779478e-01
  4.6468252e-01
  9.4920194e-01
 -2.2729974e-02
  2.9569739e-02
  1.6662436e+00
  2.4677740e-01
  1.0224596e+00
  2.2545330e-01
  6.6928262e-01
  1.1547618e+00
 -7.2340584e-01
  3.5192497e-02
  2.0983484e-01
  6.7064196e-01
  1.4079608e+00
 -3.4005153e-01
  5.6712776e-01
 -3.3965960e-01
 -2.2249824e-01
  9.8182535e-01
 -3.0720569e-03
 -4.1109109e-03
 -3.0438569e-01
 -1.2137290e-01
 -2.7551082e-01
  5.2049565e-01
  1.4353974e-01
  4.2000675e-01
 -2.0306060e+00
 -5.4855412e-04
 -1.9944289e-03
 -4.0474150e-04
 -1.5840856e-02
  1.0801953e-02
  1.5275131e-03
 -1.3833579e-01
  8.4780827e-03
 -9.2269974e-03
  2.8645186e-02
 -2.0998267e-02
 -6.6895238e-03
 -3.6369226e-04
 -1.8832269e-03
  3.1405257e-03
 -5.1386203e-03
  7.4940366e-03
  3.0268708e-02
 -1.8341633e-02
 -1.5977698e-03
  2.4255202e-03
  4.8483210e-03
  1.2800940e-03
 -2.7263840e-04
  2.1162780e-03
 -1.9697612e-02
 -2.7523357e-02
 -3.4533604e-03
  1.0051332e-02
  3.5119252e-04
  2.8472158e-01
  5.1053688e-03
 -6.8523567e-03
  3.4397249e-03
 -6.8401061e-03
  3.0779769e-04
  1.3790608e-02
  7.5255786e-03
  1.1728465e-03
 -6.2095686e-03
  7.4856882e-03
  5.7787783e-03
 -1.9818752e-03
  3.9048200e-03
  3.1814560e-02
 -1.1207848e-02
 -5.3927816e-02
  7.1024857e-03
  6.9157101e-02
  2.5215065e-01
  1.3578974e-04
 -8.4343869e-03
 -6.7523113e-03
 -4.7161421e-03
  6.1925543e-03
  9.5760543e-03
 -1.3151496e-05
  1.3435871e-03
 -5.3538725e-04
  1.8011276e-03
  6.2439702e-03
 -1.9470435e-02
 -7.3803463e-03
  3.1263616e-03
 -1.1261822e-02
 -2.7032285e-03
  6.6977749e-03
  1.7532157e-02
  4.4165100e-03
 -2.1365689e-02
 -2.6724848e-03
  5.9298009e-02
 -1.1024331e-02
 -6.4625442e-03
 -9.9913981e-03
 -2.3106427e-03
 -5.1251790e-03
  9.8122435e-04
  6.9270837e-01
 -2.4966409e-03
 -2.8101006e-03
 -1.9547988e-03
  7.7311238e-03
 -2.5053716e-03
 -3.4714700e-04
 -8.4811393e-03
 -2.1932822e-02
 -1.0770812e-03
  2.2115942e-02
 -1.3265721e-02
 -3.8213683e-03
 -2.1246541e-03
  7.1434504e-03
 -4.4363225e-03
  1.6054849e-03
 -7.1897259e-04
 -2.1675101e-03
  4.1049154e-04
 -1.9956552e-03
  3.2954321e-03
  8.9075023e-05
  7.7662308e-04
  4.0831179e-03
 -2.2440543e-03
  1.7334422e-02
  2.3471334e-03
 -5.5267119e-01
 -1.9066924e-02
 -1.3342769e-02
  4.4640754e-03
 -6.0302555e-03
  3.6055970e-03
  9.0422286e-03
  2.1813218e-03
  7.5297867e-04
  2.3295176e-01
 -7.5318128e-02
 -6.3281101e-01
  5.9903990e-03
  1.6976530e-02
 -2.9112485e-03
 -2.3068340e-02
 -5.6423885e-01
  1.7231013e-01
  2.4179160e-03
 -1.2704995e-03
  1.8589264e-03
 -2.5367165e-01
 -1.4494826e+00
  2.3483790e-05
 -4.3159169e-01
 -4.1261500e-01
 -2.2084515e-03
  2.9310821e-02
 -1.1716847e-01
 -1.3246414e-03
 -1.5786083e-01
 -5.7114363e-01
  2.7898094e-03
  1.2366268e-02
 -6.7047426e-03
  1.3274966e+00
 -1.9073879e-02
  5.4716072e-03
 -1.4594397e-02
  2.9774858e-03
 -3.4942618e-01
  9.2935693e-01
 -9.7288214e-02
 -5.7346469e-01
  1.4158617e-01
  1.3116288e-01
 -1.2248046e+00
 -1.3751099e+00
 -4.2512715e-02
  1.5942255e-02
 -4.2842958e-02
 -1.7801228e-01
  4.2774305e-01
 -1.9718887e-02
  6.1908990e-01
 -3.7248746e-01
 -1.8442331e-02
 -5.2104360e-01
 -8.6420625e-01
  1.7174032e-02
 -3.2524505e-01
 -6.3044733e-01
 -4.7938493e-03
  1.7400252e-02
 -1.2239937e-01
  1.3626975e+00
 -3.5993198e-01
  2.7337987e-02
  3.9895367e-02
 -1.2863176e-02
  3.7698073e+00
  1.0629449e-01
  3.2263421e-03
  3.3764255e-03
  4.9023885e-01
  5.6454146e-01
 -6.5710098e-01
 -1.1709361e+00
  1.0388844e+00
  1.3148181e+00
 -4.3516576e-01
 -1.3887525e-02
 -5.8155221e-01
  1.1586763e+00
  1.2171059e+00
  4.0015844e-01
  7.5594127e-01
  4.6102852e-01
  2.3795769e-02
  2.5554065e-02
 -7.7900392e-01
  4.5331109e-01
 -8.6195707e-02
  7.3776357e-03
  1.1509191e+00
  2.2557852e+00
  5.4275841e-01
  1.3101145e-03
 -1.6201655e+00
  2.4500911e+00
  2.7178097e-01
  3.7285075e+00
 -2.3107634e-01
 -8.0129182e-01
 -9.8881513e-02
 -2.3736289e-01
  8.9396155e-01
  1.1749672e+00
  7.6165956e-01
  1.0891788e+00
 -4.3461606e-01
  9.8425472e-01
 -6.7560971e-01
 -3.4574743e-02
  2.2897973e+00
 -1.3049932e+00
 -7.9503089e-01
 -5.1201558e-01
  1.8580089e+00
  2.7575856e-01
 -6.8064337e-03
  2.6312158e-02
 -2.0480318e+00
 -2.5480962e-01
 -3.6658978e-01
 -1.9472010e+00
 -3.0419813e-02
  3.2307440e-01
  1.4420738e+00
  1.3998322e-03
 -6.3096642e-01
  4.9740320e-01
  2.6883259e+00
 -1.9368491e+00
 -3.6353324e-02
  1.2007834e+00
  8.2256272e-03
  2.1345283e-01
  8.2917517e-01
 -1.0463598e+00
  1.1587044e-01
 -1.2941849e-04
  1.2932308e+00
  1.3119444e+00
 -1.6236329e-02
 -1.4522123e-01
 -2.2616665e+00
  1.2142451e+00
  1.1458219e+00
  6.9674999e-01
 -8.1044561e-01
 -5.6245413e-02
 -1.3010874e-02
 -2.6140773e-01
 -3.1681803e-01
 -1.3931667e+00
 -7.6198173e-01
  1.2676081e-01
  2.4983247e-01
 -3.6209840e-02
  1.8476788e-02
 -1.6648556e-03
  8.6981457e-01
 -1.6210708e-01
 -7.3584956e-01
 -7.9860145e-01
 -1.7457662e+00
 -5.5165797e-01
 -5.8902043e-01
 -1.9940877e-01
  1.0609728e+00
 -4.0488863e-01
 -3.6498612e-01
 -3.5105771e-01
 -1.8530785e+00
 -5.6367743e-01
  8.7147427e-01
 -2.5915861e-01
  1.4064471e+00
 -8.6746824e-01
  2.5883642e-01
  9.8283663e-02
 -9.5147234e-01
 -6.2098008e-01
  3.4598596e-03
 -2.2790549e+00
  4.0899596e-01
 -7.6311611e-02
  6.2871826e-01
 -3.1364539e-01
 -3.4130600e-01
  2.2796093e-01
  1.1843003e+00
  6.9094449e-02
 -1.4303133e+00
 -4.1784257e-02
  1.0016201e+00
  6.4006609e-01
 -1.6253538e+00
 -6.6761619e-01
 -6.7846114e-03
 -7.3149025e-01
  7.2320348e-01
 -9.1205686e-02
  4.3291342e-01
 -2.7942744e-01
  8.3199275e-01
  2.3247217e-01
 -1.1551272e+00
  9.6465029e-02
 -2.3960254e+00
  4.9253088e-01
  2.3575813e-01
  1.2473965e+00
 -7.1708286e-01
  2.8921976e-03
 -1.6902972e-02
 -2.9418943e-04
  8.5564144e-02
 -2.8341454e-01
 -3.1030211e-01
 -1.6926750e+00
  7.0945673e-02
  8.4710872e-01
  8.1061110e-02
 -4.9935062e-03
 -1.1887244e-01
 -8.8330549e-01
  1.2342684e+00
  1.8264998e+00
 -2.1412209e-01
 -6.5029622e-04
 -4.2423257e-03
 -1.5317418e-03
  1.6977483e-02
  7.3718828e-01
  4.7751367e-02
  2.1254998e-01
 -3.4327877e-01
  6.2545543e-03
  1.1685898e-02
 -6.6112964e-03
  1.5227497e-01
 -1.1278602e+00
  2.7558122e-02
  1.5839538e-01
  4.2676836e-01
  8.6790475e-04
  6.6421251e-03
 -5.6125340e-03
 -9.0151530e-04
 -1.0032495e+00
 -6.4548302e-01
 -1.0757556e+00
  1.1788884e+00
  6.9539285e-01
  1.5480443e-03
 -1.5545565e-03
  1.4144824e-02
 -9.9199784e-01
  1.4679985e+00
  6.8442041e-01
  1.2784354e-01
  1.4967051e-03
  8.7952697e-01
 -4.0751154e-04
 -7.5235486e-02
 -1.4297250e-01
  1.0382195e+00
  1.7556497e+00
 -3.7108418e-01
 -2.9844156e-01
 -2.2224218e-01
 -3.8186393e-03
 -5.8441579e-01
  3.5651228e-01
  6.0539079e-01
  9.4661021e-01
 -5.6185192e-01
 -7.2751653e-05
 -1.6991895e-03
  8.2331374e-03
  5.0511535e-02
  5.5735594e-01
 -3.1494037e-03
  3.8839105e-04
 -7.9763192e-01
 -1.0705526e-01
  4.8437808e-03
 -2.5159182e-02
  1.1985359e+00
  1.2120721e+00
  1.6773653e+00
  1.4183992e+00
 -4.8005790e-01
  8.3372602e-03
 -1.9687396e-03
 -1.3806751e-02
  1.7804904e-01
 -1.2934378e+00
  4.9475563e-01
 -2.3921515e-01
  1.0702245e+00
 -1.8526264e-01
 -4.1924030e-02
  3.2005429e-03
  1.8278645e+00
  1.4857167e+00
 -1.2994913e+00
  4.5484042e-01
 -1.4119161e+00
 -4.6081785e-03
 -5.9836437e-03
 -7.8636955e-04
 -1.6238132e-02
  1.0647373e+00
  1.2592907e+00
  7.9884827e-02
 -2.3765524e-01
 -5.0330335e-01
 -8.4143812e-03
  1.2995482e-02
 -8.0084378e-01
  4.8787534e-01
 -1.8921674e+00
 -1.4104429e-01
 -1.7527508e+00
  3.3259763e-05
  3.7509969e-03
  1.3477462e-02
 -2.3664976e-02
  1.5185343e+00
 -1.1443751e-03
  1.3135055e+00
 -1.4357843e+00
  5.4044142e-02
  3.5088758e-03
  5.5713281e-03
 -3.3452404e-01
 -6.8951434e-01
 -1.8036876e+00
 -2.0056953e-01
 -2.9046762e-01
 -2.8920761e-01
 -8.8736601e-03
  8.6495909e-04
  2.5302190e-01
  4.7969544e-01
 -1.1559436e+00
  5.0348049e-01
 -3.8085824e-01
 -3.2970601e-01
  6.8989242e-03
 -1.1365644e-02
  8.5037357e-01
 -8.5222518e-01
  5.4812443e-01
 -1.7784473e-01
  3.5309559e-01
 -1.1686360e+00
 -4.6153269e-03
  1.2733186e-02
  2.4060633e+00
  7.0398813e-01
 -5.0964858e-03
 -3.0340713e-01
 -1.3219701e-01
  7.4798548e-01
 -2.7737001e-01
  1.0358309e+00
 -2.0503435e+00
 -1.6299538e-01
  4.7026497e-01
  3.1909534e-01
 -2.7669256e-03
 -1.2288214e-01
  5.0516324e-03
  4.7931718e-03
  1.6080083e-01
  2.1078376e-02
  5.3793467e-03
  2.6268500e-03
  5.2751589e-01
 -1.0793347e-01
 -4.0104100e-03
 -2.3979722e-03
  2.7991720e-02
  7.8971869e-01
  5.7131927e-02
  6.2264395e-01
 -4.5178968e-01
  2.7098891e-01
  1.2779691e-02
  7.8103676e-02
 -1.7527215e-01
 -3.1087011e-01
 -1.6705612e-02
 -3.5756905e-02
  6.8151748e-01
  1.0567844e+00
  6.9073156e-02
 -2.0034723e-03
 -5.8054554e-01
 -8.8160723e-01
 -9.5113701e-01
 -2.7123118e-02
 -2.1004254e-01
  3.3106166e-01
 -2.5350482e-03
  2.8550148e-01
 -6.8609081e-02
  1.3114531e-01
  3.3585903e-01
 -8.9997225e-02
 -1.5353050e+00
 -7.9565130e-02
 -4.8665896e-02
 -1.5061339e-03
  3.4482828e-01
  2.4777884e+00
  6.0660553e-01
 -1.1303339e-03
 -6.5450615e-01
  2.5261554e-01
 -3.6860697e-02
 -7.0749186e-02
  3.6376870e-01
 -1.8511446e-02
  1.4363480e-02
 -1.0809630e-02
  1.3953099e+00
 -8.0789727e-01
  3.2175398e-03
  6.6691838e-02
 -3.5421908e-02
 -2.3535088e-01
  2.0082285e+00
  4.0500522e+00
 -8.9742398e-01
 -3.4507054e-01
  6.5117113e-02
  1.8438483e-02
 -3.1168428e-01
 -1.2060486e-01
  4.9107318e-04
 -6.6685006e-03
  8.5444325e-01
  7.5122112e-01
  9.4114459e-01
  2.7449413e-03
 -3.4834555e-01
  8.7254190e-01
  1.1923258e+00
  1.0694478e+00
 -4.9438938e-01
  1.2676204e+00
  1.0058074e-02
  5.6169081e-01
  3.7532714e-01
 -1.9460589e-01
  1.1778611e-01
 -1.8271741e-01
  1.1009886e+00
  1.0349817e+00
 -3.1313970e+00
  5.1212512e-02
 -4.2337838e-01
  1.6204116e-01
  4.4258898e-01
 -9.5697552e-01
 -2.5522491e-01
  8.8246965e-01
 -7.6733625e-01
 -1.4285890e+00
 -8.0615300e-01
 -7.0206368e-01
  3.5036232e-02
 -2.3907307e-03
  1.1740016e+00
  1.2016510e+00
 -6.4364307e-02
 -2.5170930e-03
  4.5650062e-01
  6.0266984e-01
  1.5263015e+00
  9.0449005e-01
 -1.3946619e+00
 -1.0236887e+00
  3.6651690e-02
  4.5215917e-01
 -4.8476541e-01
  6.3089669e-01
 -2.6366832e-02
 -2.7425596e-01
  3.4950954e-01
  1.0174036e+00
  1.7423353e-01
  5.6992054e-02
 -7.6733814e-03
 -1.8339394e-01
  8.6068416e-01
  1.7889832e+00
 -1.3006670e+00
  1.8992418e-02
 -7.0729381e-03
 -1.1574845e-02
 -1.8066226e+00
  5.9406722e-01
  1.3329900e-03
  1.3124916e-01
  3.0174869e-01
  6.6202469e-02
  1.6242101e+00
  5.5341530e-03
 -1.4071509e+00
 -1.9982706e-01
 -4.8896554e-01
 -2.4922085e+00
 -8.2805914e-01
  1.7783898e-03
 -3.0188970e-03
  3.9881110e-02
 -5.0368022e-02
  8.9647643e-02
 -5.5267820e-03
  3.9887405e-03
  1.0318129e-01
 -1.0345575e-01
 -1.3667705e-02
  1.5005088e-02
  5.4386324e-01
 -1.1474738e-01
 -1.3892113e-02
 -8.8874465e-01
  1.1710547e+00
 -3.6958961e-03
  4.5026718e-03
  6.5045888e-03
  1.6573967e-02
  7.3114693e-01
  1.0796497e-01
  2.1601468e-01
  1.0757512e+00
  9.4330436e-01
  2.2051923e-01
  5.5445239e-02
 -1.2791990e+00
 -9.7503580e-02
  1.7644827e+00
  7.3146415e-01
  4.3729654e-01
 -2.4603109e-01
  7.2611617e-03
  7.5856051e-03
 -1.6966017e-01
 -6.2019718e-01
 -1.2438245e-01
  4.4892929e-03
 -1.3910241e+00
 -5.9618574e-01
  2.5084691e-02
 -1.0993103e-02
 -2.6136625e-01
  2.9072618e+00
  6.3168091e-01
 -9.4682835e-03
 -6.7612249e-01
  1.4593049e-02
  2.3715256e-03
 -2.6575008e-03
 -6.0497427e-01
 -3.2770196e-01
  1.9767063e-02
  9.7285667e-03
 -7.9453331e-01
 -2.0495179e+00
  1.3561213e-02
  1.9964460e-01
  2.6162245e+00
 -7.0622385e-01
 -4.8377723e-01
  4.1437298e-01
  1.1328714e+00
  4.2511901e-01
  1.7785929e-03
  1.2570488e-02
  7.0479631e-02
 -9.6895136e-02
 -2.7269993e-03
  4.4239250e-01
 -2.5973258e+00
  1.4875571e+00
  9.6711475e-01
  3.1071051e-04
  4.5585018e-02
  5.8078440e-03
  1.1287079e+00
  3.8700646e-01
 -1.7670890e+00
  1.5348957e-01
  1.2576000e-02
  1.1475312e-02
  4.0787309e-03
  8.6151719e-01
 -7.6448464e-01
  7.1026576e-03
  9.7350854e-01
  9.0243500e-01
 -2.8929493e-01
  2.7036712e-01
  1.3520497e+00
 -9.4674903e-01
 -1.1381232e+00
  4.8910171e-01
  2.6122612e-01
  1.5948136e-01
  1.3975267e-02
 -3.3900041e-02
 -6.7533743e-01
 -1.5661310e-01
 -6.2819496e-02
 -1.3211173e-01
  4.1383711e-01
 -1.9473904e-01
 -1.4714411e-01
  9.0576643e-03
  1.6303902e+00
 -1.5004060e-01
 -2.0147302e+00
  7.7015096e-01
 -4.1993897e-02
 -5.7943328e-03
  1.3163794e-02
  5.5339210e-02
 -1.0386466e+00
 -2.7495486e-01
  2.1851352e-01
  2.2780208e-01
  5.3756958e-01
 -1.1134405e+00
 -6.0229100e-02
  1.2688570e-01
 -1.1886270e-01
 -2.3000885e-02
 -1.3725299e+00
 -1.7243938e+00
  1.7875205e-01
  4.1011900e-02
  4.4726977e-01
  7.7917673e-02
  1.9357601e-01
  2.6244795e+00
  1.1540865e+00
  9.2558151e-01
 -1.1546575e+00
  4.3708819e-01
  1.2986726e+00
  4.2220694e-03
 -8.7877142e-01
 -6.3643503e-01
  1.2212667e-03
  1.1402050e+00
  1.0344449e+00
  2.0900652e-01
  3.4972250e-02
  4.8355134e-03
 -3.2748613e-01
 -5.7692641e-01
  8.0602225e-03
  6.3379714e-03
 -1.5576652e+00
 -2.2404499e-01
  5.5245310e-03
  2.0665524e-03
  1.0879025e+00
 -1.5197021e-01
 -3.8542161e-03
 -7.4752718e-02
 -1.5140639e-01
 -8.8653632e-02
 -2.6460297e-02
  5.3577134e-03
  1.4152020e+00
 -4.1662338e-01
  1.0230728e+00
  1.0311564e-03
  2.1113086e-01
 -3.0231328e+00
 -3.0132991e-01
 -1.5778506e-02
  4.5998037e-01
  2.9836601e-01
  3.0652371e-01
  5.4373211e-01
 -8.4588516e-01
  4.7554123e-01
  2.1335448e-01
 -2.6620558e-01
  2.4420934e+00
  2.4103191e-02
  1.1333383e+00
  7.9137623e-01
 -4.4016355e-01
  8.6603206e-01
  2.7794042e+00
  2.3900880e-03
 -1.8679925e+00
  6.7256734e-02
  7.7736938e-01
 -2.0286589e+00
  1.6197951e+00
  1.3592232e+00
  1.1666557e-01
  7.3105190e-04
 -1.2181352e+00
 -1.9050299e-01
  3.0139435e-04
  2.8397967e-03
 -2.9944617e-01
  3.1306246e-01
  4.7417749e-03
 -3.7585732e-03
 -2.5814242e+00
 -9.1306686e-01
 -1.7109831e-01
 -6.2834215e-01
  1.4362622e+00
 -6.7970775e-02
 -2.7560902e-01
  2.7448511e-01
 -9.7622937e-01
 -4.7299552e-01
 -1.5671722e+00
  9.5703483e-01
  1.3170885e+00
  4.8735890e-01
  2.0181777e+00
  4.3129627e-02
 -5.0583053e-01
  8.4892318e-02
  8.9076650e-01
  3.0142987e-01
 -1.3936540e+00
  1.0156547e-01
 -2.6584058e-03
 -2.0662776e-01
  9.5673805e-01
 -2.8678812e-02
 -2.7719812e-02
  1.7022371e+00
 -8.7654662e-01
  8.5452938e-01
  2.4831533e+00
 -1.3577414e-02
 -1.3321188e-01
  5.7631040e-01
  8.2570817e-03
 -2.3001721e-02
  1.7271209e+00
  3.9103380e-01
  3.0966738e-02
  3.1728879e-01
  4.5749614e-01
 -3.1987274e-01
  1.7620449e-01
 -8.8078201e-01
 -1.5448644e+00
  7.5833333e-01
  4.1696358e-01
 -2.9068592e-03
  1.2871756e-01
  3.2401425e-01
  5.4985893e-01
 -1.4357116e+00
  1.2524474e-01
 -5.0069696e-01
 -5.1556039e-01
  2.6487198e-01
  3.6144698e-01
  4.6831256e-01
  2.7279699e+00
 -1.4906856e-01
 -1.5924050e+00
  1.1415642e+00
  3.2858086e-01
 -1.9958548e-02
  6.8998563e-01
 -2.3396498e-01
 -1.8781091e-01
 -6.4800158e-02
  5.4683334e-01
 -1.7135849e+00
  7.5647302e-02
 -1.0266554e+00
  4.0211245e-01
 -6.8289131e-02
 -1.1469895e-02
  1.8507376e-02
  2.7315468e-03
  5.6024164e-01
 -5.6970614e-01
 -4.3044064e-02
  5.4478448e-02
  8.3733004e-01
  1.0689255e+00
  1.3344448e+00
 -1.1616179e+00
  3.6486077e-01
  8.2159700e-04
 -1.8742343e-02
  2.8043020e-01
 -1.1072502e-02
  1.4138938e-03
  3.2083786e-03
 -1.7263280e-03
  7.8644147e-03
 -1.2233972e-03
 -6.0956245e-03
 -1.1776842e+00
 -2.9887220e-01
 -6.1415094e-03
 -2.2855087e-01
  1.1281136e-03
  5.0222266e-01
  4.6921141e-02
  3.7729916e-01
 -2.7072045e-01
 -3.2009551e-01
  1.0000768e-02
  6.9105355e-03
  5.5288016e-03
  9.8876022e-03
 -9.2772571e-03
 -6.9441888e-03
 -4.5504326e-01
  1.0376017e-02
  3.3180588e-01
  1.0359570e+00
 -4.0729788e-01
 -3.8721836e-01
 -4.7684971e-02
 -1.2246934e+00
 -7.8349066e-01
 -1.8795262e-03
 -2.4461048e-03
 -8.6007714e-01
 -1.4044978e-03
 -3.9447168e-01
 -3.6883219e-03
 -2.2235843e-04
 -2.0319569e+00
 -4.2600462e-01
 -6.3102841e-01
 -8.5718885e-02
  8.9383119e-01
 -1.9538587e+00
  1.6426966e-01
 -2.4556022e-03
  1.3156365e+00
 -1.1384893e-03
  6.8946821e-03
 -2.1293273e-03
 -2.8987091e-02
  2.5005331e-02
 -1.8042624e-02
  5.1920302e-03
 -1.8701759e-01
  4.3771207e-01
  2.2515263e-03
 -6.3105798e-01
 -1.2453592e+00
  2.4269532e-01
 -2.6395983e-01
 -4.8321217e-01
  9.8632646e-01
 -7.2919587e-03
 -4.2529455e-03
 -2.3738104e-03
 -2.3551302e-03
  1.5901552e-01
 -1.4700300e-02
  3.4948105e-03
 -7.1899205e-01
  8.4808350e-01
  1.6961608e+00
  9.0427619e-01
  5.5640930e-01
 -6.6130504e-02
  1.4457560e-01
 -1.1214993e+00
  1.1249024e+00
  9.2094147e-04
  3.9343368e-03
 -3.4902694e-03
  1.8462877e-01
  6.6147649e-01
  2.9604863e-03
  1.1314109e-02
  1.5159017e+00
  2.6522011e-01
  5.8877110e-01
  3.5122165e-01
 -6.3285047e-01
 -2.2057705e-01
  1.7485165e-03
  3.2174811e-02
  6.2107224e-02
 -1.3264935e-02
  1.4318800e-01
  6.4503960e-03
 -8.9305228e-01
  5.7018554e-01
 -8.6919957e-01
 -6.6677048e-03
 -5.3147280e-01
 -1.0936608e-01
 -5.3448703e-02
  9.7616628e-02
 -4.8519668e-01
 -2.4297374e-01
  1.7312111e-02
 -1.8612280e-01
  4.7217524e-01
 -7.2046663e-03
 -3.1715899e-03
 -5.2111391e-02
  1.1980262e-01
  1.5944172e-01
  1.8865891e-02
  1.2470479e-04
 -1.2672302e+00
 -4.0545183e-01
 -3.2120594e-01
  9.4169682e-01
 -7.4385172e-01
  8.7788337e-01
 -5.7820058e-03
  7.0179892e-01
 -1.1603050e-02
 -4.6052745e-01
 -1.9687054e-01
 -7.9518014e-01
  4.5712543e-01
  4.4874265e-03
 -3.3985616e-03
  4.9445541e-03
  6.9450033e-01
  9.2455077e-01
 -5.3922622e-03
 -2.6239482e-01
 -7.9127777e-01
 -7.7532016e-04
 -1.7772082e-03
  1.0366612e-03
  1.1016343e-04
 -7.0560188e-03
  2.1155312e-04
 -1.7876616e-03
 -1.6258654e-01
  3.3125693e-03
 -7.1385060e-03
 -3.0543634e-03
 -2.9677811e-01
  1.7894645e-01
 -1.0993493e-03
  5.6341849e-04
  1.8217858e-03
  8.1409290e-03
 -5.7793916e-03
  2.0985175e-02
 -7.7572409e-03
 -1.2285505e-04
 -1.5235460e-01
 -6.1564863e-01
  4.0607336e-01
 -1.2396292e-02
 -4.6501346e-03
 -3.2348272e-03
  1.5854882e-01
  6.6517425e-01
 -2.2265850e-01
  5.4387781e-03
 -1.4204949e+00
  4.4089318e-03
  3.1774358e-03
 -1.2874961e-03
  3.5305740e-03
 -3.2701838e-01
 -1.3215554e-01
 -7.3365299e-03
 -2.0774077e-01
  4.4366680e-02
 -1.7113123e-02
 -1.8898493e-02
 -6.0195148e-01
  7.0971525e-01
 -5.5482012e-01
  1.3514669e+00
  2.4826754e-02
 -6.6732708e-03
  8.7128086e-03
  1.9769324e-03
 -3.2214690e-02
 -7.4484241e-03
 -6.4547263e-02
 -1.3576226e-01
 -1.2606733e+00
  8.1161009e-03
  1.6146145e-03
  1.2990914e-02
  2.3105023e+00
  2.8856054e-01
 -2.0310064e-01
 -5.6385285e-01
  1.8269666e-03
 -5.2262945e-03
 -5.6521416e-02
 -6.0977652e-03
  3.2249376e-01
 -3.7708950e-01
 -6.9744256e-03
 -3.8641033e-01
  6.2313914e-01
 -9.4829304e-03
 -1.1366520e-02
  9.8117804e-03
  4.8911011e-01
  4.7966111e-01
  7.8305537e-01
  3.1646705e-01
 -2.3850925e-01
  3.6276300e-03
 -4.7913841e-03
 -6.3720574e-03
  2.6278439e-01
 -1.1599119e+00
 -1.0759674e-02
 -1.0374428e-03
 -8.9886862e-01
  1.5549184e-01
 -2.9294984e-02
  4.9364101e-02
 -1.0178440e+00
 -8.2622755e-01
 -5.0809616e-01
  8.4250174e-02
  7.9839712e-01
  2.0505269e-03
 -1.2802348e-02
  7.1399454e-03
 -5.0358540e-01
  9.7009230e-01
 -4.8819754e-02
 -4.9019256e-01
 -4.1650331e-01
 -9.4604827e-03
  2.0279249e-03
 -4.1486425e-03
  1.4860195e+00
 -8.3611155e-01
 -2.3283561e-01
 -1.3677307e+00
 -9.3006924e-02
 -2.9163197e-01
  3.7191841e-03
 -2.8545463e-03
  4.0911990e-03
  3.7075993e-01
  4.2810556e-03
 -6.0971145e-02
  1.1488096e-01
 -6.2035555e-03
 -6.5911561e-02
  3.3742301e-03
  1.1145189e+00
 -5.7586068e-01
  1.0094672e-01
  3.2914933e-03
 -1.1636937e-01
 -3.3694234e-01
  2.5164727e-03
  6.9948724e-03
 -1.8631835e-02
  5.0046456e-01
  5.6011262e-03
  6.0141194e-03
  4.7203162e-01
 -4.0640703e-01
  1.2199874e-01
  2.4689313e-03
 -1.4114623e+00
  8.2915348e-01
 -8.9523894e-01
 -1.3623806e+00
  5.5493969e-01
 -1.9065094e-03
 -1.6273201e-02
  6.4731222e-03
  1.0474565e-02
  2.1079129e-03
 -1.1289369e-03
  7.8019863e-03
 -2.3089640e-03
  2.1313633e-01
  3.7500081e-03
  3.8704618e-03
 -2.3397479e-02
 -4.1153738e-01
  2.7912131e-03
 -6.2300421e-02
  6.5571917e-03
  6.9890297e-03
 -3.8716719e-02
 -3.9100668e-01
 -4.0659738e-01
  3.6109045e-02
  1.2824033e-02
  2.6264736e-02
  1.8990199e-01
 -6.5140259e-01
  9.8151022e-01
  1.2185673e-03
  1.0353758e-01
 -2.2613437e+00
  6.2743276e-01
  4.0515962e-01
  6.3118100e-01
  2.9942969e-02
  1.5057261e-01
  2.7150449e-01
  1.6068001e+00
  4.5203146e-02
  1.1255134e-02
  2.5965944e-02
  7.7899510e-01
 -1.5261341e+00
 -6.9602556e-04
 -5.6846011e-03
  2.6435396e-01
  1.1614054e+00
  1.6448474e+00
 -4.9923655e-01
  6.0481787e-01
  1.2936777e-02
 -2.9030317e-02
 -2.5445905e-01
  1.0634882e-01
 -9.9775987e-03
 -8.6308451e-04
  8.3974143e-03
 -1.0220153e-03
 -1.5104981e-01
  5.7888961e-01
  1.5319007e-02
  2.8578672e-01
  1.1242585e+00
 -6.9823541e-04
 -2.0092230e-02
  4.0510055e-01
  1.8305002e-01
  1.7611571e-03
 -8.3826125e-02
  8.0545825e-01
  3.4206142e-03
 -1.9493303e-03
  8.3334306e-03
  8.4921457e-02
  7.8377390e-01
  6.6095637e-03
 -8.1211538e-04
  5.1667333e-01
 -7.8375340e-01
 -1.1008928e+00
 -1.2894630e+00
  2.1099311e-01
 -3.8586017e-01
 -4.4257706e-01
  2.5712661e-02
  9.1380823e-01
  2.6891970e-03
  2.0019477e-02
  6.6339918e-03
  9.4025338e-01
  1.4881197e+00
  2.9404184e-01
  5.3509260e-03
 -1.0434279e+00
 -1.9082561e+00
 -9.2297286e-01
  2.4111879e+00
  1.2672255e+00
 -2.6639879e-01
 -3.7987643e-01
 -4.4236648e-01
  2.9946357e-01
  1.2503010e-01
  1.3285523e-02
  5.1884818e-01
  1.1704186e-02
  1.0813470e+00
  1.1447290e-01
 -3.2936835e-03
 -1.2473743e+00
 -4.5060831e-01
  3.7118256e-02
 -2.8092045e-01
  3.4571967e-01
 -8.0062300e-02
  3.6983941e-02
 -2.5316551e-03
 -1.6904968e-01
 -3.8454798e-04
  3.9357622e-03
 -4.0979399e-03
  8.3843157e-02
  6.6338468e-01
 -1.1510110e-03
  8.6118765e-03
  6.8831027e-02
  8.6795759e-01
 -2.8833210e-01
 -8.8389665e-01
 -3.2334682e-01
 -7.3277615e-02
 -1.0634814e-02
 -1.1807087e-01
  4.4818440e-01
  1.9061823e+00
  5.4589325e-01
  5.7725751e-01
 -6.6659379e-01
  1.2241488e-03
  8.7125719e-01
  2.0254067e-04
 -1.3659881e-01
  2.3674883e-04
 -1.5025640e-01
  4.4365227e-01
  9.4389647e-01
 -4.1454555e-03
  1.2027904e-02
 -5.6883171e-03
 -1.4231391e-03
  1.6915642e-03
  1.8040154e-03
 -8.4806717e-04
 -9.2485178e-01
  1.0230459e-02
  8.4416149e-03
 -6.3697807e-03
 -7.0277202e-01
 -2.2491951e-02
 -5.4769378e-02
 -1.4314399e+00
 -7.1011804e-05
  5.4227179e-03
  2.1628903e-03
 -1.8405389e-04
  6.5528363e-01
 -1.4120356e+00
  3.7858465e-01
  4.8856929e-01
  5.3544241e-01
 -1.2906845e-01
  6.0561842e-01
  3.4329602e-03
  5.4851081e-02
  2.6531062e-01
 -1.0062637e+00
  2.8519545e+00
 -1.6482321e+00
 -1.5546976e-02
 -6.3539483e-04
 -1.9541457e-04
 -2.9990479e-01
  7.5743780e-02
  1.0544562e-02
  1.4929108e-01
 -1.6884763e+00
  3.5668564e-01
  1.5378815e-02
  7.3057208e-03
  4.2443046e-01
  5.2014589e-01
 -6.3816464e-01
 -6.6569555e-01
 -1.1508083e+00
  3.2363441e-03
 -3.7575630e-03
  1.0551322e-03
 -3.4972024e-01
 -3.2381597e-01
  1.1262907e-01
  8.4052105e-03
  3.6705714e-01
 -9.1082379e-02
  7.3888741e-02
  2.9502509e-03
 -2.1500239e-01
  1.4036398e+00
 -6.1577755e-01
 -2.3215391e-01
 -6.3491279e-01
 -1.0157499e-01
 -8.8971697e-02
 -1.3517500e-01
  3.8455024e-01
 -7.9350883e-01
  4.7139671e-02
  7.5971174e-01
 -3.2048821e-01
 -4.6152975e-02
  4.5494896e-01
  7.7799112e-03
 -5.9793216e-01
 -3.3666197e-02
  2.3596354e-01
 -1.5974655e+00
  9.4843335e-02
 -2.0436774e-01
  1.1175389e-02
 -1.8430485e-04
  5.8696359e-02
 -2.9673520e-01
 -1.1076166e-03
 -1.9262219e-02
 -6.1303490e-01
  2.5885597e-01
  1.0443382e-02
  4.1478700e-03
 -9.6679652e-01
 -3.7237680e-01
 -5.9609818e-01
  9.5732188e-01
 -2.5628202e+00
  6.8117729e-03
 -7.2988803e-03
  4.2279377e-03
 -1.3487639e-02
  3.0173257e-01
  4.0449268e-01
  2.8702852e-01
  3.9333194e-01
 -2.2040588e-01
  6.1755520e-01
 -4.2235218e-03
 -2.2765837e+00
 -2.1929063e-02
  7.5892508e-01
 -2.0858338e+00
 -1.7258775e+00
 -3.6953256e-01
  2.4464959e-03
 -4.4244304e-03
  6.4847994e-01
  1.8817323e-01
  1.7649421e-02
 -9.5297908e-03
  8.6342442e-01
 -3.7403917e-03
 -1.8456354e-03
  4.7542425e-03
 -1.7375088e-01
  4.9412030e-01
  9.0415823e-01
  1.7104585e+00
 -9.2737323e-01
 -9.5394272e-01
  4.4690946e-01
  1.6145617e-03
 -1.7791431e+00
  4.4622225e-01
 -1.0509316e-02
 -3.7953696e-01
 -7.8835493e-01
 -5.8522719e-01
 -1.3000523e+00
 -1.3079760e-02
  1.3195305e+00
 -1.1094346e+00
  2.1889451e+00
  7.0986342e-01
 -2.9400533e-01
  2.1442659e-03
  1.0700238e-01
  3.7028123e-02
 -1.5220448e+00
 -7.5938478e-02
 -7.9985652e-03
  2.4922080e-03
  6.4508343e-04
 -5.6881528e-02
 -2.3448890e-02
  2.8274681e-03
  1.2575965e-02
  6.4879018e-01
  7.4540198e-02
  2.5227566e+00
  6.9852076e-03
  1.1434722e-03
  4.4083840e-01
 -5.1076412e-02
 -3.3744878e-01
  7.9630351e-01
  3.5791723e-03
 -3.4947816e-01
 -1.3512264e+00
  5.3735727e-01
 -1.3247941e+00
  2.7588321e-02
  3.9502088e-02
  4.3887395e-01
  2.5549455e-02
  9.5885403e-02
  1.8921505e+00
  7.1812642e-01
  1.5130558e+00
  3.9522910e-01
  2.9448764e-02
  1.4263459e-01
 -3.8083524e-03
  1.5066550e-03
 -4.6541291e-01
 -1.8055111e-01
 -8.2247382e-01
 -1.2597147e-02
  2.2069709e-01
  7.2555488e-01
  1.1303182e+00
  1.4415411e+00
 -1.5083966e+00
  8.7568164e-02
 -2.2396347e-02
 -3.4405321e-01
 -5.9774500e-01
  4.1518942e-01
 -4.6088970e-03
 -1.1910713e-01
 -1.4295992e-01
  7.1867824e-02
 -3.1920642e-01
  2.6673572e-03
  4.0984452e-01
  9.6874475e-01
  6.0529041e-01
  1.2333710e+00
 -3.2494703e-01
 -1.4051223e-01
  7.7114212e-03
  7.8436278e-02
 -9.3864895e-02
  3.4761038e-01
  1.7327251e-04
 -1.9171005e-03
 -1.2197928e+00
 -1.5043331e+00
 -3.5252199e-01
  7.9789280e-04
  1.2169038e+00
  5.4246807e-01
 -5.6311446e-01
 -4.0136397e-01
 -1.2295840e+00
 -9.7544767e-02
  1.5077201e+00
 -2.9888812e-03
  8.0033445e-01
  2.8529406e-01
  1.2542725e-04
 -1.4228147e-02
 -2.8668994e-02
 -9.6457392e-01
  7.1795131e-03
  2.1989846e-03
  4.1267541e-01
  3.0779070e-01
  1.8265969e-01
 -8.0675423e-01
 -7.9116380e-01
 -7.0100538e-02
  8.5897826e-02
 -1.5205668e-01
  6.1956480e-02
  1.1353247e+00
  4.9395538e-03
 -8.1799664e-03
 -5.2374667e-01
  1.1342070e+00
 -2.2069185e+00
 -8.5823089e-02
 -4.4038456e-02
 -9.1388956e-02
  7.0650804e-01
  8.0779570e-01
 -1.0621562e-01
  1.5529721e-02
  9.4167215e-01
  2.2404236e-01
 -6.2030852e-01
 -4.6633761e-03
 -9.4645080e-04
  1.6287623e-04
 -5.3540999e-01
  1.0796243e+00
 -3.9429921e-01
  4.0609692e-03
 -5.8160368e-02
  4.3871407e-03
 -4.7970277e-01
  1.1970884e-01
  3.9772439e-01
  5.3066768e-02
  5.3066768e-02
  5.3066768e-02
  5.3066768e-02
  5.3066768e-02
  1.8077299e-01
  1.8077299e-01
  1.8077299e-01
  1.8077299e-01
  1.8077299e-01
  8.4382154e-02
  8.4382154e-02
  8.4382154e-02
  8.4382154e-02
  8.4382154e-02
  4.5227353e-02
  4.5227353e-02
  4.5227353e-02
  4.5227353e-02
  4.5227353e-02
  1.5969105e-02
  1.5969105e-02
  1.5969105e-02
  1.5969105e-02
  1.5969105e-02
  8.6954400e-02
  8.6954400e-02
  8.6954400e-02
  8.6954400e-02
  8.6954400e-02
