Distance (Å)  Energy (eV)  Force (eV/Å)
0.10 0.897341 1.769785
0.11 0.884511 0.832363
0.12 0.880041 0.090841
0.13 0.882164 -0.491391
0.14 0.889436 -0.943408
0.15 0.900675 -1.288258
0.16 0.914905 -1.544277
0.17 0.931314 -1.726173
0.18 0.949222 -1.845904
0.19 0.968058 -1.913351
0.20 0.987342 -1.936831
0.21 1.006672 -1.923475
0.22 1.025710 -1.879493
0.23 1.044178 -1.810359
0.24 1.061849 -1.720931
0.25 1.078543 -1.615529
0.26 1.094119 -1.497979
0.27 1.108474 -1.371646
0.28 1.121533 -1.239449
0.29 1.133251 -1.103880
0.30 1.143606 -0.967017
0.31 1.152593 -0.830547
0.32 1.160223 -0.695785
0.33 1.166518 -0.563708
0.34 1.171508 -0.434987
0.35 1.175230 -0.310018
0.36 1.177722 -0.188966
0.37 1.179022 -0.071802
0.38 1.179170 0.041660
0.39 1.178200 0.151721
0.40 1.176146 0.258767
0.41 1.173034 0.363230
0.42 1.168888 0.465564
0.43 1.163728 0.566210
0.44 1.157568 0.665581
0.45 1.150420 0.764037
0.46 1.142290 0.861869
0.47 1.133184 0.959287
0.48 1.123105 1.056407
0.49 1.112056 1.153249
0.50 1.100041 1.249728
0.51 1.087064 1.345656
0.52 1.073131 1.440740
0.53 1.058253 1.534590
0.54 1.042445 1.626720
0.55 1.025726 1.716558
0.56 1.008123 1.803459
0.57 0.989669 1.886711
0.58 0.970404 1.965548
0.59 0.950375 2.039168
0.60 0.929641 2.106745
0.61 0.908264 2.167444
0.62 0.886317 2.220437
0.63 0.863883 2.264917
0.64 0.841050 2.300118
0.65 0.817914 2.325323
0.66 0.794579 2.339883
0.67 0.771154 2.343226
0.68 0.747753 2.334871
0.69 0.724497 2.314434
0.70 0.701506 2.281638
0.71 0.678906 2.236319
0.72 0.656822 2.178428
0.73 0.635379 2.108035
0.74 0.614702 2.025326
0.75 0.594912 1.930602
0.76 0.576129 1.824279
0.77 0.558464 1.706876
0.78 0.542026 1.579014
0.79 0.526916 1.441405
0.80 0.513228 1.294847
0.81 0.501046 1.140207
0.82 0.490447 0.978422
0.83 0.481498 0.810477
0.84 0.474255 0.637404
0.85 0.468764 0.460266
0.86 0.465059 0.280149
0.87 0.463167 0.098150
0.88 0.463099 -0.084631
0.89 0.464858 -0.267102
0.90 0.468436 -0.448186
0.91 0.473814 -0.626830
0.92 0.480962 -0.802014
0.93 0.489840 -0.972758
0.94 0.500399 -1.138128
0.95 0.512581 -1.297241
0.96 0.526320 -1.449272
0.97 0.541540 -1.593458
0.98 0.558161 -1.729104
0.99 0.576092 -1.855580
1.00 0.595240 -1.972334
1.01 0.615505 -2.078884
1.02 0.636782 -2.174825
1.03 0.658965 -2.259827
1.04 0.681941 -2.333639
1.05 0.705600 -2.396083
1.06 0.729825 -2.447056
1.07 0.754502 -2.486527
1.08 0.779517 -2.514537
1.09 0.804755 -2.531193
1.10 0.830104 -2.536666
1.11 0.855452 -2.531188
1.12 0.880692 -2.515046
1.13 0.905719 -2.488581
1.14 0.930430 -2.452179
1.15 0.954730 -2.406273
1.16 0.978526 -2.351329
1.17 1.001729 -2.287849
1.18 1.024256 -2.216363
1.19 1.046031 -2.137424
1.20 1.066982 -2.051603
1.21 1.087042 -1.959487
1.22 1.106152 -1.861670
1.23 1.124258 -1.758754
1.24 1.141312 -1.651339
1.25 1.157272 -1.540024
1.26 1.172102 -1.425403
1.27 1.185771 -1.308058
1.28 1.198256 -1.188560
1.29 1.209537 -1.067465
1.30 1.219602 -0.945310
1.31 1.228441 -0.822612
1.32 1.236054 -0.699867
1.33 1.242440 -0.577547
1.34 1.247608 -0.456100
1.35 1.251567 -0.335945
1.36 1.254332 -0.217477
1.37 1.255923 -0.101063
1.38 1.256361 0.012960
1.39 1.255673 0.124282
1.40 1.253886 0.232622
1.41 1.251031 0.337728
1.42 1.247143 0.439373
1.43 1.242256 0.537363
1.44 1.236408 0.631526
1.45 1.229639 0.721721
1.46 1.221987 0.807828
1.47 1.213496 0.889756
1.48 1.204206 0.967435
1.49 1.194162 1.040819
1.50 1.183404 1.109884
1.51 1.171978 1.174625
1.52 1.159926 1.235056
1.53 1.147291 1.291210
1.54 1.134116 1.343136
1.55 1.120443 1.390898
1.56 1.106312 1.434575
1.57 1.091764 1.474256
1.58 1.076840 1.510043
1.59 1.061576 1.542048
1.60 1.046011 1.570390
1.61 1.030180 1.595197
1.62 1.014118 1.616603
1.63 0.997859 1.634746
1.64 0.981434 1.649769
1.65 0.964873 1.661816
1.66 0.948207 1.671036
1.67 0.931462 1.677575
1.68 0.914664 1.681582
1.69 0.897838 1.683204
1.70 0.881007 1.682587
1.71 0.864193 1.679875
1.72 0.847416 1.675208
1.73 0.830695 1.668724
1.74 0.814047 1.660556
1.75 0.797489 1.650835
1.76 0.781035 1.639685
1.77 0.764700 1.627227
1.78 0.748495 1.613574
1.79 0.732432 1.598838
1.80 0.716521 1.583123
1.81 0.700772 1.566527
1.82 0.685193 1.549144
1.83 0.669792 1.531062
1.84 0.654574 1.512363
1.85 0.639546 1.493124
1.86 0.624713 1.473417
1.87 0.610079 1.453308
1.88 0.595648 1.432859
1.89 0.581423 1.412127
1.90 0.567407 1.391163
1.91 0.553601 1.370015
1.92 0.540007 1.348726
1.93 0.526626 1.327336
1.94 0.513460 1.305880
1.95 0.500509 1.284390
1.96 0.487772 1.262895
1.97 0.475251 1.241420
1.98 0.462944 1.219990
1.99 0.450851 1.198623
2.00 0.438971 1.177337
2.01 0.427304 1.156150
2.02 0.415848 1.135073
2.03 0.404602 1.114121
2.04 0.393565 1.093302
2.05 0.382735 1.072627
2.06 0.372112 1.052104
2.07 0.361693 1.031740
2.08 0.351477 1.011540
2.09 0.341461 0.991511
2.10 0.331646 0.971657
2.11 0.322028 0.951982
2.12 0.312606 0.932491
2.13 0.303377 0.913187
2.14 0.294341 0.894072
2.15 0.285495 0.875151
2.16 0.276838 0.856426
2.17 0.268366 0.837900
2.18 0.260079 0.819575
2.19 0.251974 0.801455
2.20 0.244049 0.783542
2.21 0.236302 0.765839
2.22 0.228732 0.748348
2.23 0.221335 0.731072
2.24 0.214109 0.714014
2.25 0.207054 0.697177
2.26 0.200165 0.680562
2.27 0.193442 0.664174
2.28 0.186881 0.648014
2.29 0.180481 0.632085
2.30 0.174238 0.616390
2.31 0.168152 0.600930
2.32 0.162219 0.585709
2.33 0.156437 0.570727
2.34 0.150804 0.555988
2.35 0.145316 0.541493
2.36 0.139973 0.527243
2.37 0.134771 0.513241
2.38 0.129707 0.499486
2.39 0.124780 0.485981
2.40 0.119987 0.472725
2.41 0.115325 0.459719
2.42 0.110792 0.446964
2.43 0.106385 0.434459
2.44 0.102102 0.422203
2.45 0.097940 0.410197
2.46 0.093897 0.398439
2.47 0.089970 0.386929
2.48 0.086157 0.375663
2.49 0.082456 0.364642
2.50 0.078864 0.353863
2.51 0.075378 0.343324
2.52 0.071997 0.333022
2.53 0.068717 0.322955
2.54 0.065537 0.313121
2.55 0.062454 0.303515
2.56 0.059466 0.294134
2.57 0.056570 0.284977
2.58 0.053765 0.276038
2.59 0.051049 0.267314
2.60 0.048418 0.258803
2.61 0.045872 0.250498
2.62 0.043408 0.242398
2.63 0.041023 0.234498
2.64 0.038717 0.226793
2.65 0.036487 0.219281
2.66 0.034331 0.211956
2.67 0.032247 0.204815
2.68 0.030234 0.197853
2.69 0.028290 0.191067
2.70 0.026412 0.184453
2.71 0.024600 0.178007
2.72 0.022851 0.171724
2.73 0.021165 0.165601
2.74 0.019539 0.159635
2.75 0.017972 0.153820
2.76 0.016462 0.148155
2.77 0.015008 0.142636
2.78 0.013609 0.137258
2.79 0.012262 0.132019
2.80 0.010968 0.126916
2.81 0.009724 0.121946
2.82 0.008529 0.117104
2.83 0.007381 0.112390
2.84 0.006280 0.107799
2.85 0.005225 0.103329
2.86 0.004213 0.098979
2.87 0.003245 0.094744
2.88 0.002318 0.090623
2.89 0.001432 0.086613
2.90 0.000585 0.082713
2.91 -0.000223 0.078920
2.92 -0.000993 0.075231
2.93 -0.001728 0.071647
2.94 -0.002427 0.068163
2.95 -0.003091 0.064778
2.96 -0.003722 0.061492
2.97 -0.004321 0.058301
2.98 -0.004889 0.055204
2.99 -0.005426 0.052200
3.00 -0.005933 0.049287
3.01 -0.006412 0.046463
3.02 -0.006863 0.043727
3.03 -0.007287 0.041077
3.04 -0.007684 0.038512
3.05 -0.008057 0.036030
3.06 -0.008405 0.033630
3.07 -0.008730 0.031310
3.08 -0.009032 0.029068
3.09 -0.009312 0.026904
3.10 -0.009570 0.024816
3.11 -0.009808 0.022802
3.12 -0.010026 0.020861
3.13 -0.010226 0.018992
3.14 -0.010406 0.017192
3.15 -0.010570 0.015460
3.16 -0.010716 0.013795
3.17 -0.010846 0.012195
3.18 -0.010960 0.010659
3.19 -0.011059 0.009185
3.20 -0.011144 0.007772
3.21 -0.011215 0.006418
3.22 -0.011272 0.005121
3.23 -0.011317 0.003880
3.24 -0.011350 0.002694
3.25 -0.011371 0.001561
3.26 -0.011382 0.000479
3.27 -0.011381 -0.000553
3.28 -0.011371 -0.001537
3.29 -0.011351 -0.002473
3.30 -0.011321 -0.003364
3.31 -0.011283 -0.004211
3.32 -0.011237 -0.005015
3.33 -0.011183 -0.005778
3.34 -0.011122 -0.006500
3.35 -0.011053 -0.007184
3.36 -0.010978 -0.007831
3.37 -0.010897 -0.008441
3.38 -0.010810 -0.009016
3.39 -0.010717 -0.009557
3.40 -0.010619 -0.010066
3.41 -0.010516 -0.010542
3.42 -0.010408 -0.010988
3.43 -0.010296 -0.011404
3.44 -0.010180 -0.011791
3.45 -0.010060 -0.012150
3.46 -0.009937 -0.012481
3.47 -0.009811 -0.012786
3.48 -0.009681 -0.013066
3.49 -0.009549 -0.013320
3.50 -0.009415 -0.013550
3.51 -0.009278 -0.013755
3.52 -0.009140 -0.013938
3.53 -0.009000 -0.014098
3.54 -0.008858 -0.014235
3.55 -0.008715 -0.014351
3.56 -0.008571 -0.014445
3.57 -0.008426 -0.014518
3.58 -0.008281 -0.014571
3.59 -0.008135 -0.014603
3.60 -0.007989 -0.014615
3.61 -0.007843 -0.014608
3.62 -0.007697 -0.014581
3.63 -0.007551 -0.014536
3.64 -0.007406 -0.014471
3.65 -0.007262 -0.014389
3.66 -0.007118 -0.014288
3.67 -0.006976 -0.014169
3.68 -0.006835 -0.014034
3.69 -0.006695 -0.013881
3.70 -0.006557 -0.013712
3.71 -0.006421 -0.013526
3.72 -0.006287 -0.013325
3.73 -0.006155 -0.013108
3.74 -0.006025 -0.012877
3.75 -0.005897 -0.012632
3.76 -0.005772 -0.012372
3.77 -0.005650 -0.012100
3.78 -0.005530 -0.011816
3.79 -0.005414 -0.011519
3.80 -0.005300 -0.011212
3.81 -0.005189 -0.010894
3.82 -0.005082 -0.010567
3.83 -0.004978 -0.010232
3.84 -0.004878 -0.009889
3.85 -0.004780 -0.009539
3.86 -0.004687 -0.009183
3.87 -0.004597 -0.008822
3.88 -0.004510 -0.008458
3.89 -0.004428 -0.008091
3.90 -0.004349 -0.007722
3.91 -0.004273 -0.007353
3.92 -0.004201 -0.006984
3.93 -0.004133 -0.006617
3.94 -0.004069 -0.006253
3.95 -0.004008 -0.005893
3.96 -0.003951 -0.005538
3.97 -0.003898 -0.005190
3.98 -0.003847 -0.004849
3.99 -0.003801 -0.004518
4.00 -0.003757 -0.004196
4.01 -0.003717 -0.003885
4.02 -0.003679 -0.003585
4.03 -0.003645 -0.003297
4.04 -0.003613 -0.003020
4.05 -0.003584 -0.002755
4.06 -0.003558 -0.002502
4.07 -0.003534 -0.002260
4.08 -0.003513 -0.002030
4.09 -0.003494 -0.001811
4.10 -0.003477 -0.001604
4.11 -0.003462 -0.001409
4.12 -0.003448 -0.001226
4.13 -0.003437 -0.001054
4.14 -0.003427 -0.000894
4.15 -0.003419 -0.000745
4.16 -0.003412 -0.000607
4.17 -0.003407 -0.000481
4.18 -0.003403 -0.000366
4.19 -0.003400 -0.000261
4.20 -0.003398 -0.000167
4.21 -0.003396 -0.000084
4.22 -0.003396 -0.000012
4.23 -0.003396 0.000051
4.24 -0.003397 0.000104
4.25 -0.003398 0.000146
4.26 -0.003400 0.000180
4.27 -0.003402 0.000204
4.28 -0.003404 0.000219
4.29 -0.003406 0.000225
4.30 -0.003408 0.000223
4.31 -0.003410 0.000212
4.32 -0.003412 0.000194
4.33 -0.003414 0.000167
4.34 -0.003416 0.000134
4.35 -0.003417 0.000093
4.36 -0.003418 0.000046
4.37 -0.003418 -0.000008
4.38 -0.003417 -0.000068
4.39 -0.003416 -0.000134
4.40 -0.003415 -0.000206
4.41 -0.003412 -0.000283
4.42 -0.003409 -0.000365
4.43 -0.003405 -0.000451
4.44 -0.003400 -0.000542
4.45 -0.003394 -0.000637
4.46 -0.003387 -0.000735
4.47 -0.003379 -0.000837
4.48 -0.003370 -0.000942
4.49 -0.003361 -0.001050
4.50 -0.003349 -0.001160
4.51 -0.003337 -0.001272
4.52 -0.003324 -0.001386
4.53 -0.003310 -0.001502
4.54 -0.003294 -0.001619
4.55 -0.003277 -0.001737
4.56 -0.003259 -0.001856
4.57 -0.003240 -0.001975
4.58 -0.003220 -0.002094
4.59 -0.003198 -0.002213
4.60 -0.003175 -0.002332
4.61 -0.003152 -0.002450
4.62 -0.003126 -0.002568
4.63 -0.003100 -0.002684
4.64 -0.003073 -0.002799
4.65 -0.003044 -0.002912
4.66 -0.003015 -0.003023
4.67 -0.002984 -0.003133
4.68 -0.002952 -0.003240
4.69 -0.002919 -0.003345
4.70 -0.002885 -0.003447
4.71 -0.002850 -0.003546
4.72 -0.002814 -0.003643
4.73 -0.002777 -0.003736
4.74 -0.002739 -0.003826
4.75 -0.002701 -0.003913
4.76 -0.002661 -0.003996
4.77 -0.002621 -0.004076
4.78 -0.002580 -0.004152
4.79 -0.002538 -0.004224
4.80 -0.002495 -0.004292
4.81 -0.002452 -0.004355
4.82 -0.002408 -0.004415
4.83 -0.002364 -0.004471
4.84 -0.002319 -0.004522
4.85 -0.002273 -0.004569
4.86 -0.002227 -0.004611
4.87 -0.002181 -0.004649
4.88 -0.002134 -0.004683
4.89 -0.002087 -0.004712
4.90 -0.002040 -0.004736
4.91 -0.001993 -0.004756
4.92 -0.001945 -0.004772
4.93 -0.001897 -0.004783
4.94 -0.001849 -0.004790
4.95 -0.001801 -0.004792
4.96 -0.001754 -0.004789
4.97 -0.001706 -0.004783
4.98 -0.001658 -0.004772
4.99 -0.001610 -0.004757
5.00 -0.001563 -0.004737
5.01 -0.001516 -0.004714
5.02 -0.001469 -0.004686
5.03 -0.001422 -0.004655
5.04 -0.001375 -0.004619
5.05 -0.001329 -0.004580
5.06 -0.001284 -0.004537
5.07 -0.001239 -0.004490
5.08 -0.001194 -0.004440
5.09 -0.001150 -0.004387
5.10 -0.001106 -0.004330
5.11 -0.001063 -0.004270
5.12 -0.001021 -0.004208
5.13 -0.000979 -0.004142
5.14 -0.000938 -0.004073
5.15 -0.000898 -0.004002
5.16 -0.000858 -0.003929
5.17 -0.000819 -0.003852
5.18 -0.000781 -0.003774
5.19 -0.000744 -0.003694
5.20 -0.000707 -0.003612
5.21 -0.000671 -0.003528
5.22 -0.000637 -0.003442
5.23 -0.000603 -0.003355
5.24 -0.000570 -0.003266
5.25 -0.000537 -0.003177
5.26 -0.000506 -0.003086
5.27 -0.000476 -0.002994
5.28 -0.000446 -0.002902
5.29 -0.000418 -0.002809
5.30 -0.000390 -0.002716
5.31 -0.000363 -0.002622
5.32 -0.000337 -0.002528
5.33 -0.000313 -0.002434
5.34 -0.000289 -0.002340
5.35 -0.000266 -0.002247
5.36 -0.000244 -0.002153
5.37 -0.000223 -0.002061
5.38 -0.000203 -0.001969
5.39 -0.000183 -0.001877
5.40 -0.000165 -0.001787
5.41 -0.000148 -0.001697
5.42 -0.000131 -0.001609
5.43 -0.000116 -0.001522
5.44 -0.000101 -0.001437
5.45 -0.000087 -0.001352
5.46 -0.000074 -0.001270
5.47 -0.000061 -0.001189
5.48 -0.000050 -0.001110
5.49 -0.000039 -0.001032
5.50 -0.000029 -0.000957
5.51 -0.000020 -0.000883
5.52 -0.000012 -0.000812
5.53 -0.000004 -0.000743
5.54 0.000003 -0.000676
5.55 0.000010 -0.000611
5.56 0.000016 -0.000548
5.57 0.000021 -0.000488
5.58 0.000025 -0.000431
5.59 0.000029 -0.000375
5.60 0.000033 -0.000323
5.61 0.000036 -0.000272
5.62 0.000038 -0.000225
5.63 0.000040 -0.000180
5.64 0.000042 -0.000137
5.65 0.000043 -0.000097
5.66 0.000044 -0.000059
5.67 0.000044 -0.000024
5.68 0.000044 0.000008
5.69 0.000044 0.000038
5.70 0.000044 0.000065
5.71 0.000043 0.000090
5.72 0.000042 0.000112
5.73 0.000041 0.000132
5.74 0.000039 0.000150
5.75 0.000038 0.000165
5.76 0.000036 0.000178
5.77 0.000034 0.000189
5.78 0.000032 0.000198
5.79 0.000030 0.000204
5.80 0.000028 0.000209
5.81 0.000026 0.000211
5.82 0.000024 0.000212
5.83 0.000022 0.000210
5.84 0.000020 0.000207
5.85 0.000018 0.000203
5.86 0.000016 0.000197
5.87 0.000014 0.000189
5.88 0.000012 0.000180
5.89 0.000010 0.000169
5.90 0.000008 0.000158
5.91 0.000007 0.000145
5.92 0.000005 0.000132
5.93 0.000004 0.000117
5.94 0.000003 0.000102
5.95 0.000002 0.000086
5.96 0.000001 0.000069
5.97 0.000001 0.000052
5.98 0.000000 0.000035
5.99 0.000000 0.000018
6.00 0.000000 0.000000
