Distance (Å)  Energy (eV)  Force (eV/Å)
0.10 0.124537 0.773193
0.11 0.119233 0.338918
0.12 0.117196 0.077534
0.13 0.117781 -0.210523
0.14 0.121867 -0.634678
0.15 0.131080 -1.238828
0.16 0.147241 -2.021119
0.17 0.171991 -2.949624
0.18 0.206556 -3.974641
0.19 0.251613 -5.038216
0.20 0.307251 -6.081362
0.21 0.372988 -7.049352
0.22 0.447831 -7.895381
0.23 0.530366 -8.582835
0.24 0.618873 -9.086370
0.25 0.711433 -9.391984
0.26 0.806041 -9.496273
0.27 0.900706 -9.405065
0.28 0.993534 -9.131666
0.29 1.082794 -8.694920
0.30 1.166963 -8.117283
0.31 1.244751 -7.423067
0.32 1.315118 -6.636965
0.33 1.377264 -5.782900
0.34 1.430624 -4.883216
0.35 1.474844 -3.958175
0.36 1.509763 -3.025715
0.37 1.535386 -2.101409
0.38 1.551863 -1.198550
0.39 1.559466 -0.328333
0.40 1.558570 0.499933
0.41 1.549633 1.278610
0.42 1.533183 2.001523
0.43 1.509805 2.663792
0.44 1.480122 3.261690
0.45 1.444794 3.792538
0.46 1.404501 4.254627
0.47 1.359934 4.647164
0.48 1.311789 4.970222
0.49 1.260758 5.224704
0.50 1.207518 5.412301
0.51 1.152727 5.535442
0.52 1.097014 5.597236
0.53 1.040974 5.601396
0.54 0.985164 5.552157
0.55 0.930094 5.454180
0.56 0.876226 5.312445
0.57 0.823973 5.132147
0.58 0.773694 4.918586
0.59 0.725695 4.677060
0.60 0.680229 4.412766
0.61 0.637499 4.130712
0.62 0.597658 3.835639
0.63 0.560815 3.531955
0.64 0.527034 3.223686
0.65 0.496344 2.914440
0.66 0.468738 2.607383
0.67 0.444180 2.305230
0.68 0.422609 2.010249
0.69 0.403945 1.724270
0.70 0.388089 1.448707
0.71 0.374933 1.184587
0.72 0.364357 0.932579
0.73 0.356239 0.693035
0.74 0.350455 0.466027
0.75 0.346878 0.251389
0.76 0.345387 0.048754
0.77 0.345864 -0.142403
0.78 0.348199 -0.322728
0.79 0.352285 -0.492952
0.80 0.358027 -0.653858
0.81 0.365334 -0.806251
0.82 0.374126 -0.950930
0.83 0.384329 -1.088669
0.84 0.395879 -1.220190
0.85 0.408715 -1.346151
0.86 0.422785 -1.467136
0.87 0.438043 -1.583637
0.88 0.454444 -1.696055
0.89 0.471951 -1.804693
0.90 0.490526 -1.909757
0.91 0.510135 -2.011354
0.92 0.530742 -2.109501
0.93 0.552313 -2.204124
0.94 0.574812 -2.295073
0.95 0.598201 -2.382123
0.96 0.622441 -2.464989
0.97 0.647486 -2.543335
0.98 0.673291 -2.616783
0.99 0.699804 -2.684928
1.00 0.726970 -2.747344
1.01 0.754730 -2.803601
1.02 0.783020 -2.853271
1.03 0.811772 -2.895941
1.04 0.840915 -2.931219
1.05 0.870371 -2.958747
1.06 0.900063 -2.978205
1.07 0.929907 -2.989316
1.08 0.959820 -2.991856
1.09 0.989715 -2.985656
1.10 1.019504 -2.970601
1.11 1.049098 -2.946639
1.12 1.078407 -2.913777
1.13 1.107344 -2.872080
1.14 1.135820 -2.821674
1.15 1.163749 -2.762740
1.16 1.191047 -2.695514
1.17 1.217632 -2.620281
1.18 1.243427 -2.537374
1.19 1.268355 -2.447166
1.20 1.292347 -2.350071
1.21 1.315335 -2.246533
1.22 1.337258 -2.137023
1.23 1.358058 -2.022039
1.24 1.377682 -1.902094
1.25 1.396085 -1.777714
1.26 1.413223 -1.649437
1.27 1.429062 -1.517804
1.28 1.443570 -1.383356
1.29 1.456722 -1.246633
1.30 1.468497 -1.108168
1.31 1.478881 -0.968485
1.32 1.487864 -0.828097
1.33 1.495442 -0.687501
1.34 1.501615 -0.547178
1.35 1.506388 -0.407593
1.36 1.509771 -0.269188
1.37 1.511777 -0.132387
1.38 1.512426 0.002411
1.39 1.511737 0.134828
1.40 1.509738 0.264511
1.41 1.506457 0.391130
1.42 1.501927 0.514382
1.43 1.496182 0.633986
1.44 1.489260 0.749690
1.45 1.481202 0.861263
1.46 1.472049 0.968501
1.47 1.461847 1.071227
1.48 1.450640 1.169286
1.49 1.438477 1.262547
1.50 1.425406 1.350906
1.51 1.411475 1.434279
1.52 1.396737 1.512607
1.53 1.381240 1.585852
1.54 1.365037 1.653999
1.55 1.348177 1.717051
1.56 1.330713 1.775034
1.57 1.312693 1.827989
1.58 1.294169 1.875979
1.59 1.275190 1.919080
1.60 1.255804 1.957385
1.61 1.236058 1.991003
1.62 1.215999 2.020055
1.63 1.195672 2.044672
1.64 1.175120 2.064999
1.65 1.154386 2.081190
1.66 1.133509 2.093406
1.67 1.112530 2.101815
1.68 1.091485 2.106593
1.69 1.070410 2.107919
1.70 1.049338 2.105976
1.71 1.028300 2.100947
1.72 1.007328 2.093020
1.73 0.986449 2.082382
1.74 0.965689 2.069217
1.75 0.945073 2.053709
1.76 0.924622 2.036041
1.77 0.904358 2.016389
1.78 0.884300 1.994928
1.79 0.864465 1.971826
1.80 0.844869 1.947249
1.81 0.825525 1.921352
1.82 0.806446 1.894290
1.83 0.787642 1.866206
1.84 0.769124 1.837240
1.85 0.750900 1.807523
1.86 0.732976 1.777179
1.87 0.715358 1.746326
1.88 0.698051 1.715073
1.89 0.681058 1.683523
1.90 0.664381 1.651771
1.91 0.648023 1.619905
1.92 0.631983 1.588006
1.93 0.616262 1.556150
1.94 0.600860 1.524403
1.95 0.585774 1.492828
1.96 0.571002 1.461480
1.97 0.556543 1.430409
1.98 0.542393 1.399658
1.99 0.528549 1.369267
2.00 0.515006 1.339269
2.01 0.501762 1.309694
2.02 0.488811 1.280567
2.03 0.476149 1.251909
2.04 0.463771 1.223737
2.05 0.451673 1.196065
2.06 0.439848 1.168902
2.07 0.428293 1.142258
2.08 0.417001 1.116136
2.09 0.405968 1.090540
2.10 0.395189 1.065470
2.11 0.384657 1.040925
2.12 0.374369 1.016900
2.13 0.364318 0.993393
2.14 0.354499 0.970396
2.15 0.344908 0.947903
2.16 0.335539 0.925905
2.17 0.326388 0.904394
2.18 0.317450 0.883360
2.19 0.308719 0.862793
2.20 0.300192 0.842682
2.21 0.291864 0.823017
2.22 0.283731 0.803786
2.23 0.275787 0.784978
2.24 0.268030 0.766581
2.25 0.260454 0.748584
2.26 0.253057 0.730977
2.27 0.245833 0.713747
2.28 0.238781 0.696883
2.29 0.231895 0.680376
2.30 0.225172 0.664213
2.31 0.218609 0.648386
2.32 0.212203 0.632884
2.33 0.205951 0.617696
2.34 0.199848 0.602815
2.35 0.193893 0.588230
2.36 0.188083 0.573934
2.37 0.182414 0.559917
2.38 0.176883 0.546173
2.39 0.171489 0.532693
2.40 0.166229 0.519471
2.41 0.161099 0.506500
2.42 0.156098 0.493773
2.43 0.151223 0.481284
2.44 0.146471 0.469028
2.45 0.141841 0.457000
2.46 0.137331 0.445194
2.47 0.132937 0.433606
2.48 0.128658 0.422232
2.49 0.124492 0.411067
2.50 0.120436 0.400109
2.51 0.116489 0.389353
2.52 0.112648 0.378797
2.53 0.108912 0.368438
2.54 0.105279 0.358273
2.55 0.101746 0.348300
2.56 0.098312 0.338516
2.57 0.094975 0.328920
2.58 0.091733 0.319510
2.59 0.088584 0.310283
2.60 0.085527 0.301239
2.61 0.082559 0.292377
2.62 0.079679 0.283694
2.63 0.076884 0.275189
2.64 0.074174 0.266862
2.65 0.071546 0.258712
2.66 0.068999 0.250736
2.67 0.066531 0.242935
2.68 0.064140 0.235308
2.69 0.061824 0.227853
2.70 0.059582 0.220569
2.71 0.057413 0.213455
2.72 0.055313 0.206511
2.73 0.053282 0.199735
2.74 0.051318 0.193126
2.75 0.049419 0.186683
2.76 0.047583 0.180406
2.77 0.045810 0.174291
2.78 0.044097 0.168340
2.79 0.042443 0.162549
2.80 0.040845 0.156917
2.81 0.039304 0.151444
2.82 0.037816 0.146127
2.83 0.036381 0.140964
2.84 0.034996 0.135955
2.85 0.033661 0.131097
2.86 0.032374 0.126388
2.87 0.031133 0.121826
2.88 0.029937 0.117410
2.89 0.028784 0.113136
2.90 0.027674 0.109004
2.91 0.026604 0.105011
2.92 0.025573 0.101155
2.93 0.024580 0.097433
2.94 0.023624 0.093843
2.95 0.022703 0.090382
2.96 0.021816 0.087049
2.97 0.020961 0.083841
2.98 0.020139 0.080754
2.99 0.019346 0.077788
3.00 0.018582 0.074938
3.01 0.017847 0.072203
3.02 0.017138 0.069580
3.03 0.016455 0.067066
3.04 0.015796 0.064658
3.05 0.015161 0.062355
3.06 0.014549 0.060152
3.07 0.013958 0.058049
3.08 0.013388 0.056041
3.09 0.012837 0.054126
3.10 0.012305 0.052301
3.11 0.011791 0.050564
3.12 0.011293 0.048912
3.13 0.010812 0.047342
3.14 0.010346 0.045851
3.15 0.009895 0.044437
3.16 0.009457 0.043097
3.17 0.009033 0.041828
3.18 0.008620 0.040626
3.19 0.008220 0.039491
3.20 0.007830 0.038418
3.21 0.007451 0.037405
3.22 0.007082 0.036449
3.23 0.006722 0.035548
3.24 0.006371 0.034698
3.25 0.006028 0.033898
3.26 0.005693 0.033143
3.27 0.005365 0.032433
3.28 0.005044 0.031763
3.29 0.004730 0.031131
3.30 0.004421 0.030536
3.31 0.004119 0.029973
3.32 0.003822 0.029441
3.33 0.003530 0.028938
3.34 0.003243 0.028460
3.35 0.002961 0.028006
3.36 0.002683 0.027573
3.37 0.002409 0.027159
3.38 0.002139 0.026762
3.39 0.001874 0.026380
3.40 0.001612 0.026011
3.41 0.001353 0.025653
3.42 0.001099 0.025304
3.43 0.000847 0.024963
3.44 0.000599 0.024628
3.45 0.000355 0.024297
3.46 0.000113 0.023969
3.47 -0.000125 0.023644
3.48 -0.000359 0.023319
3.49 -0.000591 0.022994
3.50 -0.000819 0.022668
3.51 -0.001044 0.022340
3.52 -0.001266 0.022009
3.53 -0.001485 0.021676
3.54 -0.001700 0.021339
3.55 -0.001911 0.020998
3.56 -0.002120 0.020652
3.57 -0.002324 0.020303
3.58 -0.002526 0.019949
3.59 -0.002723 0.019591
3.60 -0.002917 0.019229
3.61 -0.003108 0.018863
3.62 -0.003295 0.018494
3.63 -0.003478 0.018122
3.64 -0.003657 0.017747
3.65 -0.003833 0.017370
3.66 -0.004004 0.016991
3.67 -0.004172 0.016611
3.68 -0.004337 0.016231
3.69 -0.004497 0.015850
3.70 -0.004654 0.015471
3.71 -0.004806 0.015093
3.72 -0.004956 0.014717
3.73 -0.005101 0.014343
3.74 -0.005242 0.013973
3.75 -0.005380 0.013607
3.76 -0.005515 0.013244
3.77 -0.005645 0.012887
3.78 -0.005772 0.012534
3.79 -0.005896 0.012187
3.80 -0.006016 0.011846
3.81 -0.006133 0.011511
3.82 -0.006246 0.011182
3.83 -0.006357 0.010859
3.84 -0.006464 0.010542
3.85 -0.006567 0.010231
3.86 -0.006668 0.009927
3.87 -0.006766 0.009628
3.88 -0.006861 0.009334
3.89 -0.006953 0.009045
3.90 -0.007042 0.008761
3.91 -0.007128 0.008481
3.92 -0.007211 0.008205
3.93 -0.007292 0.007931
3.94 -0.007370 0.007660
3.95 -0.007445 0.007390
3.96 -0.007518 0.007121
3.97 -0.007588 0.006851
3.98 -0.007655 0.006581
3.99 -0.007719 0.006308
4.00 -0.007781 0.006033
4.01 -0.007840 0.005755
4.02 -0.007896 0.005473
4.03 -0.007949 0.005188
4.04 -0.008000 0.004899
4.05 -0.008047 0.004608
4.06 -0.008092 0.004315
4.07 -0.008134 0.004019
4.08 -0.008172 0.003721
4.09 -0.008208 0.003421
4.10 -0.008241 0.003119
4.11 -0.008270 0.002816
4.12 -0.008297 0.002512
4.13 -0.008321 0.002206
4.14 -0.008341 0.001900
4.15 -0.008359 0.001593
4.16 -0.008373 0.001286
4.17 -0.008384 0.000979
4.18 -0.008393 0.000672
4.19 -0.008398 0.000366
4.20 -0.008400 0.000060
4.21 -0.008399 -0.000245
4.22 -0.008395 -0.000549
4.23 -0.008388 -0.000851
4.24 -0.008378 -0.001152
4.25 -0.008365 -0.001451
4.26 -0.008349 -0.001748
4.27 -0.008330 -0.002042
4.28 -0.008308 -0.002334
4.29 -0.008283 -0.002623
4.30 -0.008256 -0.002909
4.31 -0.008225 -0.003192
4.32 -0.008192 -0.003471
4.33 -0.008156 -0.003747
4.34 -0.008117 -0.004018
4.35 -0.008075 -0.004286
4.36 -0.008031 -0.004549
4.37 -0.007984 -0.004808
4.38 -0.007935 -0.005063
4.39 -0.007883 -0.005312
4.40 -0.007829 -0.005557
4.41 -0.007772 -0.005796
4.42 -0.007713 -0.006030
4.43 -0.007651 -0.006258
4.44 -0.007588 -0.006481
4.45 -0.007522 -0.006698
4.46 -0.007454 -0.006909
4.47 -0.007384 -0.007114
4.48 -0.007312 -0.007313
4.49 -0.007237 -0.007505
4.50 -0.007162 -0.007691
4.51 -0.007084 -0.007871
4.52 -0.007004 -0.008044
4.53 -0.006923 -0.008210
4.54 -0.006840 -0.008369
4.55 -0.006755 -0.008522
4.56 -0.006670 -0.008667
4.57 -0.006582 -0.008806
4.58 -0.006493 -0.008937
4.59 -0.006403 -0.009062
4.60 -0.006312 -0.009179
4.61 -0.006220 -0.009289
4.62 -0.006126 -0.009392
4.63 -0.006032 -0.009488
4.64 -0.005937 -0.009576
4.65 -0.005841 -0.009657
4.66 -0.005744 -0.009732
4.67 -0.005646 -0.009798
4.68 -0.005548 -0.009858
4.69 -0.005449 -0.009911
4.70 -0.005349 -0.009956
4.71 -0.005250 -0.009994
4.72 -0.005150 -0.010026
4.73 -0.005049 -0.010050
4.74 -0.004949 -0.010067
4.75 -0.004848 -0.010078
4.76 -0.004747 -0.010082
4.77 -0.004646 -0.010079
4.78 -0.004546 -0.010069
4.79 -0.004445 -0.010053
4.80 -0.004344 -0.010031
4.81 -0.004244 -0.010002
4.82 -0.004144 -0.009967
4.83 -0.004045 -0.009926
4.84 -0.003946 -0.009879
4.85 -0.003847 -0.009826
4.86 -0.003749 -0.009768
4.87 -0.003652 -0.009703
4.88 -0.003555 -0.009634
4.89 -0.003459 -0.009559
4.90 -0.003364 -0.009478
4.91 -0.003270 -0.009393
4.92 -0.003176 -0.009303
4.93 -0.003084 -0.009208
4.94 -0.002992 -0.009109
4.95 -0.002902 -0.009005
4.96 -0.002812 -0.008897
4.97 -0.002724 -0.008784
4.98 -0.002637 -0.008668
4.99 -0.002550 -0.008548
5.00 -0.002466 -0.008425
5.01 -0.002382 -0.008298
5.02 -0.002300 -0.008168
5.03 -0.002219 -0.008034
5.04 -0.002139 -0.007898
5.05 -0.002061 -0.007760
5.06 -0.001984 -0.007618
5.07 -0.001908 -0.007475
5.08 -0.001834 -0.007329
5.09 -0.001762 -0.007181
5.10 -0.001691 -0.007031
5.11 -0.001621 -0.006880
5.12 -0.001553 -0.006727
5.13 -0.001487 -0.006573
5.14 -0.001422 -0.006418
5.15 -0.001358 -0.006261
5.16 -0.001296 -0.006105
5.17 -0.001236 -0.005947
5.18 -0.001177 -0.005789
5.19 -0.001120 -0.005631
5.20 -0.001065 -0.005472
5.21 -0.001011 -0.005314
5.22 -0.000959 -0.005156
5.23 -0.000908 -0.004998
5.24 -0.000859 -0.004841
5.25 -0.000811 -0.004685
5.26 -0.000765 -0.004529
5.27 -0.000720 -0.004374
5.28 -0.000677 -0.004221
5.29 -0.000636 -0.004069
5.30 -0.000596 -0.003918
5.31 -0.000558 -0.003768
5.32 -0.000521 -0.003621
5.33 -0.000485 -0.003475
5.34 -0.000451 -0.003331
5.35 -0.000419 -0.003188
5.36 -0.000387 -0.003049
5.37 -0.000358 -0.002911
5.38 -0.000329 -0.002775
5.39 -0.000302 -0.002642
5.40 -0.000276 -0.002512
5.41 -0.000252 -0.002384
5.42 -0.000229 -0.002259
5.43 -0.000207 -0.002137
5.44 -0.000186 -0.002017
5.45 -0.000166 -0.001901
5.46 -0.000148 -0.001787
5.47 -0.000131 -0.001676
5.48 -0.000114 -0.001569
5.49 -0.000099 -0.001465
5.50 -0.000085 -0.001364
5.51 -0.000072 -0.001266
5.52 -0.000060 -0.001171
5.53 -0.000048 -0.001080
5.54 -0.000038 -0.000992
5.55 -0.000029 -0.000907
5.56 -0.000020 -0.000826
5.57 -0.000012 -0.000748
5.58 -0.000005 -0.000673
5.59 0.000001 -0.000602
5.60 0.000007 -0.000534
5.61 0.000012 -0.000470
5.62 0.000017 -0.000408
5.63 0.000020 -0.000351
5.64 0.000024 -0.000296
5.65 0.000026 -0.000245
5.66 0.000028 -0.000197
5.67 0.000030 -0.000152
5.68 0.000031 -0.000110
5.69 0.000032 -0.000072
5.70 0.000033 -0.000036
5.71 0.000033 -0.000004
5.72 0.000033 0.000026
5.73 0.000033 0.000052
5.74 0.000032 0.000076
5.75 0.000031 0.000097
5.76 0.000030 0.000116
5.77 0.000029 0.000131
5.78 0.000027 0.000145
5.79 0.000026 0.000156
5.80 0.000024 0.000164
5.81 0.000023 0.000170
5.82 0.000021 0.000174
5.83 0.000019 0.000176
5.84 0.000017 0.000176
5.85 0.000016 0.000175
5.86 0.000014 0.000171
5.87 0.000012 0.000166
5.88 0.000011 0.000159
5.89 0.000009 0.000151
5.90 0.000008 0.000142
5.91 0.000006 0.000131
5.92 0.000005 0.000119
5.93 0.000004 0.000106
5.94 0.000003 0.000093
5.95 0.000002 0.000078
5.96 0.000001 0.000063
5.97 0.000001 0.000048
5.98 0.000000 0.000032
5.99 0.000000 0.000016
6.00 0.000000 0.000000
