nep4 4 Li La Zr O 
cutoff 6 4 95 30
n_max 4 4
basis_size 8 8
l_max 4 2 0
ANN 30 0
 -7.6072037e-01
 -7.9280380e-03
 -3.1952702e-02
  5.8246665e-03
 -6.6489778e-03
  1.2851072e-02
 -4.7622034e-03
  4.6369177e-03
 -3.2932467e-03
  5.2987235e-03
  2.3220908e-03
 -9.0655070e-03
  6.7540463e-03
 -3.1786689e-03
 -1.4018609e-02
  4.8731875e-02
 -5.6921766e-04
  1.6500487e-03
  1.7598880e-02
  4.0566558e-01
  2.7159860e-03
 -4.7409171e-03
  2.9955099e-03
 -1.6211767e-03
  8.7186752e-04
 -6.2002754e-03
 -1.4609802e-02
  5.6241779e-03
  4.0820663e-04
  1.5541375e-02
 -4.7839399e-02
 -9.5128953e-02
  5.0461686e-01
 -1.1632413e-02
 -4.0041972e-03
  8.6709991e-02
 -1.4499685e-03
 -1.9570401e-04
  2.0286078e-03
 -2.0411848e-03
  3.4588845e-03
 -3.0886471e-01
  9.4581647e-03
 -2.4978858e-03
  5.4213456e-03
  8.8571683e-03
 -1.1206114e-02
 -7.9541216e-03
 -4.6013784e-01
  5.2635632e-03
  2.0149769e-04
 -3.7333516e-03
 -3.4441662e-01
  1.0719038e-01
 -9.9321327e-04
  1.5547678e-03
  5.3377362e-04
  4.1606119e-03
 -6.0933299e-04
 -5.4397527e-04
  1.3623143e-03
 -6.5418724e-03
 -8.9144055e-03
  4.2627957e-03
 -1.1357227e-02
 -2.3850398e-03
  2.3351165e-03
 -2.5034744e-02
 -2.5747365e-03
 -1.6355817e-03
  2.1198686e-02
  6.9989133e-01
  6.7394320e-03
  6.2174810e-04
  1.1814405e-03
  1.4423718e-03
  3.2005836e-03
  3.6463600e-03
  8.1416098e-03
 -2.3016389e-03
  1.1935819e-02
  9.4758905e-03
  5.5814199e-03
 -2.6500202e-03
 -3.3985446e-03
 -9.6455630e-04
 -4.5852973e-03
  9.3540708e-03
  1.6220266e-02
  4.0394892e-03
 -2.3354141e-01
 -3.8492493e-03
  7.5675175e-03
  6.8950993e-03
 -5.1576048e-03
 -6.5681674e-03
  7.2556022e-03
  2.5154769e-03
 -4.3573640e-03
 -1.8259416e-03
  1.0651042e-02
  4.8003220e-03
  1.1797518e-03
 -5.2394427e-04
 -3.4487836e-02
  2.4155017e-02
 -1.7423038e-03
  7.4938673e-04
  2.3309300e-02
  4.3333471e-03
  9.0952814e-03
 -5.7200338e-03
 -3.9093586e-04
  1.2819078e-03
  9.3674014e-04
 -3.9537144e-03
 -1.0072111e-02
  1.2809462e-02
 -7.7876303e-04
  1.0009826e-02
  1.1546192e-01
  1.9100252e-01
  1.8010545e-01
 -5.6744343e-01
 -2.3203214e-01
  3.5922036e-02
 -5.8621853e-03
 -1.5049999e-02
  2.4044563e-03
  2.9105395e-02
 -1.8751841e-02
  9.6969493e-04
  1.2902874e-03
  5.5157384e-03
  1.0621511e-01
  1.3022172e-02
  1.5491361e-03
 -1.2091272e-01
  2.7586952e-02
  2.7580126e-03
  1.3886464e-01
 -5.8611194e-03
  6.6992361e-05
 -1.0636119e+00
  1.1800624e-03
  8.7614072e-04
 -9.3443888e-01
  6.1827822e-04
  9.1627975e-05
 -1.0638824e-01
 -1.5908368e-03
 -9.4389254e-03
 -3.2214853e-03
 -2.9603308e-03
 -2.0823237e-03
 -2.5944989e-03
  2.4632432e-02
 -2.7294138e-03
  9.1025084e-03
  1.5255294e-03
  3.7794320e-03
 -1.3959802e-02
  3.7058842e-01
  3.2690781e-01
  5.2412919e-04
 -2.1310113e-03
 -5.2119079e-03
  1.3002818e-02
 -5.1616258e-03
 -4.6078502e-03
  1.0103086e-02
 -2.2106047e-03
 -5.0691967e-03
  4.8777349e-03
 -3.3863790e-03
  2.8744498e-03
 -5.6727408e-03
  1.4149641e-03
  2.7249272e-03
 -1.1065805e-02
 -1.3861482e+00
  1.1478707e+00
  1.1416633e-01
  5.7514846e-01
 -2.3199233e-01
 -8.7750195e-05
  4.0421779e-03
 -5.0036746e-01
 -5.3124685e-02
 -3.3974345e-03
 -1.1952078e-03
 -2.1481111e-03
  1.4885523e-02
 -1.2778912e-01
  2.2278429e-04
  9.9156708e-02
  9.2738308e-03
  7.3968314e-02
  2.3819204e-02
 -1.0083528e+00
 -2.6093514e-03
  7.2026085e-03
  1.1071755e-03
 -1.0319388e-02
 -5.3331875e-03
  2.4502148e-04
 -1.0875008e-02
  2.7010139e-02
 -5.5292994e-03
  7.3903479e-04
  4.7929650e-03
 -1.2511341e-01
  1.4354988e-02
  1.2409019e-01
  9.0303980e-03
 -1.5000673e-02
  3.9359002e-04
 -1.2867617e-03
  1.7326731e-02
  2.1366886e-04
 -2.5467699e-02
  1.1802754e-02
  1.2942357e+00
 -1.1035445e-02
 -4.7281040e-03
 -4.5755976e-03
 -6.6262088e-04
 -5.7597579e-03
 -5.2164946e-02
  9.0897689e-03
 -8.5163200e-03
  3.0473848e-03
 -2.8149414e-04
 -2.7045621e-02
  8.4790360e-04
 -3.6478669e-03
 -3.1864049e-03
  8.3981464e-03
 -7.4520539e-03
 -3.5836303e-03
  1.2064845e-02
 -1.3765978e-02
  2.2591702e-03
  3.4559141e-03
  3.9468128e-03
 -6.7645335e-04
  1.0144349e-02
  5.1857699e-03
 -1.4860414e-02
  1.3510974e-02
  3.5424738e-03
 -1.3846491e-02
 -6.3800891e-03
 -1.3662883e-03
 -9.0984028e-04
 -8.6112916e-03
  1.2423255e-03
  9.9452981e-04
  1.5762239e-03
  2.2472048e-04
 -6.3144055e-04
  3.1770347e-03
 -2.0401380e-03
  3.2778445e-03
 -2.8354898e-03
  2.8568606e-03
 -3.3496311e-03
 -8.4054796e-03
  2.5231920e-03
  6.1299047e-03
  6.1567649e-02
 -3.3382401e-01
  3.1501609e-03
 -1.8771712e-02
 -8.5266093e-03
 -2.3805308e-03
 -1.2884827e-03
  7.3317899e-03
 -1.4629683e-01
  9.9828448e-03
  1.7272506e-03
  3.3731272e-03
  1.1516881e-02
 -2.1718473e-03
 -4.1189878e-03
 -8.1664434e-04
 -3.1145351e-02
 -2.0783078e-03
 -3.5028693e-03
 -1.1745350e-03
  1.0214995e-03
  4.6482808e-03
 -8.4489854e-03
  7.5238156e-03
 -1.7090242e-02
 -1.6392338e-03
  1.1641141e-02
  1.7679542e-02
 -7.6149577e-01
  7.6534267e-04
 -1.1626778e+00
  5.2296012e-03
 -8.4971013e-03
  4.0643685e-03
  1.8678157e-01
 -2.0679345e-02
 -2.0490061e-03
  2.6480461e-04
  2.1364454e-03
  7.7911769e-04
  1.8061864e-03
 -6.7929104e-03
 -8.7553617e-03
  4.2770243e-05
  6.7385193e-03
 -8.3467625e-03
  2.0666306e-03
 -2.8866928e-02
 -4.9990315e-02
 -1.4114988e-02
  2.7143785e-03
  1.5360968e-02
 -2.4727760e-03
  2.8188205e-03
  7.0657738e-04
  3.0274703e-03
  8.5211899e-03
 -7.7134855e-03
 -2.0259579e-03
 -7.1879430e-03
  1.3504204e-02
  1.0512116e+00
 -1.0503720e-01
  4.7496527e-01
  8.0401623e-01
 -6.9423102e-02
  3.8604315e-03
  3.1309623e-02
 -4.0682122e-02
 -3.6734253e-02
 -6.7597784e-02
 -3.2164717e-01
  4.9672562e-01
 -3.6723611e-01
 -9.4879344e-02
 -5.5024689e-01
  1.0882186e-02
  1.0205917e+00
 -9.9030715e-01
 -2.2595076e-01
 -3.0407824e-02
 -1.7166104e-03
  2.3812774e-01
 -1.6679440e-01
 -3.9006662e-02
 -1.5341116e-01
 -2.5858725e-03
  8.5374579e-02
 -5.3659029e-02
  3.8339123e-03
 -2.3959398e-02
  4.5785334e-02
  1.1118083e-01
 -1.6358700e-01
  1.7295922e-01
 -1.5197874e-02
  3.5783518e-02
  1.1989751e-02
 -9.1558918e-02
 -9.8499740e-03
 -3.9943567e-04
 -3.8150228e-03
  4.7664470e-03
 -1.4545143e-01
 -1.8432491e-01
 -2.1028832e-01
 -2.9284833e-03
 -1.8212409e-03
 -7.8390248e-02
 -1.1427802e-02
 -4.9143545e-02
  7.3278204e-02
  3.2971948e-01
 -3.1015724e-01
 -5.0510984e-02
  1.9722302e-03
  8.8901119e-03
  1.1676531e-03
  1.0124597e-04
  1.2643628e-03
  9.8224194e-04
 -6.0856268e-03
  1.9046689e-03
 -1.2606054e-03
  3.4421945e-03
 -3.5648878e-05
 -1.0396968e-02
  1.6003759e-01
 -4.9632043e-03
 -6.4466521e-03
  1.8268080e-03
 -7.3546553e-03
 -1.3282784e-03
  6.0186457e-02
 -3.1900667e-03
  2.3602210e-03
 -5.9405011e-01
  2.4535344e-04
  3.5491120e-03
  3.2361704e-01
 -4.5937584e-03
  1.4560518e-04
  7.1307900e-04
 -1.9087876e-03
 -1.3031971e-03
  5.0666273e-01
 -7.0180412e-04
  5.0369278e-03
 -1.5974240e-02
 -7.6070894e-03
 -8.4573386e-04
 -1.7218159e-03
 -7.4674352e-03
  4.1910582e-03
  7.3139630e-03
 -7.6752766e-03
  1.8217719e-04
  2.2031054e+00
 -5.5085000e-04
 -5.0493120e-03
  6.5483648e-05
 -7.6326833e-04
 -3.0747522e-03
  2.0627426e-03
  3.8084292e-03
 -3.3333787e-01
  1.0454607e-02
 -3.3365693e-03
 -5.0341577e-04
  4.3539992e-03
  1.6571162e-03
 -4.0613298e-04
 -3.8513453e-03
 -2.9386731e-03
 -1.2402051e-03
  4.6964556e-02
  9.8618737e-04
 -4.9043810e-03
 -9.7768730e-04
  1.0073735e-02
  4.5314743e-03
  3.8066199e-03
  1.3870806e-02
 -3.7433137e-03
  4.8860586e-01
 -7.0905989e-01
 -5.0962955e-04
 -2.1203782e-03
 -4.3028537e-03
  1.3809513e-02
 -5.8264290e-03
  4.2545483e-03
  3.3863175e-03
  9.0333872e-04
 -1.5459270e-03
 -5.7144631e-03
 -2.1138140e-03
  5.1788273e-03
 -2.8187003e-02
  4.3073329e-03
 -8.0864541e-03
 -6.4222194e-04
  1.7478028e-02
 -1.1771890e-04
  1.4312217e-02
  1.4452948e-03
 -1.2463989e-03
  2.4411085e-03
 -9.6370350e-04
 -1.6884403e-03
  2.9835740e-01
  3.1567279e-02
  3.6866791e-03
  1.7390542e+00
 -6.1409730e-01
 -2.9334612e-03
  8.7792315e-03
  6.6392571e-02
  5.1217783e-02
 -7.7289864e-03
  7.1775079e-02
 -4.9614985e-03
  1.9184863e-02
 -1.1238401e-01
 -8.7916143e-03
  4.1426265e-01
 -9.8975074e-01
 -3.1601510e-03
 -3.3917862e-01
  1.4942694e-03
 -1.9287852e-03
  2.1499743e+00
  4.9016070e-02
 -1.4134757e-01
 -2.3713917e-03
 -4.1432455e-02
  2.4694591e-05
  1.3034384e-02
 -1.7799011e-01
 -3.4349244e-03
 -7.5878546e-02
  9.3352946e-04
 -1.3890195e-01
 -4.6750225e-02
  2.4691692e-01
  1.1046730e-03
  6.6861486e-01
 -9.2712920e-03
 -2.9541996e-01
  3.8501449e-04
  5.7508596e-03
  1.4781845e-03
  2.1351207e-02
 -1.4820039e-01
 -1.9837439e-03
 -2.3450483e-02
  3.4630741e-03
  4.9231377e-01
 -6.9957953e-03
 -5.7330127e-03
 -7.2535984e-02
  4.3251412e-03
 -4.1950494e-03
 -9.9405065e-02
 -1.4193543e-02
 -5.9885141e-03
  1.6142494e-03
  2.7516108e-02
 -1.6650515e-04
 -9.3474491e-03
  2.8490156e-03
 -7.1405206e-04
 -2.1354174e-03
 -1.3387451e-03
 -8.7739918e-03
  1.6069625e-03
  2.0780014e-03
 -7.5634909e-03
 -8.5816607e-03
 -8.2008336e-03
 -1.4295510e-03
 -1.0448069e-03
 -3.1018427e-03
  1.4252490e-02
  4.3035015e-03
  1.5687270e-03
  7.6044037e-04
 -8.8953054e-01
 -6.6719775e-04
 -6.5191684e-04
 -3.4688739e-03
  7.2372262e-03
  1.2543058e-03
 -3.1328693e-02
  6.0923561e-03
 -2.3413205e-03
 -6.5757707e-03
 -1.0343877e-03
  2.2849184e-03
  5.0318055e-03
 -2.3871219e-01
 -1.2567272e+00
 -3.2477665e-01
  4.5225933e-01
 -1.0442874e+00
  9.7623259e-02
 -3.9148062e-01
  5.1070732e-01
  4.8329225e-01
 -1.8181272e-02
 -3.5001564e-01
 -1.3883399e+00
  3.9338276e-02
  2.3734087e-01
  7.0051037e-02
 -2.8232014e-01
  2.0357156e-03
 -5.4007506e-01
  2.2273102e-01
 -2.7555762e-02
 -9.5207252e-02
 -1.1473290e-03
 -6.6482055e-01
  2.1159120e-01
  2.0280889e-01
  4.1920196e-02
  8.4704533e-03
  1.3430369e-01
  2.2198223e-02
 -1.6494757e-03
 -1.2335648e-02
 -7.1536410e-03
 -1.5028284e-03
 -9.3506891e-03
 -9.4852149e-03
  3.8992011e-03
  5.4649152e-03
 -1.8729439e-02
 -2.1165410e-02
 -3.0990976e-03
  2.3352690e-03
  1.4994198e-02
 -1.1749181e-02
  1.8662985e-03
 -7.2274162e-03
  1.2985823e-03
  4.7794217e-03
 -3.7954843e-03
  9.5920069e-03
 -5.1015697e-04
  4.6983230e-04
 -3.8642346e-04
 -6.8802130e-01
  4.9189716e-03
  4.0296530e-03
 -1.1311691e-03
  1.2885489e-03
 -5.4256053e-04
 -1.8401828e-02
 -6.0962513e-03
 -1.6259691e+00
  5.9233284e-01
 -1.8909024e-01
 -9.3020421e-01
 -2.6282221e-01
 -2.5639846e-03
 -1.2803163e-03
  8.0065429e-02
  1.4856483e-03
  1.5959640e-03
  6.3241012e-02
 -2.8773487e-01
 -2.6807725e-02
  2.7408081e-01
  1.7310850e-02
 -2.3369577e-03
  5.0960979e-03
 -1.3289654e-02
  6.2270790e-01
  2.4844739e-03
 -2.2426639e-03
  9.1286516e-03
 -4.0528560e-01
  6.7987107e-04
  1.8246287e-02
 -1.5701043e-03
  6.9332225e-03
 -5.0430913e-03
 -1.5875854e-03
 -1.1585297e-02
 -4.6014765e-01
 -2.1090128e+00
 -1.2114798e-01
 -7.3636287e-01
 -1.1788731e+00
  7.2096437e-03
 -5.2255681e-03
 -2.4836827e-03
  1.4367256e-01
  2.3077106e-02
 -7.8599833e-02
  2.7990392e-03
 -4.9386490e-03
  1.5455596e-01
  3.0620111e-02
  1.4267299e-02
  1.8472208e-03
 -2.2206502e-01
  3.3293799e-02
  4.1907389e-02
 -2.3375778e-01
 -1.0418744e-02
 -4.9882257e-01
  2.4200155e-01
 -1.8621428e-03
 -2.8525440e-03
 -1.1007317e-02
 -1.7318547e-02
 -6.6511810e-01
  2.5693122e-03
  1.3234080e-03
  3.3534141e-03
 -1.6494006e-03
  1.0689827e-02
 -4.2032590e-03
  7.4847122e-03
 -3.6465148e-03
 -2.7753694e-02
 -2.1244823e-03
  1.3049614e+00
  5.5438915e-04
 -4.4071074e-03
  4.5552813e-03
  1.5008354e-03
 -5.6593589e-02
  1.2485438e-02
 -4.9728849e-03
  3.9868467e-03
  1.1683204e-02
  1.6938692e-03
  2.0761122e-03
 -4.0941479e-04
 -5.7775793e-03
 -2.3537211e-03
  1.4449700e-03
 -2.7278445e-03
  1.1511205e-02
 -6.4130649e-03
  9.9070347e-04
 -9.5683092e-04
  7.2931260e-01
 -8.2218343e-01
  3.0074671e-01
  7.7698642e-01
  9.9264973e-01
  9.0680760e-04
  1.4149459e-02
 -2.4080507e-02
 -2.3786658e-03
 -2.4470033e-03
  1.5483750e-03
 -9.9922763e-03
  6.6766338e-03
 -3.8257379e-02
  7.1158181e-03
 -2.0952511e-01
 -1.0946217e-02
 -1.8248928e-01
 -5.5490553e-02
 -5.2495003e-03
 -1.2334355e-02
  9.4328336e-03
  9.8216757e-02
  3.1726129e-04
 -2.7118675e-02
 -3.0605965e-03
  1.9983146e-03
  4.5003830e-03
 -1.5347226e-02
 -1.2758838e-03
 -6.4129289e-03
  4.1236538e-03
  9.8465644e-03
 -1.1704899e-03
  1.3713626e-02
 -1.4356309e-02
  4.1146781e-03
 -4.2092337e-04
  3.1638897e-03
 -3.2725130e-04
 -7.9020312e-05
  7.4566146e-03
  8.2577963e-04
  2.8859566e-03
  2.4864450e-03
 -5.7738950e-03
  4.5410296e-04
 -1.2186030e-03
 -1.8292280e-02
 -4.0429924e-03
 -6.3222502e-03
  2.1769388e-03
 -8.9025870e-03
 -2.1955807e-02
  9.2429211e-03
  4.0232614e-03
 -6.4040124e-03
  1.8061901e-03
 -1.4733444e-03
  3.2647231e-03
 -1.8836912e-02
  8.7067023e-02
  2.3867868e-04
 -7.1194947e-01
  2.5103297e-03
 -1.3655648e-02
  5.4415192e-02
  4.1267165e-04
 -1.5701719e-01
 -1.1681017e-02
 -4.4477917e-04
 -6.2484015e-03
  9.0741469e-03
 -3.7183464e-01
 -1.2548985e-01
 -6.5452545e-03
 -2.2905758e-04
 -2.5632066e-01
 -4.6918470e-02
 -1.3313534e-02
 -3.4847774e-02
  7.8012124e-02
 -4.6233597e-04
 -6.1358090e-02
 -1.5049336e-02
 -1.4818460e-02
  2.9455659e-03
  4.8054154e-03
 -3.3617042e-02
  5.9285103e-03
 -4.9492922e-03
 -7.2109185e-02
 -7.5387565e-04
  3.1981312e-02
 -8.0752276e-02
  8.9569958e-03
 -2.6752716e-02
  4.7224341e-03
  1.7012061e-03
 -1.7698180e-02
 -3.5696044e-03
  3.1457306e-04
 -1.0949413e-02
  9.0950737e-03
 -1.9029698e-04
  5.5525424e-03
 -9.8506929e-03
  9.1460574e-01
  5.6800131e-02
  3.5187274e-03
  1.5907563e-02
  5.0239284e-03
  2.3230831e-03
  5.1026554e-03
 -2.6298529e-03
  6.0094488e-03
 -8.7442715e-03
 -4.6116491e-03
 -3.8699901e-03
 -1.7849538e-03
  1.0533071e+00
  5.3062551e-03
  8.4096026e-01
  7.3573045e-02
  6.8900511e-03
  1.3271639e-01
  1.5809268e-01
  3.7686771e-01
 -4.2510882e-02
 -9.6488468e-02
 -4.3576705e-01
 -3.9714500e-02
  1.2177464e-01
 -3.4801048e-01
 -2.8627187e-01
 -1.0002024e-02
 -1.9354204e-02
  1.8472950e-01
 -1.0987116e-01
 -6.6623829e-02
 -2.4337129e-01
  6.6161407e-03
  5.9784722e-02
 -9.9779242e-01
 -2.1188860e-01
 -9.6177980e-02
 -4.6165460e-03
  2.2795958e-02
 -5.3807512e-02
 -5.8782613e-03
  1.6451023e+00
  7.0069157e-02
  9.3176141e-02
  2.2747855e-01
  1.1096475e+00
 -8.6302665e-04
  1.1932271e-01
 -6.6804630e-03
 -6.1110165e-03
  1.1642940e+00
  2.9536804e-02
  2.6851669e-03
 -6.2611391e-04
 -1.1852459e-01
  4.1031083e-03
  4.1717523e-01
 -6.0078260e-03
 -1.6835924e-02
 -4.0345794e-01
 -4.7575533e-01
  2.0416239e-03
  7.2065983e-03
 -2.4375916e-01
  2.1143885e-02
 -2.4085544e-02
  2.4647729e-03
  7.7130860e-03
  3.6205973e-02
 -4.0350673e-03
 -6.2225512e-03
  7.9511292e-03
  8.9357626e-03
  2.8247319e-04
  7.8849698e-05
 -4.5000609e-02
 -2.7107093e-03
 -1.4828421e-01
 -1.7494549e-03
  3.5229517e-04
 -5.4449256e-04
  9.2003396e-04
 -5.3988867e-02
 -3.4213456e-04
 -5.0314199e-03
  2.8854911e-03
  1.0231644e-02
 -1.0423937e-01
  8.4060907e-01
 -3.8020906e-05
 -3.8673937e-01
 -6.4117564e-03
  3.2292616e-01
 -3.5167113e-01
  4.1426234e-03
 -1.4675515e+00
  9.0475037e-04
 -1.1004532e-01
  5.5166506e-03
  3.4051451e-01
 -2.3949973e-02
  1.5927296e-02
  7.9329446e-02
  3.5662755e-02
  9.3812384e-03
  5.2102065e-01
  1.0103045e-02
 -4.2148113e-01
 -1.7146909e-01
  1.4180167e-03
 -6.6172443e-03
  9.9667506e-03
 -3.6001047e-01
 -4.0788877e-01
  2.0492948e-03
 -2.9679561e-02
 -7.1625739e-02
 -4.5385081e-01
 -5.7111710e-01
  1.3404932e-02
  8.3184183e-01
  6.1562221e-02
  1.8549858e-01
  3.3921322e-01
 -1.5619503e-02
 -1.3813390e-01
 -6.7810059e-02
 -5.6423903e-01
  1.1301465e-01
 -7.1689725e-01
 -3.1064695e-01
  3.0764434e-03
 -8.9939970e-01
 -1.4092695e-03
 -1.0809607e-03
 -4.7717171e-04
 -5.9103179e-03
  1.5918027e-03
  2.9077949e-03
 -9.4688430e-02
  2.4177849e-03
 -6.2904664e-04
 -4.3849736e-03
  1.6376904e-03
 -4.5270714e-04
 -5.6005521e-03
 -8.2987268e-03
 -1.4321820e-03
  7.7697011e-03
  7.7863608e-04
  7.2733637e-05
  9.8949233e-03
  1.4869978e-03
  1.3237544e-02
 -3.6995281e-03
  5.3376812e-03
  2.1545279e-03
  5.1210719e-01
  1.1909561e-03
 -2.7009100e-03
  6.2507340e-03
  6.6365622e-02
 -3.5323335e-03
 -6.2440713e-03
  3.3254508e-04
  3.0422023e-01
 -8.2361279e-03
  6.1231256e-03
 -1.7167971e-03
  8.3759223e-04
 -1.7396173e-03
 -2.1004822e+00
  3.9307182e-03
 -2.9613476e-03
 -2.2520740e-03
  1.1511804e-02
  1.7618008e-01
 -5.4600071e-03
  4.3282282e-04
 -1.0837839e-04
 -8.7599065e-03
 -2.1055540e-02
 -2.5615986e-03
  2.5143668e-02
  3.1404677e-03
  5.4193090e-04
  7.9576829e-03
 -3.0406911e-03
  7.4819569e-03
  4.5543043e-03
  2.2090557e-03
 -9.3691219e-03
  7.8692213e-03
  2.7217462e-03
  4.7709029e-03
 -3.3870208e-01
 -1.3064459e-01
 -7.1860836e-03
  1.8963533e-03
  5.5002891e-03
 -3.3543431e-03
  2.2057749e-01
  5.5066999e-03
  5.8246781e-03
 -5.0154268e-03
  1.9148188e-03
  3.5840566e-03
  2.5401725e-03
 -7.1211392e-01
  9.2955411e-04
  1.4558989e-03
  2.8683483e-03
 -1.1377635e-03
  3.6378880e-04
 -4.0576910e-03
  3.9722621e-03
 -3.4894664e-03
 -4.8579355e-03
 -5.5451370e-03
 -3.0231236e-03
 -2.4888624e-01
  6.1579460e-01
  1.5674793e+00
  3.1220382e-01
  3.9281312e-01
 -1.0856826e+00
  3.8615349e-04
  6.2375572e-03
  6.8937129e-01
 -3.7963608e-01
 -3.0348301e-01
  2.6373294e-01
 -4.1728406e-03
  1.1551014e+00
 -2.6735976e-01
 -6.2139446e-01
  1.8383652e-03
 -3.0674536e-03
  1.4222678e+00
 -1.3731408e+00
 -3.6959371e-01
 -2.7265630e-03
  8.7225316e-03
  9.2448900e-03
 -9.1078095e-03
 -4.1955376e-01
  1.7937716e-02
  1.9676655e-03
  1.6862516e-01
  2.6819932e-03
 -4.8375805e-03
  1.1002820e-03
 -2.0161113e-01
  3.8971105e-01
 -2.4679613e-03
  5.2316152e-03
  1.8216292e-03
  1.6561542e-03
  5.3944392e-04
 -2.6099162e-02
  7.2928304e-03
 -2.7292441e-03
  1.4824541e-01
  3.1763534e-03
 -8.5613346e-01
 -3.6979076e-03
 -4.2480420e-02
  3.0613323e-03
 -1.9434553e-02
  2.1562108e-03
  6.4721238e-03
  3.2146159e-03
  5.7517430e-03
  1.8829044e-02
 -9.2212379e-04
 -1.1228325e-03
  1.6425308e-03
 -2.1410699e-03
  7.6992689e-03
 -2.3849795e-03
  4.6160727e-04
  3.4082267e-01
  4.6709397e-01
  2.9582316e-03
  1.1922232e+00
  6.8469965e-01
  1.1699474e-02
  1.2436567e-01
  4.0564653e-01
 -4.7577303e-02
  1.3708120e-02
  3.4356259e-03
  2.7089796e-03
  6.4421790e-03
 -2.8092936e-03
  2.0238456e-01
 -4.5567919e-03
  2.4187732e-03
  2.4829025e-03
  1.6159186e-02
  1.9261484e-01
  6.9587934e-03
  2.1581210e-03
 -2.3492684e-03
 -1.0889727e-02
  4.1141432e-02
 -3.5477795e-03
  3.5798103e-03
  1.4528698e-02
  5.6551644e-03
 -1.2387627e-01
 -9.7566205e-01
 -3.1028140e-01
 -1.0386369e-01
 -1.2402108e+00
 -3.5608214e-01
  1.1784523e-03
 -1.4266214e-01
  3.1068438e-04
  9.0245856e-03
  2.0807202e-03
  8.3216159e-03
 -3.2725090e-01
 -2.3669493e-01
  2.2924724e-03
  6.2573498e-01
  5.8597922e-03
 -6.7340150e-02
 -2.6192337e-01
  1.0251596e-02
  4.6646175e-01
  1.3783995e-02
  6.1853952e-04
 -8.3632417e-02
  3.4071669e-01
 -1.5395990e-01
 -1.6388367e-03
 -3.7107282e-05
  2.2152453e-03
  2.7125000e-04
  3.2519349e-03
  9.7795269e-03
 -4.5783940e-01
  4.6166900e-01
  6.6507980e-02
  5.7335156e-01
  4.0203473e-03
  7.2550294e-03
 -1.5191076e-04
 -3.1666461e-02
 -6.5033119e-03
 -1.5517332e-02
  5.1626149e-03
  4.6581351e-03
 -9.1139082e-04
 -4.0530298e-02
  4.0409891e-03
  3.2436745e-03
 -8.1201718e-04
 -5.3974544e-03
 -5.5855848e-03
 -4.1723833e-03
  3.3461312e-03
  2.2108039e-02
  3.7866211e-03
  1.2849322e-04
  3.4678352e-04
 -3.8881216e-03
 -2.2238395e-03
  5.0981087e-04
  6.3544879e-04
  5.8721598e-02
  4.7280729e-01
  6.5424708e-03
 -1.2582132e-03
 -1.5412454e-02
 -6.7113969e-03
 -1.3108335e-02
 -4.2275651e-03
 -4.0642044e-01
  5.0755847e-05
  1.3941268e-03
 -9.5542967e-03
 -8.0877042e-04
  6.7827455e-03
 -6.7525484e-02
  4.1041011e-03
 -7.5731537e-04
  3.1183434e-03
 -7.0698503e-03
 -2.6824945e-03
  4.8353253e-03
  8.1172300e-04
 -6.2255736e-04
  2.4329426e-04
 -4.6423315e-03
 -5.6975246e-03
  7.5286166e-03
  3.8716174e-03
  8.2091633e-03
  1.3038921e-01
  6.8380404e-01
 -8.3675891e-02
 -8.9289969e-01
  2.0049009e-01
  8.0771440e-01
 -1.1009016e-02
 -2.9204436e-02
  5.9257776e-01
  1.8921235e-03
 -9.7555541e-02
 -6.7271128e-02
  9.3065754e-02
  1.8215959e-01
 -9.5496820e-03
 -3.3614680e-02
 -4.3021752e-03
  9.9646553e-02
 -4.2905483e-01
  3.3753484e-02
  6.9819696e-02
  3.2108892e-02
 -3.6153197e-05
  1.3267784e-01
  5.1066361e-02
 -1.5597761e-01
  2.6877888e-03
 -2.8189037e-03
 -3.3169609e-02
  2.0911943e-03
  5.5004912e-03
 -1.5357718e+00
 -7.7742374e-01
  1.1980453e+00
 -1.6199428e-01
 -1.1978065e-01
  5.9116696e-04
 -3.3302185e-01
 -4.0702667e-02
  1.3421661e-03
  5.8600392e-02
  2.3313368e-02
 -1.4081721e-01
 -1.7027806e-02
  1.2688255e-03
  7.1508922e-02
 -3.7438215e-03
 -8.8262018e-03
  1.4395997e-02
  8.5116671e-03
  3.5155824e-01
  3.1965186e-03
 -1.1986015e-02
 -9.9178012e-03
 -9.8956178e-04
  9.2757767e-01
  3.3407402e-03
 -8.8321525e-05
 -5.2019995e-01
 -3.7103770e-03
  3.2006835e-03
 -1.0324516e+00
 -4.8301935e-01
 -1.2541493e+00
 -2.7692768e-01
 -7.4793905e-01
  1.7663307e-02
 -9.1257051e-02
  2.5008565e-01
 -1.4498366e-02
  1.3755771e-02
  2.2026278e-02
 -1.8963349e-01
 -4.8270303e-01
 -1.8097908e-03
  5.9652054e-01
 -8.3025377e-03
 -3.3209819e-01
 -3.7619203e-01
 -1.4489236e-03
  9.2000123e-03
 -3.8303118e-03
 -8.2868068e-03
 -5.6974107e-01
 -1.1189042e+00
  3.0004871e-01
 -9.1722012e-03
  1.1683062e-03
 -3.0631764e-04
 -1.8455312e-03
  1.0576533e-02
 -1.4023831e-02
  2.6389760e-01
  6.5217965e-04
  5.6636852e-01
  3.6799582e-03
  7.6999818e-03
  1.1915049e-03
  1.2983790e-01
 -8.1260763e-03
 -4.9071433e-04
 -5.2193860e-03
 -2.0410027e-03
  2.3600617e-03
 -1.4738271e-04
  4.4629522e-02
 -2.1301343e-03
 -1.5315871e+00
 -5.3831157e-03
  5.9587823e-04
 -6.8381533e-04
  2.0950956e-03
 -3.0819438e-02
 -2.6427417e-03
 -2.4673058e-02
 -5.3524002e-02
  7.8737177e-03
 -3.1650631e-04
  5.6615416e-03
  1.2415939e-03
 -2.5833081e-03
 -5.8450637e-04
  2.6176058e-02
  3.0819779e-02
  3.3518041e-03
  5.7725259e-03
 -2.0761861e-02
 -4.7129965e-03
 -8.2291020e-03
  2.1053983e-03
 -4.5054797e-03
 -1.8667290e-03
  1.0018261e-02
 -1.1836066e-03
 -8.0502505e-04
  2.3155573e-03
 -1.8244770e-03
  2.6794805e-03
  1.9104270e-03
 -3.2596888e-03
  3.4884410e-04
 -2.0376062e-04
  2.3826661e-02
 -4.2006760e-03
 -3.7066441e-02
 -6.4415234e-01
  1.8166149e-02
  1.9602396e-02
  1.9533273e-02
  1.1972056e-02
  5.2118516e-03
  1.1502018e-03
  9.3320049e-02
 -9.1380236e-04
  9.3135042e-03
 -3.5485652e-01
  2.4685594e-01
  9.8780729e-03
  1.3846859e-03
 -1.0169686e-02
 -1.0510450e-03
  1.9315802e-03
 -7.4307164e-03
  2.6309153e-03
 -4.8255024e-04
  1.5984704e-03
 -2.4655666e-03
 -2.4828454e-03
 -1.9429408e-03
 -6.0331672e-03
  2.8819682e-03
 -1.0749065e-02
 -4.4689318e-03
 -8.9390122e-04
  5.3547039e-03
  2.6978809e-02
  2.8085662e-02
  2.1013096e-03
 -1.4417706e-03
  4.7907080e-03
  3.8902254e-03
  5.7290087e-04
 -5.6529809e-02
 -9.2198335e-02
 -1.5990749e-02
  2.2188259e-02
 -5.8837803e-03
  4.0949439e-03
  2.4186287e-03
 -5.2484008e-03
  6.7046469e-01
 -1.4266870e-02
 -1.3440083e-03
  1.0445457e-02
 -1.0706149e-02
 -1.1464908e-03
 -3.0048641e-03
 -7.0389099e-03
 -3.3911532e-03
  9.0817234e-04
 -2.9434070e-03
 -1.6591823e-02
 -5.0732592e-04
 -1.6227267e-03
 -4.3445405e-05
  2.4074260e-03
 -1.4911951e-02
  4.0114527e-03
  3.7368559e-03
  4.4926032e-03
 -7.2385357e-03
 -8.9928138e-01
 -1.1003886e+00
 -3.9317241e-01
 -1.9241676e-01
  2.0216294e-01
  1.5563867e-03
  2.5129282e-01
 -3.3289847e-01
  2.7027367e-02
  3.7497201e-03
  3.6985325e-03
 -3.1193690e-03
 -8.4637940e-02
  2.0223958e+00
 -7.6389402e-02
 -5.9411158e-03
  1.4014364e-03
 -2.9110363e-01
  4.8928808e-02
  1.2059171e-01
  2.4659846e-03
  1.2103168e-03
 -1.5372707e-03
 -6.0771457e-03
  2.6866777e-02
  1.2508183e-03
  4.6140882e-03
  3.9463742e-03
 -1.2688022e-04
 -5.5994713e-03
 -7.3518896e-01
  5.1284358e-02
  1.3318223e-01
 -2.2916150e-01
 -7.6407790e-01
  5.9398208e-03
 -9.2914850e-01
  2.6330696e-02
  4.8290435e-03
  1.2557970e-03
  1.9899840e-03
 -2.3678921e-02
 -1.8162273e-02
  3.2363015e-03
  1.8512595e-01
  1.6493492e-03
 -2.1799494e-02
 -6.5306276e-03
 -4.3497868e-03
  3.1633139e-01
 -4.8820353e-03
 -4.8087034e-03
  2.7229339e-01
 -6.9652884e-03
 -2.0763589e-01
  6.0971933e-03
 -4.1465453e-04
  1.1749591e-02
  9.8753870e-03
  2.7458724e-01
  6.5438630e-04
  2.8528236e-02
  8.5035022e-03
  2.3751728e-02
 -2.3681289e-01
  4.5919907e-03
 -3.7925027e-03
 -3.3086343e-03
 -1.4473080e-03
 -4.9939309e-04
  2.3966939e+00
 -2.8373180e-02
 -3.1688966e-02
 -2.5982743e-03
  9.6524647e-03
 -3.6334123e-03
 -9.9437125e-03
  5.5496129e-03
  4.9991934e-03
 -7.8558559e-03
  2.3703033e-03
 -5.5266661e-03
  4.4713877e-03
 -1.2527329e+00
  7.7654547e-03
 -1.1973253e-02
 -4.7650952e-03
  2.5764634e-03
  2.0420949e-03
 -2.7402709e-03
  5.3829949e-02
  3.1763632e-03
 -1.0020286e-02
 -3.0749405e-02
  6.1348971e-02
  3.3725477e-03
 -3.7460614e-02
 -7.0942403e-03
  1.9445096e-03
  4.2961008e-05
 -5.7556108e-02
 -5.1396717e-03
 -5.4220101e-03
 -2.2802288e-03
 -4.8329732e-03
  5.9624854e-04
 -1.7373315e-04
  9.2858419e-02
  3.5739029e-03
 -2.2434806e-03
  1.4139524e-03
  1.3544787e-02
  1.4679834e-02
 -2.0261636e-02
 -1.5498854e-01
 -7.1363919e-03
 -6.2360200e-03
 -2.9502765e-04
  4.8877681e-03
  2.2933858e-03
 -1.1924405e-01
 -8.0296807e-02
  1.7670952e-03
  8.4077246e-02
 -2.5408813e-01
  3.7913706e-02
 -2.4084084e-02
  3.1097615e-01
 -4.8097544e-03
 -1.2295006e-03
 -2.6009409e-03
 -2.9998366e-02
 -3.4337211e-03
 -1.8475641e-02
  1.4680900e-01
 -3.1144014e-03
  8.5990614e-04
  2.6283795e-03
 -5.0219703e-03
  5.9940886e-02
  1.5072536e-03
 -2.5256816e-03
 -4.3239936e-01
 -4.1483552e-03
  1.5516403e-02
  1.5287807e-02
  1.9209497e-03
 -3.7627143e-03
  5.6228712e-03
 -1.4287694e-03
 -9.5815867e-01
 -8.6996543e-01
 -8.9460951e-01
 -9.0695763e-01
  6.5484770e-02
 -9.1372831e-03
  6.0430011e-03
 -2.3451462e-01
  1.2013783e-01
  1.3998824e-01
 -9.7917486e-03
 -8.6001959e-03
 -4.8915690e-01
  7.3570391e-04
  1.0991652e+00
  4.7532213e-03
 -2.7252091e-03
 -6.6157323e-01
 -1.3703790e-02
  4.1328290e-01
  8.6470898e-03
  1.3203865e-03
 -2.7565368e-02
  4.2494695e-04
  1.4655435e-02
  2.6963837e-03
 -5.9273909e-03
 -9.8047622e-02
 -1.3355716e-03
  8.7448135e-03
 -1.1866768e-01
  4.5103249e-03
 -8.3461225e-02
  2.4426475e-01
 -8.2251713e-02
 -1.4662520e-03
 -5.6207262e-02
  3.7378016e-01
 -1.1821681e-03
  5.8392496e-03
  3.4615960e-02
 -1.9034189e-01
 -3.1083215e-02
 -3.5554706e-03
  8.2803190e-02
 -8.4280530e-03
 -2.2101791e-01
 -3.5297461e-02
  1.3015881e-03
  1.6365069e-01
 -1.6045382e-02
 -7.1182139e-03
 -1.9239277e-02
 -5.0225560e-02
  9.8015748e-02
  6.1883759e-03
 -6.3478570e-03
 -6.3193883e-03
 -2.9715379e-03
  6.2224712e-02
  3.3774683e-01
 -1.4564108e-02
 -4.6102479e-01
 -1.2492383e-02
  4.7739323e-02
 -8.5881194e-03
  1.0208980e-01
 -9.7734656e-04
 -2.3957884e-03
 -1.7801365e-02
 -9.6589251e-04
  1.0794650e-04
 -1.5221479e-03
  1.2359453e-02
 -7.2779800e-03
 -4.3881866e-03
  7.3932746e-04
 -5.5304589e-03
 -1.3380431e-02
  2.1135900e-03
  3.7388960e-03
  4.9415100e-03
  1.2798239e-03
 -1.1726584e-02
  3.4562976e-03
 -1.2036454e-03
 -1.0577661e-03
 -7.0429435e-03
 -4.8162900e-03
  3.2242211e-03
 -2.4666000e-02
  3.8831106e-01
  6.5204082e-03
  5.4112244e-03
 -1.7068006e-01
 -2.4610525e-03
  1.7152291e-02
  7.3056058e-03
 -8.2240213e-04
  3.8002071e-03
  5.5105728e-03
  1.8278880e-03
 -7.3660803e-03
  1.7477248e-03
  7.7423258e-03
 -1.2358259e-02
 -8.6346855e-03
 -6.0721310e-03
 -9.9541387e-05
  1.5728379e-02
  2.1431623e-03
  4.5018555e-03
  2.6821166e-03
  1.3207590e-02
  1.8354231e-02
  3.2129999e-02
 -1.9300916e-03
 -6.8417256e-04
 -1.6800076e-02
  6.1013470e-03
  6.2631756e-01
 -1.5418161e-01
 -1.5775993e-01
  4.4036116e-02
  1.2584747e-01
 -1.2715396e-02
  1.5640728e+00
 -2.1197696e+00
  1.2926315e-01
 -8.8557601e-02
 -2.0463964e-01
  1.5517972e-01
  3.1755817e-01
  1.5290174e-02
 -2.6218766e-02
 -3.5959101e-04
  3.4152234e-01
  2.1999541e-01
  4.7594872e-01
  8.4972754e-03
  2.6986836e-02
  6.9022621e-03
  6.1996925e-01
  5.3845119e-01
 -1.8113150e-01
  2.2152760e+00
 -1.1233266e-02
 -1.5436254e-01
 -9.4564748e-01
 -1.3160001e-02
  5.4323751e-01
 -3.3581233e-01
  1.1599729e-04
 -3.0119306e-01
  1.1468656e-01
 -1.8280457e-03
 -7.4796025e-03
  4.6528738e-02
  1.4106502e-02
  2.0681669e-03
 -2.3704477e-02
  2.9693147e-02
  7.9377778e-02
 -3.8811355e-03
 -1.0605574e-01
 -6.2481925e-02
  6.5761399e-03
  4.6539474e-03
 -5.6624636e-03
 -1.5455703e-02
  6.2406976e-03
  1.9151854e-03
  2.1201441e-02
  1.2291973e-02
  1.2411383e+00
 -4.2141043e-03
 -7.7552539e-03
 -3.7040284e-01
  4.5605898e-03
 -6.1025124e-02
  8.3453243e-04
 -7.4534002e-03
 -3.3013809e-03
  3.0987494e+00
 -2.8344374e-03
 -3.7470990e-04
 -5.8155018e-03
 -8.6522382e-04
  2.0038428e-02
 -6.0470164e-04
 -7.7542756e-03
  3.9684852e-03
 -2.1609219e-04
  1.2994302e-03
  2.2220342e-04
  3.9554345e-03
 -8.8513521e-03
  9.7782733e-03
  1.8806197e-03
  2.5783041e-03
 -5.9838947e-03
  3.6950270e-03
  3.7454215e-03
  6.2116428e-04
 -1.2911025e-02
  7.1746414e-03
  4.9454812e-03
 -2.1924884e-03
 -1.0436027e-02
  2.6578740e-03
 -1.2638454e-01
  9.1484480e-02
 -3.8281152e-01
  1.3033005e+00
  3.8154338e-02
 -1.0768011e-02
 -3.6149840e-03
 -4.7856490e-03
 -3.3498565e-03
 -3.2986340e-03
 -2.2007586e-03
  6.8988744e-04
 -7.7349544e-03
 -8.1691323e-03
  2.9798225e-03
 -3.5823104e-03
 -1.3623685e-02
  4.5011295e-03
 -7.6545635e-03
  1.8954624e-03
 -9.0438090e-03
 -3.6416561e-03
 -1.4068848e-02
  8.9317575e-05
 -1.9294017e-03
  6.1395770e-04
 -2.2210248e-03
  8.2534403e-03
  1.0371149e-01
  2.3619712e-03
 -5.5213082e-01
  1.5095893e+00
 -7.7339643e-01
 -5.7012671e-01
 -1.1985774e-01
  6.6837668e-03
 -6.1592152e-03
 -5.3049168e-03
  1.1411289e-02
  1.4533746e-03
  1.4441591e-04
 -6.6851019e-03
 -1.0807136e+00
  4.2843226e-01
  1.4403900e-02
 -3.3451610e-03
 -5.2198041e-03
 -2.8060813e-04
 -1.9965647e-03
 -2.2167393e-03
  7.6439497e-03
 -9.1051380e-04
  1.8687514e-03
  1.1885734e-03
  2.7555510e-02
  1.5112430e-02
 -1.7557625e-03
 -6.0381233e-03
  3.0787478e-03
  2.8074966e-03
  3.6806574e-03
  1.5860739e-01
  3.8875791e-03
  5.5522162e-01
  7.4498062e-03
  1.5902203e-01
 -1.3501310e+00
 -6.6206492e-02
  1.5298047e+00
 -8.3426970e-01
  1.7841153e+00
 -9.9764663e-01
  4.8542300e-01
  1.2663618e-03
  2.8745240e-01
  8.9777412e-04
  1.9029506e-01
  3.7685689e-01
  3.7971154e-02
 -1.0731022e-03
  1.0171597e-03
 -4.5651671e-01
  1.9575246e-01
 -5.8633359e-03
  9.0578616e-01
  6.4922445e-02
 -2.3590760e-01
  1.3311764e-03
  1.1341617e+00
  3.2682961e-01
 -8.6603478e-02
  2.7522650e-01
 -1.9063151e-01
 -1.3622137e+00
  1.4512394e-04
 -9.7010994e-01
 -8.0607593e-01
  3.1790549e-01
  2.1044497e-01
  1.1286354e+00
 -7.4025065e-01
 -1.0013796e+00
 -6.5724927e-01
 -1.1160823e-01
 -2.1353441e-01
  4.5834318e-02
  8.2224548e-01
 -6.4107394e-01
 -6.9068611e-01
  1.6777247e-01
 -6.3279098e-01
  1.5186492e+00
 -8.1731963e-01
  3.4627447e-01
 -1.9476144e-01
  2.0311000e+00
  6.4056015e-01
 -4.6433607e-01
 -1.6240177e-01
 -3.3962008e-01
 -6.6179864e-02
 -1.0150885e-01
 -2.7461508e-03
 -1.0496132e-02
  1.6714019e-01
 -1.1296640e-01
  8.4647136e-03
  6.0764508e-04
 -1.6447018e-03
  1.7218211e-03
 -8.2109990e-03
  5.3971065e-03
  6.2736268e-03
 -1.9301359e-03
  3.1144940e-03
 -2.6652968e-01
 -6.1459836e-02
 -2.7466056e-01
 -2.1168688e-02
  1.2498067e-02
  4.4737929e-03
 -5.7119515e-02
  8.6595928e-03
  3.5220131e-04
 -4.2274110e-03
 -6.4094341e-03
 -1.9407278e+00
  3.8153112e-03
  1.3876710e-03
 -2.2092306e-03
 -5.2280951e-01
 -8.7734270e-01
  1.1157358e+00
  1.0561609e+00
  1.8455198e-01
 -1.3747840e-01
 -1.1702719e-01
  1.1952525e-01
  4.5459875e-01
 -3.4884632e-02
 -2.7403733e-01
 -4.5336479e-01
 -1.8602264e-03
 -1.7595991e-01
 -7.3780574e-02
 -9.8969117e-03
  1.4672089e-02
  5.8347836e-02
 -4.1260254e-02
 -3.1096080e-01
  7.9925582e-02
 -2.4745101e-02
  7.2880037e-02
  9.7759413e-03
 -2.7286245e-03
 -1.6215693e-02
 -5.8382866e-04
  7.2197527e-02
 -6.8146577e-03
  4.6891987e-04
 -4.7185242e-01
 -3.9540839e-01
  1.9733861e-02
  3.2371119e-01
 -8.0385339e-01
 -7.1998827e-02
 -4.9551409e-02
  1.2736653e-01
  1.8913591e-02
 -3.4121603e-02
 -5.5009192e-03
 -3.4080437e-01
 -1.4474210e-02
 -2.2269517e-02
 -8.7653881e-01
  5.7886913e-04
  1.9192116e-03
 -5.1786448e-03
 -2.1985890e-02
 -3.1197709e-01
  5.8622197e-03
  1.4527108e-03
 -1.2079197e-03
 -4.3071676e-02
  5.2399144e-02
 -4.4117682e-03
  3.7470702e-03
  4.6103774e-03
  1.2739670e-03
  1.5140764e-03
 -8.1996359e-03
 -4.5438958e-03
  1.9958867e-03
  1.8037179e-02
  3.6277475e-03
  7.4374239e-04
 -1.2330274e-04
  2.6188015e-03
 -1.5951964e-03
 -2.0887204e-03
 -1.0377285e-02
  1.9069315e-01
  3.7856228e-03
  1.1936839e-03
  9.0457928e-05
 -8.4735705e-03
 -1.1685317e-03
 -1.4255927e-03
  1.6515023e-03
 -1.4656426e-03
 -1.1041329e-02
 -3.0230852e-03
  3.9204708e-03
 -8.7955398e-03
 -2.5110815e-03
  8.5168908e-04
 -4.7750976e-03
 -6.7946403e-03
 -2.1252509e-03
 -2.0095475e-03
  1.3249013e+00
  2.5151819e-03
  9.7882142e-03
  3.7769575e-03
 -5.9184197e-02
 -8.8754147e-03
  6.9382549e-03
 -1.9365402e-02
 -2.8507301e-04
  1.1859639e-02
  4.6525863e-03
 -1.6438119e-03
  1.9945297e-03
 -9.5909853e-03
 -7.9519991e-03
 -9.7677321e-04
  8.5342518e-04
 -1.1954589e-04
 -2.0246524e-03
  6.1030448e-03
  4.7443048e-03
 -8.9790914e-03
  3.7536486e-03
 -1.2135871e-03
  1.5979704e-02
  2.6204163e-01
 -1.9584068e-03
 -3.7221469e-03
  6.7356392e-03
  4.0486269e-03
  5.1801052e-04
  4.7443509e-03
 -8.8600190e-03
  4.2158058e-03
 -1.2971231e-02
  3.3732357e-03
  4.2471658e-03
 -1.4532070e-02
 -4.1511052e-04
  5.1104617e-03
 -3.2753017e-04
  5.6093219e-03
  6.3073928e-03
  6.9289659e-03
  6.3498691e-04
 -5.7380586e-03
 -2.4396819e-03
  1.2502918e-02
  5.9035578e-04
  2.4723012e-02
 -8.6509073e-03
 -1.8607412e-03
  5.7841558e-03
 -3.3933949e-03
  8.2860282e-03
 -1.1014488e-02
 -3.0871960e-03
  4.3944111e-03
  6.5907458e-04
  7.8733265e-03
 -3.5000588e-03
  1.8056997e-03
 -5.3151604e-03
 -1.5919840e-04
 -7.8312503e-03
 -1.2367079e-01
  4.1471701e-03
  3.0792248e-04
 -5.4097706e-03
  1.7800113e-03
 -2.4215812e-03
 -6.9213263e-03
  3.3689195e-03
  6.8410560e-03
  4.4168379e-02
 -9.2662434e-04
  2.4914393e-02
  1.2976215e-02
  3.1058108e-03
  4.8714462e-03
  5.9774071e-03
 -4.2991932e-03
  8.0995942e-03
  4.8632824e-04
 -5.1505016e-03
 -3.8304008e-03
 -1.8453951e-03
  1.5275639e-03
 -1.3361121e-02
 -1.2395679e-03
 -1.4681382e-01
  6.4920187e-01
 -8.1835128e-02
 -1.0365126e-01
  5.5605276e-03
  2.2881532e-02
 -7.4567430e-02
 -2.1155821e-01
 -8.8145658e-03
  3.7627716e-02
  9.6728862e-04
 -1.5882608e-01
 -4.3752376e-04
  6.7493930e-02
 -1.0229158e-03
 -2.4894629e-02
  1.8217461e-03
 -6.1948913e-01
  1.3145658e-02
  1.7074895e-01
 -3.8083247e-03
  2.6090652e-02
  1.2343218e-02
  2.4181330e-03
 -2.6406453e-03
  7.3005063e-03
 -4.0604224e-04
 -1.2403499e-02
 -1.8557297e-01
 -5.7099597e-04
  2.4854457e-03
  2.1452074e-01
 -3.1584573e-03
 -5.0143753e-03
 -7.2411977e-04
 -9.8854220e-03
  1.0476110e-03
  9.1647012e-03
 -9.4727759e-05
 -2.9128289e-02
 -3.9815106e-03
 -1.8323791e-03
  1.1731827e-03
 -3.2267959e-03
 -1.7820448e-03
  7.9769921e-03
 -4.0479312e-03
  1.6036448e-03
 -3.1165583e-03
 -5.3689820e-03
  7.0923744e-03
 -1.0474652e-02
  2.8350750e-02
 -2.1211885e-02
  1.9090086e-02
  7.4610920e-03
 -1.0438754e-02
  2.4403918e-04
  2.3157222e-03
  3.3290818e-04
  5.0915366e-01
 -1.6544724e+00
  1.9226180e+00
 -4.2479786e-01
  7.3944646e-01
 -1.8206862e-01
 -9.2167221e-02
  3.7364182e-01
  1.4908649e+00
 -6.1742520e-01
 -3.7872356e-01
 -4.4931252e-02
  1.3774808e-03
 -9.4088778e-02
 -8.6797494e-01
 -4.3778294e-03
 -2.9807943e-01
  7.9994881e-01
  7.1397787e-01
 -5.0704670e-01
  7.0375848e-01
 -2.8243882e-03
  8.4578305e-01
 -5.4720926e-01
 -2.4451241e-02
 -2.9311134e-03
  1.9901150e-01
  1.0365821e-01
 -1.4998864e-03
 -1.3757033e-03
 -1.6995459e-03
  2.0953170e-03
 -1.2773498e-02
 -1.0339558e-02
 -1.6647445e-03
  2.0824894e-03
  2.9443596e-03
 -2.1350405e-03
  1.0098675e-02
 -2.1431514e-03
 -2.0741878e-02
 -4.8236721e-03
  2.7841763e-03
 -8.7227104e-03
 -5.7203840e-03
 -8.3709089e-03
  4.7495244e-03
 -1.1336601e-03
  2.4394481e-03
 -3.4007912e-03
  3.2828189e-03
 -4.0514241e-03
  2.1350477e-02
  1.5555009e-03
  2.3087965e-04
  2.8437996e-01
 -6.6941809e-03
  7.7939876e-03
 -9.2108287e-03
  8.0381269e-03
 -1.8213945e-02
 -2.0509462e-03
  4.4076648e-01
 -3.6620557e-02
  4.4276696e-01
 -2.5190541e-03
 -4.4552945e-03
  4.1650226e-03
 -6.9844921e-04
 -7.3920554e-03
 -2.2838523e-03
  4.6673263e-03
 -1.4247553e-03
 -2.7973358e-02
 -1.7039655e-02
 -1.5848769e-02
  9.1098962e-05
 -9.2911441e-03
 -1.7589998e-03
 -4.7858520e-03
 -2.2954361e-03
 -2.0719247e-03
 -3.6171244e-03
 -1.1775774e-02
 -1.2004704e-01
  2.9496313e-03
 -4.2460286e-03
  1.5144079e-02
 -1.1044961e-02
  1.2293714e-02
 -7.2946907e-03
  2.4491483e-03
 -3.4913805e-03
  4.8742350e-03
 -1.0175847e-02
 -1.5669050e-04
 -1.2369616e-03
 -4.3851314e-03
 -9.6144695e-03
 -1.4125162e-02
  1.0896927e-05
 -1.9400544e-02
 -3.4765911e-03
  3.4435135e-03
  3.3787084e-03
 -1.7178379e-01
  4.4679735e-04
  4.7366465e-03
 -2.6257189e-02
  1.0932582e-02
 -2.9739339e-03
 -6.5898150e-03
  2.7552436e-03
 -2.4175928e-04
  5.2953097e-03
  9.1369161e-03
 -3.6567573e-03
 -1.6855779e-03
  1.0608952e-02
 -4.3697124e-03
 -1.8843245e-03
  7.3071680e-04
 -1.0784406e-02
  1.2923322e-02
 -1.0596513e-03
 -1.2665313e-02
 -6.8199466e-04
 -1.7572496e-04
 -7.6948991e-03
 -2.8142449e-03
  5.2087884e-03
 -1.6650192e-01
 -1.3266226e-03
 -1.4172283e-03
 -2.3142260e-03
  2.2325113e-02
  1.0568078e-02
  8.6744493e-03
  9.2232309e-04
 -2.4570436e-03
  6.5101110e-03
  8.0783190e-03
  2.1018882e-03
  6.0773031e-03
 -1.4681336e-02
  4.0660794e-03
 -1.5245618e-01
  1.0592555e-02
 -7.1166293e-04
  3.6895184e-03
  4.1172851e-02
  1.6020551e+00
  3.5669184e-01
  5.5473656e-03
 -2.5133508e-01
 -1.2786477e-04
  2.0618627e+00
 -6.3520558e-03
 -7.0400201e-03
 -2.3204661e-03
  3.1615058e-03
  9.3312804e-03
  8.0911872e-05
 -7.5959745e-03
  2.0220011e-02
  5.2533736e-03
  2.5959570e-02
  1.1307974e-01
  8.3124161e-02
  9.7245790e-02
 -2.5726423e-02
 -2.9098464e-03
  2.5790168e-03
  1.6115034e-02
  1.0607875e-02
  8.6211151e-04
 -3.0650024e-04
  1.5051393e-03
 -6.9874548e-03
  6.7999103e-04
 -4.2078305e-02
  1.2922622e+00
 -4.2828208e-01
 -7.5879842e-01
 -7.9933447e-01
  4.2699715e-01
  2.6064333e-01
 -6.5549260e-01
 -9.0278769e-03
  8.2868725e-01
  1.0529626e-01
  1.5201731e+00
 -7.1917397e-01
 -3.9708562e-04
  6.2214935e-01
  3.9911121e-03
 -2.3069915e-03
 -1.5781056e+00
 -4.6212062e-01
  7.3546433e-01
 -2.0959260e-01
 -9.7622171e-02
 -1.4974713e+00
 -1.1551558e-02
  2.9132268e-01
 -3.1740961e-03
 -3.3819828e-02
 -2.4596754e-01
 -1.2619044e-02
  1.8153014e-02
  3.8898049e-03
  8.3479965e-01
  2.5415679e-03
 -3.7675276e-01
 -2.0860057e-01
  7.9936441e-03
 -6.6654035e-04
 -1.3194839e-02
 -5.0686314e-03
  3.2773729e-02
  4.7275154e-03
 -2.7509569e-03
  2.2501652e-03
  1.9293657e-02
  5.5939872e-02
  6.2953273e-04
  7.0038505e-02
  1.4192915e-02
  5.3587556e-03
  2.2844985e-02
 -4.9224240e-03
  1.2650097e-03
  4.3093427e-03
  5.8752699e-03
  3.4472618e-02
  5.8195642e-03
 -1.0163982e-03
  4.5484200e-01
 -1.3871965e-04
 -1.3521391e-02
  9.3066972e-03
  3.3186350e-03
  8.6257618e-04
 -4.6309613e-04
 -3.4490416e-03
 -1.0190980e-03
 -4.6814075e-03
 -8.6730416e-04
  2.5566788e-03
  1.8628161e-02
  7.4559380e-03
  9.2660524e-03
  1.2049448e-02
 -6.2311213e-03
 -1.7472430e-03
 -1.6456640e-03
 -6.9460170e-03
  3.9025708e-03
  9.0302425e-03
 -9.9093793e-03
  1.2400965e-02
  5.9319061e-04
  9.4871204e-03
 -5.2224337e-03
 -7.5613619e-03
  1.5781640e+00
 -5.2968547e-04
 -6.0437126e-03
 -1.6661319e-03
 -3.8811443e-03
  6.9541176e-04
  1.5096279e-02
  5.6645781e-01
 -1.9425416e-02
 -6.8020537e-03
 -8.4145513e-04
 -1.4961823e-03
  4.1135978e-03
  3.7679079e-01
  4.8461158e-04
  3.6460520e-03
  1.9720332e-03
 -2.3337801e-03
 -6.2753079e-03
  5.2818698e-03
  8.1653881e-04
 -9.9443747e-03
 -2.3758505e-03
  4.7434228e-03
 -6.3994527e-03
  1.8273875e-03
 -1.6707640e-04
 -7.0359907e-03
  3.8357829e-03
  1.8911224e-02
  6.9450322e-03
  1.0139187e-02
 -8.9730574e-03
  6.8957037e-03
  1.2255130e-02
 -7.2748014e-03
 -1.0035646e-03
 -5.5041197e-03
 -3.0392983e-03
 -3.3826220e-03
 -3.2290367e-03
  7.3889899e-03
  1.1361407e-02
 -8.2765771e-03
 -4.0624393e-03
 -3.8657817e-03
 -3.2344388e-04
 -1.2080967e-02
 -5.9532100e-05
 -4.3226109e-04
 -4.8465519e-03
 -2.7922157e-03
 -2.7003142e-03
  7.1687978e-03
  1.3225512e-02
  6.8631773e-03
 -6.1984188e-03
 -4.8543881e-03
  3.5485884e-03
 -5.1949951e-03
  2.0079924e-02
  1.3071234e-02
 -8.2110393e-01
 -2.5935557e-02
 -6.1306322e-04
  5.4370111e-01
  2.2197914e-01
 -7.2439587e-01
 -1.1948787e+00
  3.6097020e-01
  3.5605907e-01
  2.3214598e-03
 -6.9851363e-01
 -5.9766904e-02
  4.9618214e-01
  9.9463105e-02
 -6.5681642e-01
  2.0553808e-01
  6.2973030e-02
  2.6305905e-01
  1.3837817e-02
  4.6289455e-02
 -4.3298692e-01
  3.1891406e-01
  5.0281155e-01
 -2.8377993e-03
  3.7689281e-01
  5.2553248e-01
  6.9534147e-01
  2.7461591e-01
  1.1234305e-02
  2.0085901e-03
 -1.2949367e-01
  3.7380660e-04
  1.0855828e-02
 -1.3399930e-01
 -2.8498608e-01
 -1.2637050e-01
 -3.1229424e-01
 -3.4045494e-01
 -5.0069278e-01
  3.2441787e-02
  1.3219820e-01
  3.1085759e-01
 -5.3458452e-01
 -1.6679215e-01
  3.5267059e-02
 -1.7454551e-01
 -2.8476867e-01
 -3.3474568e-01
 -6.7770533e-02
 -1.1881392e-01
 -3.8557196e-01
 -7.8717440e-02
 -3.9841285e-01
  2.3542263e-03
 -3.8100931e-01
  2.4816704e-01
 -8.7375186e-02
 -3.8050881e-01
  9.9062559e-04
 -1.7330283e-03
  1.3271764e-01
 -5.2249832e-03
  1.1551362e-02
 -3.9021659e-03
  5.4664593e-03
  2.6260023e-03
  2.5181100e-03
  7.3619321e-02
 -7.0322905e-04
 -3.2395530e-03
 -6.2240646e-03
 -7.3840828e-03
  2.8281627e-02
  1.3125294e-03
  4.5248172e-03
 -4.3087914e-03
 -3.2610865e-03
  2.4362843e-01
  1.4929053e-02
  1.2115713e+00
  1.5441641e-03
 -5.4009254e-03
 -2.5642477e-03
  1.6680421e-02
 -3.7404669e-03
 -4.9005519e-04
  1.4926154e-03
  1.1537926e-02
 -3.8506344e-03
 -7.3379092e-03
 -2.5621564e-03
 -1.2914687e-03
 -2.9400007e-03
  1.1171895e-02
 -2.8926055e-03
  1.9253334e-02
  2.1552297e-03
 -7.5049303e-03
 -3.4677514e-03
 -3.3818670e-03
  6.6436297e-04
  7.0832502e-03
  4.4051497e-03
 -5.4731155e-03
  5.5050976e-03
 -1.8344681e-03
  8.3659487e-03
  1.8449406e-03
 -7.9641381e-04
 -7.7801570e-03
 -4.3300806e-05
 -6.4350432e-04
  2.0153436e-03
 -3.3634973e-03
  1.5996563e-03
 -2.7181959e-02
 -1.2133392e-03
 -1.0149198e-02
  5.6597395e-03
  1.0701072e-02
  1.3934496e-03
 -5.9508113e-03
  8.5463031e-04
  1.7873955e+00
 -2.5586715e-01
  2.3095377e-03
  3.1291686e-03
 -3.6322258e-02
  3.1122779e-03
 -2.0836650e-03
 -4.7865490e-04
  4.9355240e-03
 -4.0960568e-03
 -6.1161765e-03
 -6.6916007e-03
  5.9884479e-03
 -1.0889402e-02
 -9.5126365e-05
  9.9527440e-04
 -1.0153426e-02
  2.4004465e-03
 -1.6035920e-03
  1.7000068e-03
 -2.8859527e-04
  4.1869101e-03
 -5.8069602e-03
  3.1900677e-04
  2.9293122e-03
 -2.9018943e-03
 -3.3540146e-03
 -5.3009116e-03
  4.9885848e-01
  3.8741378e-03
 -2.7958256e-01
  6.9324528e-03
  2.2929590e-03
  9.5101878e-02
 -8.0125368e-01
  5.2525527e-03
  4.8291974e-04
 -7.8409333e-03
  1.3440331e-03
  1.6017981e-02
  2.1259601e-03
 -7.9695294e-03
 -1.6137745e-03
 -1.8058646e-03
  8.2751829e-03
  4.7154017e-03
  9.6159643e-03
  4.6742230e-04
  5.0627175e-03
  3.7172809e-01
 -6.7455177e-03
 -1.2640795e-01
 -2.1842099e-03
  9.6456923e-02
  2.6145049e-03
 -3.0639197e-03
 -1.0947298e-02
 -1.0815474e-02
 -8.2743756e-04
 -5.4241065e-03
  1.7613031e-03
  3.6960922e-04
 -6.1422857e-03
  2.1837438e-03
 -3.0733680e-03
  2.5082342e-03
  2.0276704e-03
  6.5560378e-03
 -4.9547791e-03
  2.3769995e-03
  5.5894064e-04
  3.1329677e-03
  5.3258101e-03
 -2.8515714e-03
  2.1483022e-04
  6.2893189e-02
  4.4109835e-04
  1.0387186e-03
  1.3786749e-03
 -2.3819418e-03
  7.4261222e-03
 -6.2969973e-04
 -4.2150277e-03
  5.3927200e-03
  1.1222133e-03
 -2.2569807e-02
 -8.4112695e-04
  2.4434945e-03
 -1.5603244e-02
 -3.2861903e-03
  1.7826105e+00
  5.8847141e-01
  1.7788842e+00
  6.6170645e-01
  1.5763574e+00
  2.2940227e-01
 -6.1290771e-02
 -2.1023659e-01
 -1.1974596e-01
  5.2506679e-01
  2.0174976e-03
 -1.5410502e+00
  8.5236597e-01
  1.1474499e+00
  5.5824244e-01
 -2.1964284e-02
  8.5125268e-02
  8.7813306e-01
  3.6135840e-01
  6.2268740e-01
  1.0859492e+00
  2.1771005e-01
  1.8944632e+00
  2.3235464e-03
 -2.8838281e-02
  6.3987187e-04
  2.4514161e-03
  1.7284392e-03
 -2.1991483e-03
  1.2558307e-02
  1.7022227e-01
 -1.4688572e+00
 -5.1071870e-01
 -2.7126712e-01
  8.3573148e-02
 -9.2554569e-02
  4.2645136e-01
  2.0848925e-01
  1.3819141e-02
 -3.7815425e-01
 -8.1738584e-02
  1.4797719e-01
 -1.6204321e-01
 -2.0337127e-01
 -1.2606217e-01
  2.2369041e-03
 -2.7044140e-02
  8.4563649e-01
 -2.0679098e-02
 -4.3437669e-01
  1.7436511e-03
 -2.8399283e-01
  1.7028154e-03
  1.0589485e-03
 -4.7322482e-01
 -1.3995164e-03
  5.3158682e-03
  4.5588851e-04
  6.5888618e-03
  1.6812832e-03
 -4.8344904e-03
  3.7674576e-03
 -7.9013063e-03
  4.1881301e-03
  9.2356443e-02
 -2.0224543e-02
 -6.6662794e-03
 -8.5617471e-03
  3.9922926e-04
  4.8368360e-04
 -4.0601275e-04
  6.3162041e-04
  7.0276641e-04
 -1.8699497e-02
  2.2092825e-03
  1.4376453e-03
  9.3683731e-03
 -7.3522246e-03
  5.4253773e-03
 -5.0565183e-01
  1.5521985e-03
  1.0200394e+00
  2.2827827e-03
 -7.0708836e-03
 -4.3077566e-02
  9.4186899e-04
  2.9495447e-03
 -9.4627626e-03
 -8.9802583e-05
 -1.5208706e-03
 -6.6787404e-01
  7.6610088e-01
  7.6825899e-01
 -8.7509435e-03
  2.4478133e-03
 -7.3950766e-03
 -5.1781824e-03
  5.7762336e-02
  9.0449378e-03
  1.5477531e+00
 -5.4748501e-03
 -1.8531431e-03
  5.1729153e-03
  7.3611215e-03
 -7.6343040e-03
 -1.1465014e-02
 -1.2391872e-02
  6.2694461e-03
  7.0165563e-04
  7.9665397e-04
 -6.7134041e-01
  9.0730444e-02
 -7.2768130e-03
 -1.2055776e-03
  1.1108158e-03
  2.0923205e-03
  2.5495082e-01
 -3.6545032e-01
  3.9861009e-01
 -4.7761021e-04
 -4.4287765e-01
 -1.6979775e+00
 -5.8151549e-01
  1.1626608e-03
  1.9744787e-01
  2.1263862e-03
  1.6486073e-02
  5.6515443e-01
 -1.6265684e-01
 -1.4764819e+00
 -2.3862951e-02
 -9.6751459e-02
 -2.3689200e-03
  3.3842926e-03
  3.5055625e-01
  2.2123373e+00
  4.9929443e-01
  1.9498311e-02
 -2.3840437e-02
  1.6648976e-02
  1.1532964e+00
 -1.3174951e+00
  2.1382166e-01
  2.7910313e-03
  1.8888682e-01
  2.9174557e-01
  7.2247833e-02
  1.1544751e+00
 -8.6554593e-01
 -1.3087606e-01
 -2.1736331e-03
  1.9950802e-03
  1.4396742e-02
 -2.3241695e-03
 -1.0567301e-02
  4.6003289e-03
 -2.5533087e-04
 -3.9004467e-03
  2.6487245e-03
  1.1704938e-02
 -7.1043689e-03
 -1.2158286e-03
 -2.2364203e-04
 -4.0330500e-03
  2.6024945e-04
 -7.5250776e-03
  5.8204783e-03
  8.6402637e-01
  1.5880464e-03
  2.0600510e-01
  7.2222017e-04
 -6.4830286e-03
  1.6041551e+00
 -6.8761529e-03
 -1.0745025e-02
 -1.9636692e-03
 -2.4976954e-03
 -3.6625036e-03
  2.2272535e-03
  1.2072572e-02
  1.6072086e-03
  1.6247435e-03
  1.7744084e-03
  1.9491460e-04
  3.4111512e-03
 -1.2162868e-03
 -9.5270044e-04
 -1.5651016e-02
  1.0054932e-03
 -2.0572229e-03
  1.0731760e-02
  2.0801139e-03
  6.1095562e-03
 -2.2181405e-03
 -7.0370338e-04
  4.4255279e-02
  4.5367312e-03
  9.9579711e-04
  8.9556528e-03
 -8.6197886e-04
 -9.7911659e-05
 -5.0866627e-03
 -8.6842244e-03
 -7.5341552e-01
 -2.0594649e-01
 -3.8478187e-01
 -9.1028965e-01
  1.5450064e-03
 -5.4402766e-04
  5.7768673e-03
  5.1656288e-01
  2.9411300e-03
  1.4156544e+00
  1.0697963e-01
 -6.6791475e-01
  5.4348480e-02
 -1.5846859e-01
  2.6877293e-01
 -4.5206794e-03
 -3.5017086e-03
  1.6360117e-02
  1.4828728e-02
 -3.4878310e-04
 -2.6556013e-02
 -1.5441103e-02
 -5.9665465e-01
 -3.0387416e-03
 -6.5131575e-01
 -2.9130685e-01
 -1.8102630e-03
  8.4442213e-02
  2.3412232e-01
 -2.7724118e-05
  2.4207160e-02
 -4.6339920e-03
  8.7371524e-03
  3.2571357e-01
  9.2339976e-04
 -8.9195073e-02
 -8.4846636e-04
 -3.1184423e-01
 -2.0767626e-01
 -5.2090827e-04
 -4.3909365e-01
 -3.5944051e-01
  7.0110865e-02
 -3.7322571e-03
 -1.9706648e-02
 -2.3813336e-01
  1.4461100e-01
  4.7765711e-01
  1.6458689e-01
  4.9769701e-03
  7.6578796e-04
 -1.0657848e-02
 -5.2280402e-01
 -4.4212174e-03
  2.8085706e-01
 -5.3385532e-01
  5.1974282e-03
  2.4529852e-02
 -2.9286706e-01
  2.8035585e-02
 -3.4915555e-02
 -1.3586258e-02
 -9.0261195e-03
 -1.4933953e-01
  3.9997622e-01
 -2.1101823e-02
 -1.1724550e-03
  4.1566849e-02
  2.2721019e-02
  6.8631083e-02
 -3.4334667e-02
  2.8462866e-01
  5.2048694e-03
 -2.2911823e-01
 -7.1539938e-01
  6.8261668e-02
 -4.4230005e-01
 -1.8821315e-01
 -5.2324641e-02
 -8.8318810e-04
 -5.3278287e-04
 -5.3077972e-01
  1.9995356e-02
 -6.0892791e-01
 -7.8232843e-01
 -4.1910809e-01
 -3.0308220e-01
 -3.1657010e-02
 -7.8170620e-02
 -1.0947482e-02
 -9.9101905e-03
 -2.1138956e-01
  2.4010282e-02
  5.9447107e-03
 -7.9796318e-04
  8.0017550e-03
 -4.6465557e-02
  1.7826226e-01
 -2.0826887e-01
 -9.8433393e-01
 -2.2815315e-02
 -4.0616367e-02
 -5.2216887e-02
 -3.5282459e-02
 -1.3912708e-02
 -7.5266081e-01
 -4.5326948e-02
  1.6227774e-02
 -1.1468775e-01
 -2.2538882e-02
  2.4021589e-03
 -5.4104771e-02
  1.1092371e+00
 -2.7365905e-01
  8.1045538e-02
  4.4725066e-01
 -6.6726166e-04
  3.4268123e-01
  1.3043430e-03
 -8.3902860e-03
 -4.7484463e-01
  2.3885933e-03
 -1.3452520e-03
  1.0369480e-02
  1.0921366e+00
 -1.2231959e-02
  1.7714065e-02
  9.3174976e-01
  4.5206901e-02
 -1.4329334e+00
  1.8584280e+00
  5.0657338e-01
 -9.1313003e-03
  5.8720731e-03
  3.9841530e-01
 -1.0554125e-03
  4.0997303e-01
 -2.4751558e-03
  2.3792125e-01
  3.8744793e-03
  1.9025676e-02
  9.3494155e-02
 -4.6641557e-03
  5.8639226e-03
  9.3845064e-03
 -1.7831227e-02
  2.2704626e-02
 -2.6965977e-03
  1.0176268e-01
  6.6133961e-02
  1.4683447e-03
 -1.7813075e-03
 -1.4876256e-03
 -6.7434940e-03
 -1.6278182e-03
 -5.5077793e-03
  3.0550174e-02
  2.7139280e+00
 -9.8635163e-03
  1.8439023e-02
  4.3035078e-01
 -1.0047218e+00
 -2.0351505e-02
 -1.0803922e+00
  1.6887393e-03
 -1.6655625e-03
  2.6363622e-02
 -1.0147809e-02
  9.4259353e-03
 -1.9297263e-03
 -9.7286478e-03
 -1.5009654e-03
 -5.9064310e-03
  4.4801203e-03
  1.7586438e-03
 -1.2699063e-02
 -4.9413778e-03
 -1.2979073e-03
  2.7265127e-03
 -8.1569105e-03
  8.2126886e-02
  9.1656409e-03
 -1.0800269e-03
  3.6305527e-04
  3.3383081e-03
  5.8903988e-05
 -9.1888313e-04
 -6.1370744e-03
  1.6340427e-04
 -2.1436678e-03
  1.9726941e-02
 -6.2346733e-01
 -8.3892746e-03
  9.3453623e-02
  1.3041965e-02
  6.1448975e-03
 -5.8901918e-01
 -9.7860740e-03
 -4.0582074e-03
 -7.5621443e-04
  1.6577101e-03
 -1.7058986e-03
 -5.3501839e-04
 -4.0152617e-02
  2.5634629e-01
  3.4395542e-03
 -2.0906573e-02
  2.2345320e-03
 -2.6603682e-02
 -6.3965442e-03
  3.4175578e-01
 -2.4253055e-03
  3.5023349e-03
 -2.9060895e+00
 -9.7605638e-04
  3.8433503e-03
  1.6115708e-04
  1.6192635e+00
 -7.3433300e-03
  7.2866906e-03
  1.1802114e-03
 -1.9075016e-03
  3.6067790e-03
  6.2044389e-03
  4.5854375e-03
  6.4212821e-02
  8.3935270e-03
  4.1960869e-03
 -1.0119751e-03
 -1.0434820e-02
 -2.4150424e-03
 -1.1538795e-02
  7.8703783e-04
  3.4767201e-03
  7.5427610e-03
  5.6880792e-03
 -2.1393676e-03
  4.4036491e-04
 -2.3175632e-03
 -1.1407034e-02
 -3.3960096e-03
  4.9767909e-03
  2.1139470e-04
  3.0972250e-02
 -2.8429530e-03
  5.5859988e-03
 -1.1451739e-03
  3.5515648e-01
 -1.4580556e-02
  4.3435115e-03
  4.2092580e-02
  1.9427236e-02
 -2.3728539e-03
  5.4061008e-03
  1.3189249e-02
  7.9049245e-03
  6.8928837e-03
 -4.2443727e-03
  4.6509635e-03
  1.0565453e-03
 -1.0520321e-03
  7.6748896e-03
  2.9233329e-03
  1.2338733e-02
 -3.6505044e-03
 -7.4633877e-03
 -8.0534620e-03
 -2.4931512e-03
  3.9915568e-03
  1.2574241e-02
  4.2449823e-03
 -2.2871206e-03
 -5.4060607e-03
  3.5902854e-02
  2.7442749e-03
  2.5819994e-03
 -5.5059936e-02
  2.9654261e-01
  5.6648781e-03
 -6.0337707e-02
 -9.7117014e-04
 -2.3838682e-02
  8.6336629e-03
  8.0617834e-03
  6.0019194e-04
 -4.6047773e-03
 -8.1444262e-03
  8.9286373e-04
  3.0523750e-03
 -1.7466367e-03
 -1.9395188e-03
 -1.2586386e-02
  3.8123173e-03
 -1.5911332e-03
 -3.5416200e-03
  4.4144047e-04
 -1.1738781e-02
 -6.9351201e-03
  2.0377256e-02
 -8.5019749e-03
  5.8621205e-03
  2.7522987e-02
  8.9922333e-03
 -1.6784934e-02
 -1.5020848e-03
 -7.9182914e-04
  1.1720382e-02
  1.8530907e-01
 -6.0449908e-03
  1.1501534e-01
 -1.0766395e+00
  9.8862064e-01
 -3.6446578e-04
  9.2071090e-03
 -1.1661726e-02
 -4.7256378e-03
  5.9754653e-03
  7.7764731e-04
 -8.1440218e-04
 -5.4959599e-03
 -5.9476469e-02
 -2.7669689e-01
 -1.0041312e-02
 -1.3664777e-02
  7.2801807e-03
 -1.3376406e-03
  1.1170931e-02
  4.5969386e-02
 -2.4850792e-03
 -1.9511979e-02
 -2.5392568e-03
 -8.6486246e-03
 -2.0037275e-03
 -6.6019385e-03
  9.1619454e-03
 -4.4358722e-03
  4.0559312e-03
  2.0901837e+00
 -3.7725905e-01
 -6.2166744e-01
 -1.3349335e+00
 -1.3577712e+00
 -3.3130646e-02
 -6.0566163e-01
 -6.6688240e-01
 -2.8037374e+00
 -5.2659601e-01
 -6.6103375e-01
  3.6868247e-01
 -9.3630165e-01
 -8.5792810e-02
 -5.4925907e-02
 -3.2402584e-01
  3.0837384e-01
 -2.3712266e-02
 -1.4589344e-01
 -3.9879382e-01
 -8.2147541e-03
  4.0868971e-01
  3.0313650e-01
  3.0140527e-02
  4.7131377e-01
  7.9180650e-02
 -1.2651338e-02
 -1.4352815e-01
  3.4046550e-03
  1.6598485e-02
 -1.0500537e-03
  4.7399810e-01
  2.8427790e-03
 -1.1563135e-03
 -1.5163497e-02
  6.1933962e-03
  1.8415590e-01
  3.8469045e-03
  9.2980135e-03
  2.0223373e-01
 -5.7125087e-03
  5.2514100e-03
  3.5500713e-03
  8.0302740e-03
  1.0366751e-03
  2.5891120e-04
  4.9964436e-03
 -8.0863973e-03
 -1.8468774e-03
  3.4028490e-03
 -3.1108644e-03
  3.7361139e-03
  2.6447368e-03
 -3.7750888e-03
 -1.8789249e-03
  2.2790036e-03
  9.0500107e-04
 -3.8516242e-04
  9.3401829e-03
 -1.4271029e-02
  1.3580948e+00
 -8.1206396e-02
  2.2162430e+00
  6.7540902e-01
  2.3735733e+00
 -1.1386317e+00
 -4.9111951e-02
  5.0643891e-01
  2.4959235e-01
  9.0284663e-01
  5.9313276e-03
 -3.1083688e-01
  2.1761708e-01
  3.8872920e-02
 -7.7064767e-02
 -2.1183059e-02
 -7.3610836e-01
 -5.4674465e-02
 -5.3214777e-01
 -5.1865190e-01
 -1.4744562e-01
  3.8994282e-01
 -4.2364925e-01
  3.2676366e-01
 -1.4989604e-03
  2.0817488e-02
 -1.6968561e-04
  1.1656887e-02
  7.1947998e-03
 -1.9246852e-02
 -4.9937764e-01
  1.4845181e-01
  1.2815888e+00
 -1.1394186e+00
 -2.8159449e-01
 -7.9045331e-01
 -6.1042339e-01
 -1.8437797e-02
 -1.8151189e-01
 -6.6036606e-01
 -1.3898797e-01
 -3.7810716e-01
  8.1810057e-03
 -2.0594423e+00
 -1.5541184e-01
 -3.3744359e-01
  2.7024144e-01
  1.6250460e+00
 -3.6507002e-01
 -1.7000223e-02
  1.1773839e+00
  3.0711114e-03
 -1.1513186e+00
  3.6538607e-01
 -3.8829613e-02
 -5.4634657e-02
  1.7688809e-02
  1.0134716e-01
  7.6877758e-02
 -2.8047040e-01
  1.0519392e+00
  2.0882396e-03
  5.5955097e-02
  3.2603669e-01
 -3.5364910e-03
 -5.6350133e-03
  1.0197350e+00
  7.7359413e-04
 -6.2744832e-03
 -1.5876783e-02
  1.7424583e-03
  1.4847572e-02
  2.5574262e-03
 -1.7149769e-03
 -3.9301543e-03
 -3.9110268e-03
 -2.0756878e-02
 -3.3921076e-04
  9.1178223e-02
  1.2824326e-02
 -5.3473571e-03
 -7.5100816e-04
  2.0576143e-03
  3.8944094e-03
 -1.0313771e-02
 -1.0313909e-02
 -4.7373553e-04
 -2.3864286e-03
  2.1499521e-03
  2.2282581e-04
  3.0283040e-01
  1.6007390e+00
  2.6597789e-01
  4.7607020e-01
  6.1805022e-01
  1.7116035e+00
 -3.9757933e-02
  4.5503499e-03
  1.1008922e-03
 -1.1874959e+00
 -4.0107116e-01
  1.0926353e-02
 -8.1693754e-02
 -6.8032473e-02
 -3.8127699e-01
  8.5785268e-03
 -1.0384920e-01
 -9.8624146e-01
 -4.6387957e-03
 -1.0873521e-02
  1.0233498e-03
 -1.4892566e-03
 -2.9859540e-01
  1.7555301e-01
 -1.5748941e-03
  1.2513456e-02
  4.9200035e-03
 -8.3708270e-03
  3.0314812e-04
  5.2049434e-01
 -5.1177152e-02
  1.4388298e+00
 -8.6447793e-01
 -2.1254976e-01
 -1.1397035e+00
  2.4566801e-01
  6.7593598e-01
 -7.0787793e-01
 -7.4151152e-01
  6.5462895e-02
 -1.0116037e-01
  8.0975085e-02
  2.9779166e-01
 -8.9241856e-01
  1.3262111e-01
 -9.9100620e-01
  4.2211536e-01
  8.0152541e-02
 -8.1982851e-02
  6.4058244e-01
 -2.5876255e+00
  1.1724840e+00
  3.0058169e-01
 -4.2770824e-01
  6.7140800e-01
  1.3980467e-02
 -1.2304870e-01
 -6.6582298e-01
 -8.2747698e-01
  2.5933874e-01
  1.3660799e-02
 -1.9149911e-03
  9.6520511e-03
  1.1808048e-02
  8.2469720e-04
 -2.2977901e-01
 -2.1810909e-03
  5.9853997e-03
  4.0844623e-03
  2.8928336e-02
 -8.3626085e-04
 -3.1210590e-04
 -2.4553300e-03
  2.5105071e-01
 -4.6343361e-03
 -1.0810707e-03
 -2.0017584e-03
  6.2212889e-04
 -2.7904527e-03
 -5.8390939e-04
 -7.4667674e-03
 -5.0814110e-03
 -8.2411682e-03
  2.6842884e-03
  2.2219751e-02
  2.1570161e-01
 -2.9002658e-01
 -3.8454358e-03
  1.7470311e-03
 -5.1647611e-03
 -5.8022875e-01
 -1.3364111e+00
  4.7379357e-01
  7.5301528e-01
  1.3910147e+00
  9.2952862e-02
  1.0430368e+00
  1.6856118e+00
  6.8097371e-01
 -6.7934647e-02
  3.4921609e-02
  3.9215323e-01
  1.2666076e+00
  7.8980319e-02
  3.7583400e-02
 -1.0703918e-01
 -3.3849169e-02
  1.1791298e+00
 -2.0851834e-01
  1.5291570e-01
  3.5055581e-01
  2.4316332e-03
 -5.5140924e-01
 -7.5321696e-03
  1.0509937e-03
 -1.4155570e-01
 -4.7916686e-03
 -3.3391772e-03
 -2.1209314e-02
  7.1115792e-03
  6.5847057e-01
  5.6019323e-03
 -6.5582097e-02
 -3.9965940e-01
 -9.2140108e-01
 -3.2623183e-02
 -6.3480914e-04
 -2.3532133e-03
 -3.6950734e-02
  4.5814461e-01
  1.1241015e-03
  1.1167942e-03
  7.0221943e-01
 -3.4699497e-01
  2.3384824e-02
  9.2530511e-02
  2.4852152e-03
 -9.1602765e-03
  8.1527722e-04
  1.4142778e-04
 -1.2736801e-02
  8.8334540e-03
  1.1314377e-03
  9.5732570e-02
  9.9497819e-03
 -3.2470264e-03
 -1.8045644e-03
 -6.2779139e-04
  7.6740551e-05
 -7.0655514e-03
  1.7320169e-03
 -1.0011474e-02
  9.0545219e-01
 -2.8272839e-03
 -5.1555196e-03
  1.0004587e-02
  1.8715831e-03
 -3.4560720e-04
 -2.2435745e-03
  1.7874783e-02
 -5.2533712e-04
 -5.8381143e-04
 -5.9486730e-03
  1.9013671e-02
  3.1409238e-03
 -5.6090667e-03
  7.5299740e-03
 -1.1999455e-03
 -4.3504587e-03
 -6.6162008e-03
 -1.3469988e-03
 -3.0490913e-04
 -6.7029446e-03
  1.3019725e-02
  4.3445071e-03
  7.0225694e-03
  5.2521895e-03
 -1.3899346e-02
  7.3807267e-03
 -8.3018132e-03
 -1.4679170e-01
 -1.5164672e-03
 -1.2630470e+00
  6.8932846e-02
  8.5505277e-01
  5.4331803e-01
 -1.2813016e+00
 -4.5325503e-02
 -1.0908056e-02
 -3.1681228e-01
  1.0893647e-04
  9.0789907e-03
  1.7042508e-02
 -8.8078994e-03
 -4.1111666e-01
 -2.7882408e-02
  1.5098037e-03
  1.7324631e-03
  2.2446744e-03
  2.6468625e-02
  1.1594288e-01
  2.5220826e-01
  1.0346187e-02
 -4.1286781e-01
 -1.1365374e-02
  5.1355148e-03
 -4.9161538e-03
  2.3770630e-03
 -5.8064749e-03
  1.1517945e-03
 -2.8986747e-03
  6.7112776e-03
 -2.1099743e-02
 -1.4288207e-03
 -1.0751751e-02
  3.2117967e-03
  5.3063356e-03
 -6.5414086e-03
  1.2342916e-03
 -1.8458426e-03
  5.9254584e-03
 -5.0609126e-03
 -2.6868493e-04
 -4.3735895e-03
 -7.0219757e-03
 -1.6529468e-03
 -5.1263650e-04
 -8.0448715e-03
 -5.4325401e-03
 -4.2443112e-03
 -3.9854136e-04
  1.6574088e-02
  8.1793368e-03
  1.0709255e-02
  2.8207647e-03
  1.5003739e-03
  2.3799948e-03
 -5.1590223e-03
 -1.1319575e-03
  2.1202748e-03
 -1.4800829e-03
 -1.3557615e-03
 -1.5832841e-03
  4.0618441e-04
 -1.4866606e-02
  1.0256412e-02
  7.0752343e-03
  2.9497063e-03
 -1.9949836e-01
 -5.2268570e-03
 -3.2387320e-03
 -2.3635551e-03
 -4.4924166e-04
 -1.3991246e-03
  2.9795330e-03
 -2.3640096e-03
 -1.1736532e-02
  3.3759382e-03
  3.5649756e-04
 -7.8565080e-04
 -1.0804962e-03
  3.2683669e-03
  1.6072344e-02
 -1.6516220e-02
  5.1660929e-04
 -1.5837406e-01
 -3.6943909e-03
  4.4154096e-03
 -4.1106334e-03
 -8.1014102e-03
 -1.0905671e+00
 -1.7174554e-01
  9.2180675e-01
 -1.7987302e-01
  9.4023365e-01
  2.3328893e-01
  6.7106789e-01
  8.5046631e-01
  4.9580544e-01
  1.2437155e+00
  8.8040787e-01
  1.2940242e+00
  1.4465067e+00
 -1.5070711e-01
  9.6379828e-01
  1.3151686e-01
  1.2264860e+00
  1.1688961e+00
 -4.7321784e-01
  4.5720962e-01
  1.1897463e+00
  1.2375584e+00
 -6.3230455e-01
  7.8377110e-01
  6.1920745e-04
 -2.8422904e-01
 -5.2442667e-03
 -3.5435196e-02
  5.1630432e-05
  5.4728436e-01
  4.6896772e-04
 -5.8013207e-04
  3.4029544e-03
 -1.2236854e-04
 -3.6889964e-03
  9.5292432e-03
 -1.3701780e-03
  3.6532141e-03
 -1.0454238e-03
 -4.0061381e-03
 -1.3979644e-03
 -7.8057898e-03
  8.5200164e-03
  1.0383292e-03
 -8.1823673e-03
 -2.3181837e-04
  2.9828030e-04
 -5.5355434e-03
 -2.1545379e-03
 -5.8141970e-03
  3.8221565e-03
 -2.1423314e-02
 -9.0403110e-03
  9.3655223e-03
  1.9155772e-03
 -4.5473344e-04
 -1.0596532e-03
 -1.0256658e-02
  3.9149150e-03
 -1.1984292e-01
  1.5596898e+00
 -5.0852013e-01
  9.4219613e-01
  2.4052734e-02
  5.7693940e-01
  1.0490336e-01
  8.3228379e-01
  5.8231753e-01
 -1.7829825e-01
  5.0970912e-01
 -8.1021249e-01
 -6.2337303e-01
 -9.4461791e-02
 -4.1105202e-01
  1.0570215e-01
 -9.6833909e-01
 -3.0299774e-01
 -1.0358710e+00
 -1.5444300e+00
  5.4894155e-01
 -9.0050983e-01
  1.5977043e-01
 -5.9433246e-01
 -8.5392016e-01
  1.6205087e-02
  6.8593785e-02
  3.0332841e-03
  1.7680250e-02
  8.2708366e-02
  1.6125885e-01
 -1.5759281e+00
  2.4633026e-03
 -3.9575320e-01
 -7.8810567e-01
 -7.9374790e-01
 -8.0168772e-01
  6.4094490e-01
 -1.0210586e+00
 -4.8366418e-01
  1.1049400e-02
 -4.7496900e-01
 -4.9634975e-01
 -2.4587002e+00
 -3.4141284e-01
  1.0025569e+00
 -1.3538943e-01
  4.4852242e-01
 -6.3996154e-01
 -8.1983447e-01
  8.4877956e-01
  4.0937800e-04
  9.2410773e-01
 -8.7370938e-01
 -4.1359034e-03
 -2.0407079e-01
 -2.2560279e-03
 -9.5377844e-03
  1.5120595e+00
 -5.5009738e-04
 -1.5182881e+00
  1.6968124e-02
  3.0334074e-02
  6.5053147e-01
  9.2064774e-01
 -5.7663363e-01
  5.3897184e-01
  7.2704679e-01
 -2.0955104e-01
 -3.5324275e-01
  1.0830285e-02
 -5.1638413e-02
 -9.6041515e-02
 -3.6786690e-01
  1.3381958e+00
 -9.4523355e-02
 -5.7653606e-01
 -9.5362574e-01
  1.2280991e-01
 -4.7826356e-01
  2.1744153e+00
 -8.6752266e-02
  8.9846265e-01
 -4.5189363e-01
 -8.9788735e-02
  4.9975982e-01
 -3.1523744e-04
 -7.2597386e-04
  1.1968973e+00
 -2.6142735e-02
 -1.1199944e+00
  3.5136614e+00
  1.3440911e-01
 -8.3176857e-03
 -1.8471089e-01
  1.3587003e+00
 -1.7312615e+00
 -6.3846700e-02
 -2.9957065e-01
  5.1645660e-01
 -1.4252240e-02
 -2.2093543e-01
 -1.2627864e-01
 -9.7840242e-02
  7.8252561e-02
 -2.4396119e+00
 -1.5517461e+00
  3.3795467e-01
 -1.7707887e-01
 -1.5768260e-02
 -1.0043183e-02
  6.6146886e-01
  5.8058381e-01
  4.5527588e-03
 -1.0406444e-03
  6.0524070e-01
  2.9225305e-01
 -1.4890919e-03
  7.6424093e-03
  1.7974896e-02
 -8.3997339e-01
 -7.3762640e-02
 -6.4143550e-01
 -5.7150471e-01
  2.1194685e-01
  1.5614579e-02
  8.1882607e-03
 -2.0330153e-01
 -1.2902604e+00
 -1.1101137e-01
 -1.2842807e-01
  1.2741513e+00
  8.9068758e-01
 -4.6929434e-01
 -1.3210312e-01
  1.8329555e+00
  3.7947473e-01
  7.6508009e-01
 -1.7133760e-01
  8.6795682e-01
  2.0040625e-01
 -2.2640307e-03
  1.8321432e-01
 -1.0485191e+00
 -4.4475001e-01
  7.0492965e-01
  1.1295457e+00
  4.5585106e-03
 -1.5353565e+00
 -1.1458942e+00
  2.7424968e-03
 -7.1027324e-02
 -2.9274783e-01
 -1.9003448e+00
 -8.9836830e-01
  1.5885660e-01
 -9.8100215e-01
 -3.2078503e-03
  4.3602488e-03
  7.9550856e-01
  1.2525860e+00
 -8.7933093e-02
 -2.0804633e-01
  1.0044664e+00
  3.3278931e-03
 -1.0113290e-01
 -1.2053264e-01
 -3.3338511e+00
 -1.6516594e+00
 -2.7521422e+00
 -4.7461863e+00
  7.1723533e-01
 -1.4102750e-02
  1.3431892e-01
  5.4342500e-03
  3.9462391e-01
 -3.8762444e-01
 -1.4980646e+00
  1.2325409e-02
  4.0420115e-01
 -1.0525517e+00
  1.0149628e+00
 -3.4638471e-03
  8.2377332e-01
 -3.5928923e-01
 -1.2139408e-01
 -9.0710175e-01
  4.0441743e-01
 -1.5784781e-02
 -2.0679638e-02
 -2.8754831e-03
 -5.9744102e-01
  5.5087090e-01
  1.2130235e-01
 -1.9638094e+00
 -1.3685602e+00
 -8.1619203e-02
 -1.0966181e+00
 -7.7445142e-02
  1.4212108e+00
 -4.3534252e-01
 -3.7088206e-01
 -1.2283595e+00
  1.3138313e+00
  2.3234507e-01
 -2.5763756e-01
 -1.3720513e-02
  1.9357759e+00
  1.3085984e+00
 -6.6275224e-02
  4.9963894e-01
 -1.8561743e+00
  2.7707297e-01
  2.2883862e-02
 -3.5587533e-03
 -3.7050647e-01
 -1.1854669e-01
 -1.2764429e+00
 -9.8361179e-02
  1.1659747e+00
  6.6502309e-01
 -1.5883053e-02
  2.0470260e-02
  4.5377206e-02
  1.2621863e+00
 -9.2162251e-01
 -1.3579184e-03
  2.8534746e-01
 -1.0871859e+00
 -2.8275834e-02
 -4.9186900e-02
  9.8088004e-02
 -2.3097016e-01
 -1.2955014e+00
 -1.1310060e+00
  8.7180454e-01
 -1.3519537e+00
  3.8131523e-01
 -2.3387043e-01
  1.2094499e+00
  2.1001365e+00
 -8.1306569e-02
 -9.5088106e-01
 -1.0757815e+00
 -3.0810940e-01
 -3.0548623e-02
 -3.1003034e-01
 -9.8003650e-01
 -3.1121927e-01
 -6.2199559e-02
 -2.0236999e-01
 -7.9781395e-01
 -2.6769596e-01
 -2.2562580e-02
  6.4094244e-03
  1.0315205e+00
 -9.1228598e-01
 -3.6364269e-02
 -7.9726648e-01
  2.1416156e-01
  1.6748320e+00
  6.3515730e-02
  5.4556085e-03
 -1.8397112e+00
 -2.8537383e+00
 -9.6985117e-02
 -1.8606976e-01
  1.6288677e-02
  1.1691744e+00
 -1.3326156e-02
  9.7111690e-01
 -2.9724011e-01
  6.9693804e-01
  8.0610737e-02
  4.1719341e-01
 -1.4650279e+00
 -7.1053869e-01
 -1.9245605e+00
 -4.8154092e-01
  4.1688178e-02
  8.6621064e-01
  1.9829420e-02
  6.0004452e-03
  9.8770422e-01
 -1.9436313e-02
 -1.8496449e-01
 -2.4328370e-02
 -8.2093650e-01
 -1.8402177e+00
 -1.8368808e+00
 -1.4436238e-01
  2.5108168e-02
 -1.8254828e-02
  1.3763928e+00
  1.6365347e-02
 -5.7092285e-01
 -4.1797704e-01
  7.8603333e-01
  4.9756205e-01
 -4.4937485e-01
  1.3501081e-01
 -1.5741368e-01
 -1.8672439e-01
  3.5648715e-01
 -4.5964196e-01
  6.0804439e-01
  6.8556972e-02
  3.3857410e+00
  1.1180542e+00
 -2.7332330e-01
 -3.4472817e-01
 -9.6387208e-01
 -5.7055509e-01
 -2.2040772e+00
 -1.0206224e+00
 -5.8652920e-01
 -1.5233288e-03
  5.1395065e-01
  4.6503425e-01
 -3.7145954e-01
 -1.6939673e-01
  3.0425531e-01
  1.5229232e-02
 -4.9151137e-01
 -1.1992713e-02
 -6.5515719e-02
  6.1347485e-02
  1.9254106e+00
  9.3839742e-02
 -3.4101245e-03
  1.7774226e-02
 -1.1381164e+00
 -2.3496677e-01
 -1.1437833e+00
 -4.3820031e-02
  1.5761751e+00
  4.5220569e-01
 -1.7412757e+00
 -2.8352743e-01
 -1.8916094e-01
  4.8619685e-01
  1.6990889e+00
  8.4959388e-01
  1.8174915e-01
  1.1035699e+00
  4.0196809e-01
 -8.7247171e-02
  1.5872383e+00
  6.7145818e-01
  2.2969539e-01
  2.6597319e-02
  9.2678523e-01
 -1.3145874e+00
  3.0128634e-01
  4.9683414e-03
  1.9743259e+00
  6.2107021e-01
  1.1855100e+00
  4.3323427e-01
  1.5012161e-01
  4.4069007e-01
 -3.2600522e-01
  1.1161625e-01
  1.5790833e+00
  3.6935729e-01
  1.1825527e+00
  3.9128825e-02
  1.5165189e-01
 -1.5135012e+00
 -2.1249332e-01
 -1.4294019e+00
  1.9023628e+00
  8.2420319e-01
 -1.2587166e+00
 -3.4025833e-01
 -7.6171225e-01
  2.6142567e-01
  8.2064588e-03
 -7.9248726e-01
  9.7725755e-01
 -2.9984083e-02
 -2.7369685e-02
 -3.9841658e-03
  8.2062590e-01
 -7.0112598e-01
 -5.4376107e-01
 -8.4609210e-01
 -2.8423881e-02
  7.0690545e-03
 -8.7904614e-01
  8.3013058e-01
  2.1278226e+00
  1.5120102e+00
  1.0181409e+00
  5.1152897e-01
  3.0783289e-03
 -4.1521168e-01
 -3.2689676e-03
 -1.6394248e-02
  1.0591749e-01
 -1.2136903e-03
 -9.7821886e-03
  8.5540529e-04
  5.9620553e-01
  1.0739560e+00
 -3.9645996e-02
  6.6640526e-03
  4.1747313e+00
  1.4737133e+00
  1.7594607e+00
  3.6273903e-01
 -2.0745833e+00
  1.9355841e-02
  1.7132349e-02
  1.9717541e-02
 -3.4518358e-01
  4.6624183e-03
  1.1519971e-03
  2.1960627e-01
  1.4300325e+00
  9.0501122e-02
  9.0483445e-01
 -1.2020638e-02
 -2.3447957e+00
 -8.9837676e-01
 -2.9286225e+00
 -3.0899928e+00
  5.4519027e-01
  9.5081655e-04
 -2.0961611e-02
 -5.0717231e-02
  2.3152786e-01
  6.3925989e-02
 -7.7679551e-01
 -1.0258031e+00
  1.0204362e+00
 -6.1106205e-01
 -1.2106432e+00
 -1.7260727e-02
 -5.7282493e-02
  2.3776604e-01
 -3.6534929e-01
  8.3188981e-01
 -4.2572382e-01
 -2.0359235e-02
 -1.3716330e-02
 -3.3819922e-03
  3.2474007e-02
 -1.9604167e-02
  1.0249211e-01
  7.5287716e-03
  1.0514239e+00
 -7.3370159e-01
  7.0971311e-03
 -8.0370298e-03
 -6.6708446e-01
  6.7970884e-01
  5.4696715e-01
  3.1310096e+00
 -3.2250312e-01
 -1.5996397e-01
  5.8797644e-03
  5.8893370e-03
 -8.5002881e-01
  1.6406195e+00
 -4.4787237e-01
  3.5638463e-01
 -9.0959215e-01
  7.2757250e-01
 -5.5588323e-01
 -1.4540928e-02
 -6.8871951e-01
 -1.0639975e+00
  1.0389042e-02
  1.5226470e-01
  1.1824774e+00
 -6.5185578e-04
 -1.9807708e-03
  1.5863866e-03
  8.0127943e-01
 -1.2327675e+00
 -3.8571006e-01
 -2.2849622e+00
  1.0201949e+00
  6.1674529e-01
 -2.0436850e+00
  2.1698072e-03
 -7.8427857e-01
 -1.1383926e+00
  2.0501328e+00
 -9.8807418e-01
  1.3727169e-01
  1.3144316e-01
 -2.5409471e-02
 -6.1353114e-03
 -1.7345334e+00
  9.5036447e-02
  4.8359719e-01
  2.8678998e-03
  2.0052408e-01
  1.5235922e-01
  4.3448222e-01
 -2.0473623e-01
  1.5178767e+00
 -5.3572392e-01
  2.6839674e-01
  4.2220712e-01
 -7.8833830e-01
  3.6812246e-01
 -5.4712892e-02
  1.0126808e-02
  9.1817774e-02
 -7.3033169e-02
  1.1688432e+00
  1.2820095e-01
  1.2275934e+00
 -2.9320475e-01
  2.6727918e-01
  1.3428731e-02
 -4.5800385e-01
  4.3001708e-01
  2.3205429e-01
  1.2669302e+00
 -8.4112406e-01
 -2.2588563e-01
  1.1556932e-01
  2.8982615e-02
 -2.0535333e+00
 -2.7120009e-01
 -2.8712949e-01
 -5.5721337e-01
  2.5581839e+00
  1.8229334e-01
 -3.2792363e-01
 -9.5744868e-04
  1.3125229e-01
  1.7281756e+00
  3.7924629e-01
 -1.3382025e-02
  2.6766995e-03
  6.6652852e-01
  2.7719419e-04
 -3.4104029e-03
  1.6686411e-01
 -5.5129253e-03
  5.7117414e-01
  9.2898723e-04
  3.3966351e-02
 -6.9589727e-02
 -2.1230599e-02
 -1.2469897e-03
 -9.6906495e-01
 -8.5420936e-01
  1.0532668e+00
  2.8014395e-01
  4.2103451e-01
  2.3454843e-01
  1.4711536e-02
  2.2257257e-01
 -1.5503660e+00
 -1.2107201e+00
 -2.5130960e-03
  6.7092918e-02
  1.2425486e-01
  1.1540917e+00
  1.9848593e-02
  2.8496967e-03
 -1.2603593e-01
 -9.9972630e-01
 -7.8595436e-01
 -1.1729199e-02
  8.2525855e-01
  3.6657298e-01
 -1.1005910e-01
  3.9874772e-03
 -7.1229386e-01
 -5.1176584e-01
 -1.2035642e+00
 -7.8014600e-01
  1.1841159e+00
  7.7552535e-02
 -5.2549553e-01
 -2.6721985e-03
  4.5282785e-02
  3.9820668e-01
  1.1635680e+00
  7.1356708e-01
 -1.0340755e+00
 -3.0331593e-02
 -5.7542813e-03
 -2.2211769e-03
  1.3177916e-01
  2.0915195e-03
  1.9365855e-02
 -1.0898519e-02
 -1.0314698e+00
  9.0047851e-02
  6.2965695e-03
 -2.9444674e-03
  7.1117854e-01
  2.2520608e-01
 -4.9477106e-01
  9.0641737e-01
 -2.6380023e-01
  7.8394756e-02
 -1.2343190e-01
  7.3970771e-01
  1.5738908e+00
 -4.0163359e-01
 -1.7153402e-01
  3.0233023e-01
 -1.1494687e+00
 -1.9502003e+00
 -4.1417959e-01
 -1.3388134e-02
  8.5883743e-01
  2.3637775e-01
 -2.6290149e-03
 -3.4993310e-02
 -1.2960303e-01
  8.0843371e-01
  2.5477633e-01
  1.0350607e-01
  9.9021606e-02
 -3.7288573e-02
 -5.7173610e-01
 -1.5059248e+00
  2.5905669e-01
  1.7812201e-01
 -1.6381605e-01
 -4.6629105e-03
 -1.9953330e-01
 -3.9381540e-01
 -8.8364166e-01
  1.8800673e-03
 -6.1556321e-01
  1.5871575e+00
 -4.6510836e-01
  2.4559325e-01
 -4.9435675e-01
  4.2403486e-02
  2.2752944e-01
  5.0873656e-02
  1.3095410e+00
 -1.0834683e-02
  3.4922189e-03
 -3.0325681e-02
 -1.0536693e+00
 -1.8002331e-01
  4.0587890e-01
 -8.3125398e-02
  8.9528090e-01
  2.2779170e-01
  1.5731679e-01
  2.4080428e-01
 -1.4106338e+00
  4.3486831e-01
 -1.1706289e+00
  3.1547335e-01
  4.5564538e-01
  2.3939867e-01
 -8.4403098e-01
  4.8594233e-03
 -4.8173001e-01
  2.2921440e-01
 -8.3877879e-01
  1.0139360e+00
  2.6044449e-01
  3.3273441e-01
 -5.9110600e-01
 -1.3461404e-01
  1.8472645e+00
  9.0066808e-01
  2.6184055e-01
 -4.7838222e-03
 -2.1253240e+00
  3.7861437e-01
 -1.0060569e+00
  9.3140221e-01
  9.2232442e-01
  4.9547896e-01
 -1.4940292e-01
 -4.9300456e-01
 -1.3580886e+00
 -1.6711317e-01
 -2.5899566e-03
  2.0124229e-02
  1.0907155e+00
  1.6919029e-01
  1.7206332e-02
  4.3344866e-03
 -2.0404619e-01
  9.6335083e-01
 -4.8729400e-03
  6.0557830e-04
  1.2311653e-01
  1.0830442e+00
 -1.6030656e-01
  5.7853431e-01
 -2.7372620e+00
  7.0913494e-01
  7.3761389e-02
  1.2951146e-02
 -8.0744684e-01
 -1.3317167e+00
 -5.9092206e-01
 -6.7501384e-01
  1.9069451e+00
 -4.5932185e-02
 -3.4415398e-03
 -3.7615977e-02
 -4.3837450e-02
 -2.7634466e-01
 -1.0502553e+00
 -1.7628574e-01
  2.6340476e-01
  1.2866696e-02
 -7.2264090e-02
 -1.3046475e-01
 -2.6212621e-01
 -1.2955730e-01
  1.0865606e+00
  1.0220023e-01
  7.2818235e-02
 -9.1406560e-01
  8.6003274e-01
  1.0987996e-02
 -6.7266130e-01
 -4.9743381e-01
  4.4733739e-01
  3.3405710e-02
 -5.2244086e-02
 -1.6089913e+00
 -4.7330521e-02
  5.1221889e-01
  1.3499281e+00
  4.1151574e-01
 -5.2943641e-01
 -4.1158602e-02
  2.1390678e-01
  2.5664002e-01
 -4.2351242e-04
 -1.5581347e-02
  1.8652530e-01
 -1.5348954e-01
  1.4605291e+00
  1.0706375e+00
 -8.5704666e-01
 -8.6798370e-01
  1.4094292e-03
 -1.5189250e-01
 -8.4679466e-01
  1.2765510e-02
  3.2571587e-01
 -3.3513382e-02
  3.4407716e-02
 -5.5861622e-01
 -2.4983377e+00
 -3.7053921e-03
  6.0562325e-01
  5.1986009e-01
 -9.2757338e-01
  2.0737545e+00
 -2.1044407e-02
  6.1654687e-01
 -1.2378484e-01
 -1.2627963e-03
 -3.7362263e+00
  2.1197003e-01
  9.3682751e-02
  6.8602991e-01
  1.1417571e+00
 -1.9926145e+00
 -4.1028360e-01
 -6.9450377e-03
 -2.4191439e+00
  3.2110018e-01
 -1.6770792e-01
 -1.8712169e+00
  3.6944640e-01
 -1.1121645e+00
  5.0933801e-02
 -1.8679568e-01
 -2.5684800e+00
  6.5224379e-01
  3.3886006e-01
 -3.1638856e-03
 -7.9852551e-01
 -1.0423840e+00
 -4.5966482e-01
  7.5312611e-04
  5.7538062e-02
  8.1557341e-02
  6.6285217e-01
 -6.5881652e-01
 -7.2285376e-02
 -1.0864152e+00
 -2.6605821e-01
  2.8610295e-02
  3.1365913e-01
 -1.6895272e-01
 -8.7794232e-01
 -2.7176428e-01
 -5.8158352e-03
  2.1544625e-01
  8.2389815e-03
 -2.1900160e-03
  2.3824780e+00
 -6.2567425e-01
  1.5772824e+00
  4.5540249e-01
  1.7211013e-01
  3.1059989e-01
  7.2618650e-04
  3.3445993e-01
 -6.6984290e-01
  2.2225711e-02
  1.7626753e-02
  4.0074262e-01
  2.2207199e-02
  3.0909445e-02
  2.5002974e-01
  2.0078506e-02
  1.7320405e+00
  4.0791887e-01
  1.3828989e+00
  1.0729434e+00
  7.7489775e-01
  9.4150990e-04
 -8.4310826e-03
 -5.8902600e-03
 -8.3766662e-02
  1.2495945e-03
  3.2245773e-03
  1.1104810e-03
 -1.4083867e-03
 -2.7043973e-03
 -2.5024668e-03
 -6.0551818e-03
  5.2124881e-03
  1.2770834e-03
  2.8523636e-01
  2.1543667e+00
 -1.1291561e-02
  3.7170479e-03
 -1.5230980e-03
  2.3808107e-02
 -1.6296072e-03
  5.3368669e-02
  2.5772180e-03
  2.8942430e-01
  2.2887062e-02
  7.4945480e-02
  1.0218646e-01
  1.1902003e-02
 -5.2523136e-01
 -1.6425738e+00
 -2.9632962e-01
  9.4806981e-01
 -6.2007743e-01
  2.2978002e-01
 -9.1124261e-03
  1.1785011e-03
 -3.2797289e-01
  2.4432331e-02
 -2.5035962e-03
  1.6193243e-02
 -2.8810343e-01
  1.5252525e-01
 -4.7637057e-03
  8.8892542e-03
 -1.9143201e+00
 -1.9094181e+00
  3.1041676e-02
 -2.4220318e-01
  1.5729259e+00
  6.0012490e-01
  2.8606976e-04
  3.7217210e-03
 -5.9619302e-01
 -8.5757878e-03
  4.2108614e-03
  3.0178003e-02
 -1.9797035e-04
  5.0053593e-02
  6.0509413e-01
  4.8242714e-03
 -1.2586991e-01
  5.7559240e-01
  9.2084199e-01
 -2.1103351e+00
 -3.6828563e-01
  3.0066622e-03
  7.2311447e-03
  3.3513531e-02
 -1.3991666e-03
  3.3450896e-01
 -1.1868095e-03
  3.1458579e-02
  1.1430877e-02
  6.9339228e-01
  1.2752021e-02
  4.6544694e-04
 -6.4920241e-01
  1.9654814e+00
  6.7621839e-01
 -1.0659379e+00
 -2.6767895e-01
  4.6660221e-01
 -1.5034781e-02
  1.0589082e-02
 -2.8393325e-01
  4.0058279e-03
  9.3060369e-03
 -8.1402380e-03
 -7.3236364e-01
 -3.0871277e-04
  3.1162777e-03
 -9.2244977e-03
 -9.1979158e-01
  1.6318762e+00
  6.1980259e-01
  1.5752026e+00
 -4.5455480e-01
 -5.1426739e-02
  9.6965698e-04
  2.5037661e-02
 -6.7181033e-01
  4.3073125e-02
 -1.1882227e-04
  2.2564337e-01
  4.2748712e-02
  1.4546254e-01
 -7.3204364e-04
 -6.4184996e-03
  2.4723451e-01
  5.2179158e-01
 -1.5758964e-01
  8.3251816e-01
 -5.5152690e-01
 -1.9809914e-01
  6.9307949e-04
  4.5293146e-03
 -2.6315399e-02
  2.6845494e-01
 -4.6681310e-03
 -1.9145701e-03
  3.4973249e-01
 -5.3428686e-01
 -5.6975912e-03
 -1.0012884e-02
  6.3474613e-01
  9.1187824e-03
 -1.2194896e-02
  2.1009123e-01
 -6.1047518e-01
  3.8434656e-03
  1.6017957e-01
 -4.7002036e-02
  6.6087027e-03
 -1.2671283e-01
 -3.0187365e-01
 -3.9260563e-02
 -8.4007615e-01
 -5.6731498e-01
 -3.8415701e-03
 -6.4883390e-03
  1.8100686e+00
  6.2447739e-01
 -1.3672006e-02
 -8.4706634e-01
 -1.5848861e+00
 -5.0600413e-03
 -1.6291342e-03
 -5.0821928e-03
 -8.6231790e-02
  5.9233927e-03
  6.1250012e-03
  9.2604319e-03
  6.8266215e-03
  6.8746484e-03
  4.3282520e-02
 -1.2130776e-02
  2.3744125e-03
  6.6805947e-01
 -2.8292945e-02
 -1.4015095e+00
  1.8345118e-03
  9.3820170e-02
  1.2797466e-02
 -9.0440707e-03
  3.4359315e-01
 -3.2269317e-01
 -3.1987715e-01
 -5.6606926e-02
 -6.2139952e-01
 -2.7444449e-03
 -8.7711606e-03
  4.0843096e-03
  1.3672416e-01
  3.0633852e-01
  8.7072080e-01
  3.2665939e+00
 -6.0054999e-02
 -6.9860274e-01
  2.5675278e-03
 -1.4524532e-02
  5.7724072e-04
  1.7135409e-01
 -2.8524180e-03
 -2.2876647e-03
 -1.9078153e-01
 -8.0224328e-02
  4.0575210e-03
  1.0888506e-01
  2.1120201e-01
  4.6153182e-01
  7.8747398e-01
  3.7692457e-01
 -8.8123846e-01
 -8.1810268e-04
  1.2495545e-02
 -5.4090716e-02
 -2.2326833e-01
 -8.1033133e-02
 -1.6048609e-01
 -1.3086401e-01
 -7.3058379e-01
 -4.6689603e-03
 -1.3187103e-02
  3.3696184e-03
 -3.0232549e-01
  1.2774390e+00
 -4.2904811e-03
 -6.7543489e-01
 -9.6347201e-01
  2.8384618e-02
 -5.7368112e-01
 -1.4745112e-01
  6.8798572e-01
  6.5917470e-02
 -2.0231416e-02
  5.9135444e-05
  1.9419202e+00
 -8.9494005e-02
 -1.3286278e-03
 -3.9167232e-03
  1.6616809e+00
  1.4384803e-01
 -9.0385199e-01
  1.5282137e+00
  3.8408121e-01
  4.7464974e-02
  4.7035189e-03
  4.0762764e-03
  2.5168616e-02
 -7.4870676e-01
 -2.1447111e-02
 -8.8766916e-03
 -7.5038338e-01
 -2.9602312e-03
  3.3264670e-03
  9.5803197e-04
 -6.2943071e-01
 -7.6404423e-01
 -4.4321010e-01
  8.4270483e-01
 -4.1626588e-01
 -2.1411546e-02
  1.1056358e-02
 -1.4630508e-01
 -3.7784778e-02
  3.1918818e-01
 -5.5054951e-02
 -1.9344391e-02
  2.6731819e-01
 -7.7821183e-01
  4.5628548e-03
 -2.2091602e-03
  5.0455624e-01
 -5.1000917e-01
  9.7248673e-01
 -1.1519667e+00
  3.5468128e-01
  2.9310783e-02
 -2.1474501e-03
 -5.7574511e-03
  1.4370804e-01
 -9.6218213e-02
 -6.0351561e-03
 -3.0094152e-03
 -2.6315311e-01
 -2.0648170e-01
  2.8946982e-03
 -1.0825379e-02
  3.9606759e-01
  6.7176506e-02
  7.8657353e-01
 -4.2065278e-02
  2.6460046e-01
  5.5702090e-01
 -1.2965780e-01
 -5.0232068e-02
  1.2554387e+00
 -2.1531351e-01
  4.0248200e-02
  2.3674063e-01
 -9.0862888e-01
  1.2107923e+00
  1.3179853e+00
 -1.5025415e-03
 -5.2498960e-01
 -4.7360566e-01
  6.8351656e-01
 -3.5234776e-01
  8.6907738e-01
 -1.9993004e-01
 -1.3478715e-03
  3.0109128e-03
  5.0008774e-01
  2.1679504e-04
 -9.9877059e-04
  1.3141428e-03
 -2.9456451e+00
  1.3548459e-03
  2.9957436e-03
 -4.1309996e-03
 -5.0417495e-01
 -4.6744192e-01
  3.1740940e-03
 -2.2910557e+00
 -1.9391464e-02
 -4.9100608e-02
 -4.9322602e-01
 -6.3626999e-01
 -3.4298375e-01
  1.6343165e-02
  4.1903045e-02
  2.6538953e-02
  1.0712537e+00
  2.3558062e-01
  6.9073713e-01
  1.2269679e-03
  3.9720404e-01
 -7.2874349e-01
  5.2207178e-01
  5.8266681e-02
  1.3150675e+00
 -2.2660126e-01
 -1.5728951e-03
  1.5000731e-01
  1.7338817e+00
  1.5432792e+00
  1.9291686e-01
  4.7258455e-03
 -2.5900742e-01
 -4.0025160e-01
  8.7265956e-04
  1.3944072e-03
 -1.5457942e-01
  1.1550412e+00
  5.0071973e-01
 -1.4796671e+00
  8.9202380e-01
 -1.6144928e-01
 -3.4314620e-01
 -5.7984400e-01
 -1.9379739e+00
 -2.5957418e-03
  2.9741151e-02
  4.6248129e-01
 -8.2985121e-01
  9.1903639e-01
  3.2052350e-01
  6.9951550e-03
 -2.9383108e-04
  5.7762778e-01
  6.7268944e-01
  6.3837695e-01
  6.8715468e-02
 -9.5678702e-02
 -9.2320805e-03
 -2.2854714e-03
 -4.0406355e-01
 -7.5973874e-01
 -7.6329000e-03
  3.6970118e-01
 -3.1807950e-01
  1.8717720e-01
  2.2968592e-02
 -7.0383921e-03
  3.6783943e-01
  8.8399522e-02
 -9.2138994e-01
  4.9960469e-03
 -4.2037672e-01
 -7.0050561e-01
 -8.5355127e-03
  1.1556392e-03
  3.9060098e-01
 -6.0863262e-01
 -8.6840370e-04
  5.9089042e-02
 -1.0753609e+00
 -5.7499087e-01
  4.1952319e-02
  6.5838486e-01
 -9.9915099e-01
 -7.5486290e-01
  1.1616913e+00
  6.4671940e-01
  2.2610020e-02
 -7.1712410e-01
 -7.7192974e-01
 -2.9404536e-01
  2.2701724e-01
  3.1915718e-01
  3.0245358e-01
  3.9888337e-01
  4.2117336e-01
 -9.3409985e-01
  5.1523659e-02
  3.1358083e-03
 -1.1715355e+00
 -4.0035442e-01
  1.1076245e+00
 -1.2426250e+00
 -4.4188002e-01
 -4.3123361e-01
 -3.6984455e-02
  1.6974567e-02
 -2.8136683e-01
  3.4981370e-02
 -8.5658729e-03
  6.0195001e-03
  3.8993415e-01
 -2.7599407e-03
 -1.1708734e-03
 -1.3829570e-03
  1.1591562e-03
 -1.7695035e-01
 -8.8619077e-01
 -6.0591763e-01
 -3.2317877e-02
 -9.6066415e-01
  1.4068775e+00
  1.2243339e+00
 -1.1757725e+00
  1.3996809e+00
 -2.8278679e-03
 -4.5910124e-03
 -6.1596638e-01
  7.1445866e-03
  1.0354345e-01
  7.6579824e-03
 -1.5295935e+00
 -3.2822368e-01
 -1.0983894e+00
 -9.3446678e-01
 -8.3400208e-01
  4.2054376e-01
  6.0235090e-03
 -2.1518117e-03
 -9.6574547e-03
  9.5307566e-03
  8.4003052e-03
  5.4758736e-03
  3.6094869e-03
 -2.9664333e-03
  1.6710894e-01
  9.6733851e-04
 -1.1196759e+00
 -4.6939057e-01
 -3.6952212e-01
 -1.4418392e+00
  2.8730929e-03
  2.2808261e-02
  1.1587712e-02
  4.4626340e-05
 -1.0449468e+00
 -2.0855820e+00
  9.3622264e-03
 -2.7955382e-03
 -7.1031255e-01
  5.1855397e-01
  4.4338626e-01
 -3.3350117e-03
  1.5053229e+00
  3.1691402e-02
 -1.1717615e+00
  8.6587185e-01
  2.9389721e-01
  3.6954242e-01
  1.9136262e+00
  5.0328946e-01
 -1.8064801e+00
  5.2908403e-01
 -5.9853392e-03
  1.9972725e-02
 -9.1662101e-02
 -1.2382208e-03
  1.0091293e-03
 -3.2808831e-01
  9.6176970e-01
 -1.5192588e-01
 -2.0775869e-01
 -2.6052668e+00
  1.6332908e+00
  1.2934145e+00
 -1.0280922e-01
 -3.6361361e-01
 -2.5516069e-01
  2.5928044e-01
  2.3622478e-03
 -4.4856442e-04
 -5.6950979e-02
  1.0574625e-01
 -8.2333209e-03
  2.4476720e-03
 -1.4993678e+00
 -6.6006295e-02
  1.5970896e-01
 -9.2173487e-01
 -1.9478743e-01
 -1.7913386e-01
  3.9938513e-02
  3.1841511e-01
  5.3986591e-01
 -3.6352780e-01
 -5.6903297e-04
 -2.2783126e-03
 -3.5147923e-01
  9.1672236e-01
  4.1225035e-02
  1.8572090e-03
  8.1336236e-01
  2.2216551e-02
  7.2037065e-01
  8.8658965e-01
  1.9196053e-01
  1.6394236e+00
  9.9093527e-01
  1.7722037e-01
  6.6807824e-01
  1.2059191e+00
 -7.9745316e-04
  6.8236231e-03
  4.2359050e-02
 -3.6832431e-01
  2.0300560e-03
 -9.2573953e-04
 -4.4520301e-01
 -1.1384127e-03
 -5.0519180e-01
  1.8834541e+00
  3.8535219e-01
  1.6647632e+00
 -7.4882405e-03
  3.3498744e-03
  7.9912752e-01
  1.4409307e+00
 -2.1273501e-03
 -5.3130907e-01
 -2.4257827e-01
 -1.6245830e+00
 -6.2565476e-01
  1.1083084e-03
 -6.8667102e-01
  4.5006678e-02
 -1.1314461e+00
  5.1603910e-02
  8.1614363e-01
  1.0791346e+00
  3.1617370e-01
  7.9150450e-01
  5.6220848e-02
  6.9794339e-01
  1.2809236e-02
  2.0369481e-02
 -6.5603122e-02
 -8.7657094e-01
 -7.9169786e-03
 -9.9626025e-03
 -1.2177683e+00
 -6.3005060e-02
 -1.3370046e-01
 -4.0472236e-01
  4.1614127e-01
  4.2783928e-01
 -4.6542026e-03
  1.0475471e-02
  1.5872765e-01
  5.1779199e-01
  2.1771390e-03
 -5.6031919e-01
 -1.0817453e+00
  1.4504540e-01
  2.5797436e+00
  4.1755764e-03
  1.3929064e+00
 -9.5692843e-02
  1.7046840e+00
  2.0358045e-02
  1.4443278e-01
  3.8248145e-03
  3.9906753e-03
  9.5742093e-03
  1.5858179e-02
 -2.6401982e-03
 -7.0334547e-03
 -1.9589229e-03
 -6.5890694e-04
  9.9714234e-02
 -7.1401289e-03
 -2.1481073e-02
 -9.4683945e-01
 -4.1110209e-01
  9.0431161e-03
  5.5020767e-01
 -1.6081381e-03
  5.7773148e-03
 -3.8558498e-03
  1.0122240e-03
  2.8188393e-01
  7.7638704e-01
 -8.8240746e-03
 -4.8713133e-01
 -7.4365342e-01
 -5.1281929e-02
  8.6513072e-02
 -1.5609055e-03
 -1.4170389e+00
  6.3082319e-01
  5.0669529e-02
  3.1630411e+00
  4.1366053e-01
  2.5323197e-01
 -5.1772478e-03
 -6.0759508e-03
  4.1808826e-01
  2.5113913e-01
 -7.7159103e-04
 -2.0414667e-02
 -3.0925190e-01
  5.7153374e-01
  3.5962507e-01
  1.9195166e-03
 -8.6660403e-01
 -4.2759284e-01
  1.2153317e+00
  1.6904528e+00
 -3.0658329e-01
 -5.2166994e-05
  8.8955223e-04
  6.9393856e-03
 -2.1429555e-01
  1.1086738e+00
  5.6041582e-03
  1.9420932e-01
 -5.6536645e-03
 -1.0453557e-01
  4.5384464e-01
  6.6886499e-04
 -1.6942723e+00
 -1.1148840e+00
  1.5762332e-01
 -1.7581593e+00
 -7.7237821e-01
 -7.2097927e-02
  8.9090900e-04
  1.0871107e-02
  7.0012885e-01
  7.0727670e-01
 -5.2041560e-03
 -1.2093975e-01
 -9.4540381e-01
  5.4974187e-02
  1.3508403e+00
 -3.4687070e-03
 -9.6229559e-01
  1.0971398e+00
 -1.4658129e+00
 -1.0521403e-01
  1.2224060e-01
  3.9661688e-01
  5.0282660e-03
 -3.8510687e-03
  5.9619840e-02
  3.9059721e-02
 -2.2060570e-04
 -7.0629843e-02
  1.9061036e-01
  1.6496645e+00
  1.3418272e-02
  7.7710575e-03
 -7.8689700e-01
  1.0161068e+00
 -1.2039886e+00
 -1.5413406e+00
 -7.7654606e-01
 -9.2930486e-03
  5.1458399e-03
  3.0494200e-03
 -3.8371623e-01
  8.2540452e-01
  1.8515894e-02
 -4.2320293e-01
 -7.6917595e-01
  1.6418396e-03
  1.6768250e+00
  1.0581661e-02
  2.7627072e-01
 -6.8310142e-02
  9.3541777e-01
 -2.2232175e+00
 -8.9897400e-01
 -1.2733458e-01
  6.6989928e-02
  6.0182441e-02
  4.7247089e-03
  2.3472500e-01
  4.4173747e-03
 -1.3807125e-03
 -1.3222790e+00
 -3.8946532e-02
 -9.0300087e-03
  5.4021617e-03
  3.0337097e-02
 -1.4125226e+00
  1.1177744e-01
 -1.0295969e+00
 -5.2413958e-01
  5.0891392e-02
  5.0891392e-02
  5.0891392e-02
  5.0891392e-02
  5.0891392e-02
  1.8641417e-01
  1.8641417e-01
  1.8641417e-01
  1.8641417e-01
  1.8641417e-01
  8.4413327e-02
  8.4413327e-02
  8.4413327e-02
  8.4413327e-02
  8.4413327e-02
  4.5280520e-02
  4.5280520e-02
  4.5280520e-02
  4.5280520e-02
  4.5280520e-02
  1.5935346e-02
  1.5935346e-02
  1.5935346e-02
  1.5935346e-02
  1.5935346e-02
  8.8045567e-02
  8.8045567e-02
  8.8045567e-02
  8.8045567e-02
  8.8045567e-02
