nep4_zbl 4 Li La Zr O 
zbl 0.9 1.8
cutoff 6 4 95 30
n_max 4 4
basis_size 8 8
l_max 4 2 0
ANN 30 0
  4.5334506e-01
 -5.2848709e-01
 -7.7976488e-02
 -1.4353512e-01
  1.4473382e-01
  1.2399082e-02
  1.1351447e-01
  7.0822850e-04
  1.4695384e-01
  1.7768899e-01
 -1.0693663e-02
  6.4576510e-04
  3.7012747e-01
  6.0398921e-02
  2.2239816e-01
 -1.9461095e-01
 -8.6430619e-03
 -2.5325730e-01
  1.3112611e-01
  1.5994353e-02
 -4.7193900e-01
 -2.8695492e-03
 -4.3482253e-01
  2.7972536e-02
  9.8006979e-02
  2.5750807e-01
  1.9983749e-03
 -1.2941951e-01
  6.9142418e-04
  6.5894937e-04
 -8.2132383e-04
  1.0692272e-03
  1.0308277e-02
 -5.5288844e-04
 -2.1523470e-03
  3.4955940e-03
 -1.7818739e-03
  9.9811109e-04
 -9.2660479e-04
 -7.9616904e-03
  5.4046633e-03
  4.7572085e-04
 -1.9366281e-03
  4.7693492e-04
  6.5831118e-05
 -2.7189171e-03
 -5.0947568e-03
  1.3598702e-02
  3.4208442e-03
 -2.0050129e-03
  2.3468686e-03
 -1.4589075e-03
  5.1887649e-01
  1.0864013e-02
 -4.6975468e-03
  4.6236180e-03
 -2.8115313e-04
  1.7389591e-03
  4.5067899e-02
  1.7920521e-03
 -1.3577460e-01
  1.7149643e-03
  8.7867156e-03
  3.0202039e-03
 -1.5403297e-03
 -6.8578409e-04
 -4.9843700e-03
 -1.4361328e-03
 -2.4776433e-03
  9.0630436e-01
  7.9185405e-04
 -1.3037471e-04
  2.8537228e-03
 -7.6559576e-04
  2.4394805e-03
 -4.4700406e-03
  1.8212617e-03
  7.6229137e-04
  5.8915108e-03
  6.3990317e-03
  2.3772965e-01
  3.9467174e-03
 -6.3490439e-03
  2.1629795e-03
 -1.0204738e-03
  1.3563151e-02
 -2.6979169e-03
 -4.3174513e-03
  1.2899363e-01
 -4.8604733e-04
 -9.3099087e-01
 -1.2673330e-01
  2.3353769e-02
  9.5654768e-01
 -2.9445645e-01
 -3.4638679e-01
 -2.9738805e-01
 -7.4441403e-02
 -1.7784847e-01
 -1.2354885e-01
  1.0909884e-01
 -7.5517162e-03
  5.1635470e-02
 -4.7930542e-01
 -1.8737014e-01
  7.1297362e-02
 -2.7208129e-01
 -2.3037305e-02
 -7.1162321e-02
 -1.8614709e-02
  1.1720889e-01
  5.9687313e-02
  2.5583735e-01
 -4.0147115e-02
 -6.5012789e-01
  1.0954767e-02
 -1.0667589e-01
  2.9810983e-01
  8.0866460e-03
 -1.1249267e-02
  1.3258897e-03
  2.3063869e-04
  1.5107711e-03
 -4.5334786e-05
  8.9928904e-04
 -1.8009803e-01
  3.7924475e-03
 -1.0302225e-03
 -4.7480028e-02
  3.5733040e-03
  7.4311660e-04
  1.5801799e-02
  1.0593686e-02
 -1.0557977e-02
  2.6651244e-03
  4.4258623e-03
 -6.7009851e-03
  1.2557867e-01
 -9.3163606e-03
  2.4756262e-04
 -1.7382443e-02
 -2.4386358e-03
  4.3070563e-03
 -7.9124194e-04
 -9.5158881e-03
  5.9796795e-03
  1.3973486e-03
 -5.6979866e-03
  1.0212202e-02
 -1.9267225e-03
  5.9719384e-03
 -1.6805913e-01
  8.9398004e-02
 -2.7165380e-01
  9.1419026e-02
  6.2468098e-03
  3.7353963e-04
 -1.5106834e-02
 -4.3664986e-04
 -1.0615088e-02
 -3.8599194e-04
 -3.8601118e-03
 -2.3333788e-01
  5.8790687e-02
  1.1736553e-02
 -2.6863704e-02
  3.4669724e-03
  3.4149650e-03
  2.2223459e-03
  4.9752011e-03
 -3.3425288e-03
 -7.2746011e-03
 -4.5364432e-02
  1.4721911e-02
  1.6008010e-02
 -3.8157201e-03
 -2.0503000e-04
 -3.4969319e-02
 -3.6010579e-03
  9.3509965e-03
  9.3714380e-01
  4.3232567e-03
 -1.2860872e-03
  1.4684410e-02
 -4.8918353e-04
 -1.1010348e-04
  1.8697423e-03
  4.7751334e-03
 -3.5551350e-04
 -2.9436580e-04
 -7.3210951e-03
  3.8662388e-03
  3.9469812e-04
 -3.4187057e-03
 -8.5286464e-04
 -2.4255253e-03
 -1.9435196e-03
  1.1521504e-03
  3.8688444e-03
 -6.0728034e-03
  1.9706425e-03
  2.0927153e-04
 -1.7131589e-03
 -4.6842657e-02
  3.2692158e-03
  1.2391909e-01
 -3.4128022e-04
  4.7703655e-03
 -5.9971120e-03
 -1.5559241e-03
 -6.7408878e-01
  4.5116278e-04
  9.7500166e-04
 -4.3421934e-04
 -1.3096422e-02
 -8.6823147e-04
 -4.7606011e-03
  5.7729371e-03
  1.0988718e-03
 -5.7337726e-03
  1.9763093e-02
 -2.8036813e-05
  1.2168396e-03
 -6.9934048e-04
  1.0004738e-02
  1.3668390e-02
  2.5056847e-03
  1.0276705e-03
  5.7106437e-03
 -8.4998822e-03
  2.4708938e-02
 -1.5790864e-03
  1.2909152e-01
  3.6746904e-02
  8.6211793e-02
  7.6144404e-04
 -4.0620286e-03
  3.8329063e-03
  3.6586651e-03
  5.5673899e-04
 -1.3177589e-01
 -1.6839087e-01
  2.5005109e+00
  5.8985460e-03
  6.5249071e-02
 -1.0154768e-02
 -4.4415360e-03
 -4.0699276e-03
 -1.6130706e-03
 -1.0850100e-03
 -4.2560161e-04
 -2.5757069e-03
 -3.8606229e-03
 -1.3000873e-02
  1.0214008e-03
  1.5487221e+00
 -1.4583089e-03
  1.8404580e-03
  2.5365914e-03
  3.2170210e-03
  9.1273210e-04
  3.1719159e-03
 -3.1841267e-03
  3.8630944e-03
 -4.9326275e-03
  2.2647888e-03
  4.7638724e-03
  2.9907881e-03
 -6.3193897e-03
 -1.4401936e-03
  3.8806665e-01
 -4.3151234e-04
 -5.8243322e-01
 -2.4012038e-03
  5.8025139e-04
  3.0892060e-04
  3.6043774e-03
 -4.7614435e-03
  3.1075398e-03
 -5.8712298e-03
 -2.6379165e-03
  1.4009555e-03
  8.2457000e-03
  4.5960145e-03
  2.4185248e-03
  4.5639402e-03
 -3.2546583e-03
 -1.4560000e-03
 -2.6127433e-05
 -4.4505489e-03
 -9.8365210e-03
  4.0074406e-04
 -2.8128556e-03
  7.5229579e-03
  2.7562091e-03
 -1.6589027e-02
  2.8471588e-03
 -7.1380213e-03
  1.0330552e-03
 -3.8465376e-03
  1.9611426e-01
  3.9157110e-01
 -1.1681665e+00
 -4.0380353e-01
 -5.7407582e-01
  2.1521160e-02
  9.3149897e-03
 -1.3572520e-01
 -2.1675378e-03
  7.2338702e-03
 -3.2439316e-03
 -2.7793996e-02
 -2.0027440e-02
  1.5399328e-01
  2.0687387e-03
 -1.9080440e-02
 -4.3015834e-04
 -1.0966389e-02
  3.4963104e-03
  1.4688879e+00
 -1.0541353e+00
  1.2322975e-03
 -2.5318596e-01
  3.5996249e-04
  1.1634743e-02
 -6.0404307e-04
 -1.3462675e-02
 -7.4237213e-02
 -5.4302313e-03
  2.5798569e-03
 -2.6677407e-02
 -4.4439831e-01
  2.4689702e-04
  2.8638842e-02
  6.2594130e-03
 -8.1888743e-04
 -1.0747794e-03
 -7.3810322e-03
 -7.5945762e-05
  1.2861112e-04
 -4.8450672e-04
 -6.5522402e-04
 -1.8453910e-03
  2.6129410e-04
 -1.0238130e-02
  6.7484737e-03
 -3.1935822e-04
  4.1062473e-03
 -6.4098788e-03
 -1.0267239e-03
  5.7117975e-01
 -5.2251909e-03
  1.8451330e-03
  2.7517572e-03
 -1.5005674e-02
 -4.6082279e-03
  6.5649551e-04
 -2.7681035e-03
 -3.5038663e-03
 -7.2638594e-02
  1.1472900e-02
 -4.3128594e-04
 -1.7165683e-01
 -8.1177615e-02
  1.8732123e-02
  6.7080022e-04
 -7.6857167e-03
 -6.2405542e-03
  2.3940934e-03
  6.3835387e-03
  3.0097871e-03
  1.6795460e-03
 -7.3425691e-03
  1.3091180e-03
  4.8255385e-03
 -5.9182020e-03
  8.1826359e-02
 -5.9728889e-04
  3.1018052e-03
 -5.6741792e-03
  1.2500499e-02
 -2.6621800e-03
 -1.3499352e-02
  1.3833764e-03
 -5.7715606e-03
 -9.3712116e-04
 -4.1754651e-03
  1.0255058e-03
  4.4973005e-04
  2.4364703e-05
 -3.3464797e-02
 -5.3319985e-01
 -9.3477924e-05
  1.7717727e-01
 -9.3335856e-04
 -1.2957434e-03
  2.8788121e-03
 -2.1551321e-03
  2.0104648e-01
 -1.7724765e-03
 -1.4928706e-03
 -1.5029989e+00
 -5.8697414e-04
  1.7917746e-03
  2.4372390e-04
  2.2346955e-03
 -1.5752125e-03
  3.9732942e-01
 -3.0232610e-03
 -6.9616176e-03
 -2.3890538e-03
  2.7853437e-04
  5.8613042e-03
 -4.5402115e-03
 -1.3380109e-02
 -1.2150002e-04
 -4.3285810e-04
 -1.9492894e-04
  8.8336449e-03
 -3.2312595e-04
 -1.2638699e-02
  3.9417106e-03
  3.3984540e-03
  5.6611648e-04
 -2.2533364e-03
  4.9348157e-03
 -5.4927189e-03
 -3.7519139e-04
  4.3355338e-03
  1.5043103e-03
 -5.3250481e-04
  2.0962037e-04
  8.7334396e-04
  6.7863166e-03
 -8.2463846e-03
 -4.9861856e-03
 -4.8405837e-02
  6.4157940e-02
 -6.2319650e-03
 -3.9001957e-03
 -2.4012784e-03
 -9.0897101e-04
 -1.4568410e-02
  3.8011386e-03
 -1.3284788e-04
 -5.0576478e-03
 -4.1523748e-03
 -1.2187911e-04
 -2.9473612e-03
 -1.8910555e-03
  3.7454318e-02
 -1.1342790e+00
 -9.4728595e-01
  1.1969522e-01
  2.0159541e-03
 -2.4238132e-02
  3.2879405e-03
  5.1134360e-01
 -8.2746051e-02
 -1.4585236e-01
  3.7827706e-03
 -5.6291586e-03
  3.3393273e-01
  5.8251568e-03
 -1.9284223e-01
  2.0614244e-02
 -9.3108930e-02
  3.2756329e-01
 -1.2251411e-02
 -3.1509667e-03
 -1.6848620e-03
  4.6565537e-03
  1.7901033e-01
 -1.5483763e-04
 -6.8268538e-02
  5.7680202e-03
  3.2677073e-02
 -8.4308699e-02
  3.0855458e-02
  1.4146178e-03
  4.1869454e-02
  6.7157334e-01
 -4.7680965e-01
  3.1834003e-02
  1.2585212e-01
  6.8035111e-02
 -8.2187424e-04
  1.0667630e-01
  1.6286878e-01
  2.1464737e-01
 -1.0311452e-01
  1.1662224e-02
  1.3945304e-02
  4.8966315e-01
  2.0226330e-01
 -3.6412910e-01
  2.7545395e-01
 -2.2796480e-01
  6.1187882e-02
  1.0772998e-01
  1.1916535e-02
  3.3429572e-01
 -3.1822860e-01
  9.0041533e-02
  7.6721646e-02
 -4.3267994e-03
  5.0284551e-03
 -4.1785222e-02
 -6.9324985e-02
  1.9313451e-02
 -4.1869907e-03
  3.1973216e-01
 -7.0214374e-03
 -2.1696877e-01
  3.4504837e-01
  5.7737529e-03
  2.8884958e-03
  2.2506726e-01
 -3.5196571e-03
 -6.9175944e-02
 -1.2369633e-02
  1.1944414e+00
 -5.4889433e-03
  3.8345316e-01
  7.6002311e-03
  1.8336817e-03
  6.1329450e-03
 -3.2446433e-02
  3.7138318e-03
  1.0833396e-02
 -1.0116911e-02
 -1.1947221e-03
 -6.6876650e-02
  1.0639754e-03
  1.7224554e-03
 -1.2272707e-01
  3.1070804e-02
 -2.0423677e-02
  4.1258372e-03
  6.5063443e-03
  4.7345037e-04
  3.4530172e-01
 -1.3607600e-02
 -2.1480663e-01
  1.9736220e-01
  1.9555413e-03
 -6.6484767e-04
  2.3380175e-01
  6.4797152e-04
  7.3155449e-03
 -4.0971166e-03
  2.4553346e-03
  5.3500339e-02
  2.0725764e-02
 -8.2161522e-04
 -5.2190423e-03
  2.0612398e-01
 -2.3574801e-03
  4.6132125e-02
  9.4389003e-03
 -4.6916095e-05
  3.0065824e-03
 -6.3714616e-02
  1.0377442e-02
  1.4048691e-04
 -2.2058645e-03
 -6.8123598e-04
 -5.2199278e-02
  7.4470730e-04
  1.7357266e-03
 -3.6292479e-03
  1.1116994e-03
  4.7183890e-04
  1.5021352e-03
 -2.2389467e-03
  3.8836205e-03
 -1.0991695e-03
 -1.6085992e-03
  1.5535024e-03
 -3.6313254e-04
 -2.6579204e-03
 -2.8120002e-03
 -3.0109375e-03
  4.4806795e-03
 -2.2390808e-03
 -4.0525898e-01
  3.9193576e-05
 -6.4526871e-04
 -9.0927520e-04
 -4.2808987e-03
  7.5714844e-03
  3.5962060e-03
 -7.6529272e-03
 -3.2713846e-03
  2.3653025e-03
  7.6209160e-04
  7.8655249e-03
  4.9741635e-01
  1.3032471e-03
 -3.8344027e-03
  4.5356058e-02
  1.1426835e+00
 -9.4111294e-02
 -1.1912560e+00
  1.2560039e+00
  4.1852645e-03
 -1.4225395e-03
 -8.5899727e-03
 -4.8651816e-03
 -1.9673898e-03
 -1.6005669e-02
  1.1880309e-03
 -1.5278335e-02
  1.9554210e-01
  3.7736245e-03
  2.2770453e-03
  2.0849077e-02
 -3.4643679e-03
  6.7752562e-03
  1.1385158e-03
 -3.7335833e-03
 -3.8848448e-04
 -3.9525935e-01
  6.8493537e-03
  1.2398860e-02
  1.2697149e-03
 -1.1426492e-02
  2.5684393e-03
  3.1427037e-02
 -7.7471747e-03
 -8.6182609e-02
 -7.0814684e-02
  2.7316436e-01
  4.4699028e-01
 -1.6002910e-02
 -1.1350272e-02
 -5.3715598e-02
  4.0499289e-02
  1.8964941e-02
 -1.8386370e-02
  1.1471630e-02
  2.3598807e-02
 -1.7266150e-03
 -4.2927065e-03
 -1.5730005e-02
  5.6473268e-03
  3.0863323e-04
  2.2982508e-02
 -7.8225747e-02
 -3.9036009e-02
 -7.4449577e-03
 -1.9525443e-03
  4.7970571e-02
 -6.5331743e-03
 -1.0058342e-02
  9.6561527e-03
 -3.4813906e-04
  1.5584711e-03
  1.5138945e-02
 -7.2328746e-03
 -4.8364264e-01
  1.1416589e-01
 -1.9477785e-01
 -3.9204199e-02
  2.6290154e-01
  6.4099208e-02
  7.9205972e-01
 -1.0734915e+00
  3.9693984e-01
  3.7168346e-03
  4.7535272e-05
  4.7443309e-01
 -1.6062700e+00
 -1.8969896e-01
  4.5233226e-01
  5.0007578e-02
  3.6752975e-01
 -1.1210268e+00
 -8.2422752e-04
  2.7596512e-01
  2.3240983e-01
  1.8468557e-01
 -8.5899889e-01
  2.3440709e-03
  5.9871372e-02
  6.1579171e-04
  1.9992862e-03
  1.3271597e-01
 -2.6368070e-03
  1.1469432e-02
  9.8430400e-04
  4.8727253e-03
  9.5496164e-04
 -2.6836735e-03
  2.0108975e-02
  3.0837064e-03
  6.7646092e-01
 -3.3813289e-03
  3.1254329e-02
  8.0471272e-03
  6.7399495e-04
  2.1920104e-03
 -2.0096559e-04
 -3.2348589e-03
  5.5055559e-04
  2.3067789e-03
  8.6095050e-04
  4.8860027e-03
  5.1392621e-04
 -4.9901402e-05
  4.6162857e-03
  3.9940109e-03
  2.4080668e-03
  1.5013301e-03
 -3.3154588e-03
  2.3195492e-04
  2.0153704e-03
  9.8681333e-04
  1.2039432e-05
  4.7592823e-03
  4.3702786e-04
 -1.4914673e-02
  1.1060603e-02
 -3.4639606e-04
 -1.9356865e-02
 -4.1166348e-03
  2.2480637e-03
 -3.3757889e-03
 -2.4846443e-03
  1.3625620e-02
  1.1988512e-03
  1.8107584e-04
 -3.1003426e-04
  8.8967830e-03
  1.6289573e-03
  2.6288659e-03
  1.0946009e-04
  5.2493613e-04
  3.6462811e-03
  5.5475766e-03
  1.4605202e-03
 -4.1612182e-03
  1.0159298e-02
 -7.9036626e-04
 -5.1308312e-03
 -4.1490843e-05
  4.3617238e-04
  5.8369404e-03
 -4.7406126e-03
  2.0243907e-03
  1.0079897e-01
 -1.2061936e-01
  6.2596786e-01
 -9.7681838e-01
 -1.5841061e+00
 -7.8303015e-01
  6.1838484e-01
 -1.0821147e-01
  1.8893798e-01
 -3.3497325e-01
 -4.3886513e-02
  2.3660360e-01
  1.3372497e-02
 -1.8367699e-01
 -4.9892661e-01
  5.1825482e-02
  1.5060328e-01
 -4.1134596e-02
 -7.6496297e-01
 -8.3001083e-01
 -2.5441587e-01
  1.5823568e-03
  3.3736968e-01
 -3.0183002e-01
 -5.7824695e-01
  3.7900419e-03
  1.6888085e-01
  1.7679068e-01
  8.4904350e-02
 -1.8121032e-01
  2.5133517e-02
  9.3881017e-01
 -2.8272970e-02
 -7.6611853e-01
  3.6686388e-01
  6.6343197e-03
  4.5097452e-02
 -1.4086937e-03
  2.3862695e-02
  2.8998965e-02
 -7.7431523e-03
 -3.5321468e-03
  7.0649423e-02
  1.1557747e-01
  6.8812437e-02
 -3.4445874e-02
  1.3053675e-01
 -5.8318406e-01
  5.5093411e-02
  7.9551622e-02
 -4.8609421e-02
 -5.0670252e-04
 -1.9363131e-01
  9.5782839e-03
  1.1842676e-01
 -1.9456379e-01
 -4.4495831e-03
 -3.6225419e-02
 -5.6507229e-04
 -3.8351098e-03
 -5.7522523e-01
 -6.1532464e-02
  1.2074590e-01
  1.1589994e+00
  7.9094762e-01
  2.7517518e-02
 -9.8085608e-03
  9.8750669e-01
  6.3979940e-04
  4.7202697e-01
 -6.9939648e-04
 -1.4982708e-01
 -4.4528740e-03
  1.5959907e-01
  1.7541042e-01
 -5.8142236e-04
 -5.1128572e-01
  8.6103611e-02
  2.3719681e-02
  4.5456806e-01
  7.8206532e-02
  5.5239394e-02
 -1.4465447e-01
  3.0860430e-01
  3.1392020e-01
 -6.4683229e-02
 -4.5291716e-03
 -5.7478160e-01
 -3.7630297e-02
  6.5494161e-03
  1.0397711e-01
  3.4977165e-01
 -1.2479663e-01
  7.5306240e-03
  2.0141640e-01
  6.2690087e-02
  4.6319999e-02
 -1.2773961e-01
  7.3999517e-02
  6.3910782e-02
 -4.8434170e-04
 -2.4929233e-02
  1.3812122e-04
  5.2024927e-03
  1.7393881e-01
 -5.0401859e-02
 -2.0458440e-01
 -3.9051976e-02
  1.3415010e-01
  9.6384324e-03
 -6.6002016e-03
  1.4816259e-03
 -1.3458717e-01
  6.1298642e-02
  1.1570758e-01
 -2.9152974e-02
 -6.3327653e-03
  6.1210076e-04
 -2.6690777e-02
 -5.6290962e-03
 -3.0137380e-04
  3.7961211e-02
 -1.7901439e-02
 -2.2856359e-01
  8.7590842e-03
  1.7749459e-03
 -1.2092823e-03
 -1.5046654e-03
  4.1188419e-01
 -1.2361059e-03
  6.0900529e-03
 -2.0987410e-03
  2.0734391e-03
  7.1660790e-04
  2.9638263e-03
 -4.4884398e-03
  7.6388950e-03
  1.5242189e-03
  6.3305856e-03
 -7.3996484e-03
  7.4839126e-04
  1.2212226e-03
 -1.7938805e-03
 -1.1113630e-02
 -3.9703338e-03
  1.9239470e-03
 -1.8012436e-03
  3.0597923e-05
  1.2715083e-01
  9.1232723e-03
  1.4280957e-01
 -3.9995178e-03
  4.2073042e-03
 -4.0773278e-01
  1.8412726e-04
 -5.1788818e-03
 -9.9546111e-01
 -4.5923563e-03
 -2.4288763e-01
 -4.1921907e-03
  3.2449186e-02
  1.8815216e-02
  5.6635949e-04
  4.1811694e-03
  7.0388950e-02
  5.0843447e-01
 -2.7081314e-01
  3.6860887e-02
 -4.3685050e-04
 -4.6179807e-03
  3.4486064e-01
 -9.0184122e-02
  1.4124744e+00
  5.3614965e-03
 -8.5790816e-04
 -3.2934335e-01
  2.1040558e-03
  5.9286566e-03
  5.2082050e-01
  8.8135211e-04
  6.2935388e-01
 -3.5203520e-02
  2.2070132e-02
 -6.4069998e-01
 -5.5828616e-02
  3.6089879e-01
  4.5562141e-02
 -1.1089174e-01
 -1.9133197e-01
  5.7409320e-02
  4.2000312e-01
 -1.3504866e-01
  1.2904620e-01
 -1.4214171e-01
  1.5913835e-02
 -8.6268175e-01
  5.8851224e-01
  2.3251836e-01
  3.1349450e-01
 -3.0725645e-02
  2.4456386e-01
 -3.6440775e-01
  1.0307350e+00
  7.5332895e-02
 -4.7396880e-02
 -8.7072515e-01
  4.8322338e-01
  5.5655134e-01
  1.1747193e+00
  1.3260244e-01
  2.6619257e-03
  1.2424732e+00
  6.5866226e-01
  3.2305762e-01
 -8.7740496e-02
  2.3539853e-03
  4.1231376e-01
  7.0974515e-03
 -6.6499896e-03
 -1.5171348e-03
  2.1114500e-02
  5.6653442e-03
 -1.7530292e-03
  6.0822973e-03
  4.8697701e-05
 -1.4846863e-03
  9.9625427e-04
 -1.6607529e-03
  7.5458721e-03
  2.9856097e-03
  2.0350043e-03
  8.0596358e-03
  5.6090541e-03
  5.6197946e-03
 -1.5844142e-03
  4.2536990e-03
  2.3430092e-03
  2.0971477e-03
 -3.7756360e-03
  1.8348473e-03
  1.2108255e-01
  1.8499084e-01
  2.9152382e-02
  3.4925803e-03
 -3.0223476e-02
  9.9242409e-04
  6.0803010e-03
  1.0729282e-03
  1.5584822e-04
  5.0883950e-04
 -3.0939220e-03
 -2.7965226e-03
  4.8415679e-03
  1.0413477e-02
 -1.6436646e-02
  7.1933784e-04
 -3.0019585e-02
 -8.6243935e-03
 -2.0321505e-03
  1.6809981e-03
 -3.4982436e-03
 -2.8788096e-03
  9.9384889e-04
 -8.7114936e-03
 -1.3889044e-03
 -2.0227346e-04
  1.6280144e-03
 -1.4715057e-03
 -3.7468318e-03
 -2.3439061e-03
  2.1879363e-03
 -3.9879434e-02
 -1.3058859e-01
 -7.5081765e-04
  1.5670156e-02
 -2.1076552e-03
  1.0133375e-03
  6.7482426e-05
 -4.2087468e-03
  1.5542428e-02
 -2.9089137e-03
  4.1254149e-03
  3.0281825e-03
 -1.6921815e-03
 -3.8754779e-01
  2.4037543e-03
  3.0405568e-03
 -1.7833939e-03
  2.8942249e-04
 -2.5994724e-04
  5.2407389e-03
 -2.4079359e-03
  4.4529408e-02
 -1.3898006e-04
  1.6998664e-03
 -6.5395253e-04
  1.0758998e-02
 -3.6411937e-03
 -4.1294829e-03
  1.5180556e-02
  1.0090888e-02
 -1.5950380e-01
 -5.1241493e-01
 -6.1610669e-01
  1.8916745e-01
 -1.1217272e-02
 -6.3864421e-04
 -1.1614926e-01
 -1.0117911e-03
  7.2739772e-03
 -4.9442747e-03
 -6.1494927e-03
  5.1189857e-03
 -1.6690465e-02
  2.0882729e-02
  5.8856043e-05
  1.2037444e-02
 -1.2125918e-01
  1.3935568e-03
  3.1298504e-03
  5.6765894e-03
  2.2296768e-03
 -3.0419312e-03
  3.7103582e-03
  2.8585414e-03
 -1.2029568e-03
 -5.7934079e-04
  5.3362179e-01
 -5.0730822e-03
  4.7774389e-03
 -2.6951334e-03
  3.6604938e-03
 -2.9058038e-04
  1.6570643e-01
  1.0474162e-03
 -4.1002613e-03
 -8.6265085e-03
  2.2701190e-03
 -2.6281327e-03
 -4.2940499e-03
 -2.0137703e-02
  2.4078035e-04
  1.2427464e-02
  7.3089781e-03
 -1.5083132e-03
  2.4227144e-03
  2.4144126e-02
 -1.6039476e-02
  1.9354163e-03
 -5.2242973e-03
  2.8274518e-03
 -5.2776383e-03
  2.9845065e-03
  1.7563512e-03
 -2.9098836e-03
 -4.0862884e-04
 -5.7058032e-03
 -6.2312587e-04
  1.1777204e-02
 -2.9391716e-03
  9.1490392e-03
 -1.9185606e-01
  8.1585879e-03
  8.0421957e-04
  2.9820415e-01
  2.9513719e-03
  2.7992712e-02
 -7.4485242e-03
 -2.4573060e-03
  1.9276449e-03
 -3.0285018e-04
 -2.2918856e-02
  1.5795559e-02
 -1.1829455e-02
 -1.2550252e-02
  8.3757881e-03
  6.5490035e-03
 -4.7474368e-03
  9.9371606e-03
  8.8988039e-05
 -1.6466545e-02
  9.0456670e-03
  3.5291091e-02
 -4.5310645e-03
 -2.6820786e-03
  2.0222266e-03
 -8.1534556e-04
  9.9957408e-04
  1.5539908e-02
 -2.7362301e-03
  1.8310692e-04
  7.7350639e-02
  1.0999856e-03
  8.1300713e-02
 -1.1305891e-02
 -3.8166833e-03
 -1.4757527e-02
 -3.0626024e-03
  1.2284819e-03
 -2.4309123e-03
  5.8469418e-03
  7.3313588e-01
  6.1333547e-03
  4.1474458e-03
 -4.0124908e-02
 -1.7947261e-03
 -2.8225842e-03
 -6.6267606e-03
 -1.0482174e+00
 -7.0685549e-03
  7.7193428e-04
  7.1566654e-03
 -6.6338253e-04
  4.8534307e-03
 -2.0073480e-03
  8.1291419e-01
 -4.6939573e-01
 -3.5603417e-03
 -4.4422164e-03
  3.3402056e-03
  1.5320255e-03
 -1.4515168e-02
  2.1281554e-05
  7.1304005e-01
 -8.7327525e-02
  2.2889753e-03
  2.8497769e-04
  2.1756960e-03
 -1.8730275e-04
 -3.6484872e-03
  1.1988493e-04
  1.3882610e-03
  3.5932178e-03
 -2.1549128e-03
 -1.6612399e-04
 -4.3304311e-03
 -6.2064379e-03
  9.4145944e-04
  1.4234337e-03
  2.8133512e-05
  3.4353817e-03
 -7.7117777e-01
  5.6783985e-02
  1.1836963e-03
  3.2694051e-03
 -4.8172888e-03
 -3.6650265e-03
 -7.7401451e-04
 -9.1556535e-04
 -5.7309293e-03
 -4.7350407e-04
 -9.8491239e-04
 -6.1009061e-01
 -7.3582120e-02
  8.1025563e-02
 -7.7038333e-03
  7.9960907e-03
 -1.2473099e-02
 -3.0416874e-03
  8.5329969e-04
  1.8381518e-03
 -2.2663759e-02
 -3.8180111e-03
  9.1304267e-03
  7.9294462e-03
 -3.0714488e-01
 -1.9446314e-04
  8.2210649e-04
 -1.2150086e-02
 -8.9007691e-03
  2.7918492e-03
 -3.2610139e-03
  4.2674243e-03
 -4.7730249e-03
 -1.5071830e-03
  1.5994246e-03
 -2.6299143e-01
 -6.0652825e-03
 -2.1382792e-04
 -4.5720455e-03
  5.6419293e-03
  1.8115349e-01
  4.3393549e-01
 -5.8659356e-02
  1.3809934e+00
 -4.2274099e-02
  4.1598395e-02
 -5.3396791e-01
 -1.1207664e-03
  7.8219354e-02
 -1.3430497e-02
 -5.5568777e-02
  2.1808857e-02
 -7.3492207e-02
  3.3422604e-01
  1.1564820e-03
 -1.5838794e-01
 -2.2630566e-01
  1.4041007e-01
  3.3288121e-01
  1.2458698e-03
 -4.6199583e-02
  4.5731491e-01
  9.5448522e-03
  9.2414945e-02
  2.7759986e-03
  2.9156765e-02
 -1.5840605e-01
  6.6185328e-03
 -2.9835498e-03
  1.1054478e-01
 -9.1596462e-02
 -1.9885182e-01
 -4.9890224e-02
 -3.4989636e-02
 -4.1374272e-01
 -1.5488175e-01
  6.6397792e-01
  1.5183373e-01
 -1.1005162e-01
  2.8767399e-03
  3.0035180e-01
 -1.4922412e-01
  1.0562904e-01
 -7.9740092e-02
  3.8474742e-03
 -6.4754200e-01
  3.8834652e-01
 -8.9464858e-03
 -8.0118522e-02
 -3.0464195e-03
  1.1188938e-01
 -4.7432885e-02
 -1.3199414e-01
 -1.6709106e-02
  1.2744934e-04
 -2.6606852e-03
  3.5836428e-02
  4.3946374e-03
  2.8293314e-03
 -7.1162891e-01
  7.9171222e-01
  3.3922756e-01
  2.8922846e+00
 -1.1239372e+00
  1.3252164e-02
 -8.5682660e-01
  7.6336378e-01
  4.3713029e-02
 -1.0896500e-01
 -1.5981843e-03
 -1.8834407e+00
  9.7512859e-01
  5.6352997e-01
 -6.9939798e-01
 -8.9073731e-03
 -1.2209388e+00
  1.6161567e+00
  4.4967005e-01
 -7.3135900e-01
 -8.3641656e-02
 -4.0142089e-01
 -7.4142148e-03
 -1.0721303e-03
 -1.1702555e-03
 -5.0371750e-03
  1.5393222e-03
  7.7601865e-02
 -6.8706279e-03
  6.7641807e-04
  3.8812456e-01
 -3.0559250e-03
  6.6501489e-03
  1.2030441e-03
 -2.9956943e-03
 -2.3097889e-03
  1.8058147e-03
 -3.2190348e-03
 -3.7041592e-04
 -5.4678405e-03
 -2.3679751e-04
 -4.1128872e-03
 -4.1097347e-03
  2.2805191e-03
 -5.7737529e-04
 -6.2931539e-03
  1.9772534e-04
 -6.8081748e-03
 -3.7802639e-03
 -1.8166023e-03
 -2.9137924e-03
 -3.5458014e-03
 -9.0394530e-04
  3.9018632e-03
  1.2214298e-03
  9.9917711e-04
  3.2968826e-03
  3.1216843e-03
  2.9533943e-03
 -2.9100783e-03
 -1.4166856e-01
  1.5540211e-01
 -1.6471003e-01
  3.7648785e-01
 -4.6407413e-01
  3.8893647e-03
 -3.2560036e-03
  3.7330661e-03
  7.3124920e-03
 -1.4525428e-02
 -1.8757842e-03
  8.3876606e-03
 -3.7960887e-03
 -2.7647850e-03
 -1.7516140e-02
 -6.9835545e-03
  8.0894725e-03
  1.1371086e-02
 -1.2355438e-02
  1.3213857e-03
 -2.2010054e-03
  9.0398046e-04
 -5.3297170e-03
 -7.9937289e-03
 -2.0679412e-03
  5.1047774e-03
  3.0940410e-03
  1.3783579e-02
 -8.7724125e-04
 -5.0461101e-03
  6.5362465e-04
  1.9120912e-03
  3.5639021e-03
  5.0130999e-03
  1.9414719e-03
  4.7956815e-04
 -1.3608769e+00
 -4.2778049e-03
 -2.1045331e-03
 -2.3689177e-03
  1.5957894e-02
  4.6206149e-03
 -5.2308929e-03
  1.1268504e-01
 -1.1569150e-03
 -1.1468758e-03
  2.0905421e-03
  2.2572456e-01
 -3.2230632e-03
 -2.8606685e-04
 -2.1806194e-03
 -3.8972981e-03
  4.8892689e-04
 -6.7175608e-03
  2.2411530e-03
  6.1958637e-03
  7.0473894e-02
  2.8897914e-01
  3.8640182e-03
  2.8298786e-03
  1.1813673e-01
  7.7135593e-01
  7.9642278e-01
  3.1802055e-01
  9.3605870e-01
 -1.8281296e-02
  1.1995977e-02
 -9.2718273e-01
 -3.9072116e-03
  2.5213191e-01
 -1.1980673e-01
  5.1878583e-01
  4.6256155e-02
  1.0363219e-03
  6.4477569e-01
  1.8143801e-03
 -4.7785294e-01
 -2.4178712e-02
  6.1449885e-01
  2.0394754e-01
 -1.6807201e-03
  2.7763529e-03
  1.3404059e-01
  5.4625827e-01
  1.6171852e+00
  7.7454145e-03
  6.5051285e-03
 -2.8522098e-02
  2.5283026e-02
  1.1216231e-03
  4.2985991e-04
  4.1074897e-03
 -4.9908245e-01
  1.9895351e-02
 -5.9519285e-01
 -4.3449656e-04
 -1.4876476e-03
  1.2015947e-03
 -1.7415891e+00
 -2.4738796e-02
  8.3008055e-03
 -6.1874226e-04
 -1.1590526e-02
 -1.9665773e-03
 -1.8075965e-02
  1.7982277e-01
 -5.5799924e-04
  1.9434656e-03
 -2.4664819e-03
  1.1218559e-02
  5.2332846e-03
  1.6985943e-04
 -7.5511058e-04
 -4.9140519e-03
  4.4793664e-03
  7.2251987e-03
  1.3077716e-04
  4.9914671e-03
 -3.9475909e-03
 -1.1344716e-03
 -1.3388246e-02
  2.3609344e-02
 -7.9676710e-02
  6.9032251e-03
 -3.7535167e-01
 -2.7565286e-03
 -4.4453992e-03
  6.0247438e-04
 -1.6691986e-03
 -3.8403783e-03
  2.3639235e-03
  9.0333642e-03
  2.7256901e-03
 -8.3463994e-04
 -9.4453134e-03
 -3.2232633e-01
  3.0268414e-03
 -3.8914738e-04
  1.6811703e-03
 -1.1535728e-02
  8.1161351e-04
  2.0710821e-03
 -1.2593924e-02
  3.5532962e-03
 -5.6956857e-03
 -5.1467614e-03
 -1.5019819e-03
 -2.2915378e-03
 -5.4917256e-03
  5.2281865e-03
  2.4093133e-04
  4.1889581e-03
 -2.9465803e-03
  5.0187949e-03
 -1.2272381e-02
 -2.1804918e-03
  1.2363798e-03
 -3.8822065e-04
  4.1125193e-03
  6.0284282e-03
  2.9953017e-03
 -1.4728890e-03
  1.7390994e-03
 -5.2935514e-04
  6.7458197e-02
  2.2441829e-02
  2.3402001e-03
 -7.6948752e-04
  1.1914070e-02
  9.0931309e-03
 -3.1586771e-03
 -2.1229368e-03
  1.1120335e-02
  8.6994022e-03
  1.8541717e-03
  2.7169466e-03
 -2.8386423e-03
 -7.1955356e-03
 -1.3288402e-03
  4.5424453e-03
 -8.1544332e-03
  1.3930762e-01
 -2.3116808e-01
  2.1095103e-02
 -6.9150531e-01
 -2.8446950e-03
 -4.7197952e-03
  4.7116928e-02
 -5.4349708e-03
 -6.5015960e-03
  1.0172785e-03
  1.0460565e-01
  1.8930902e-03
  1.7620837e-03
 -7.2191539e-04
 -7.1727168e-03
  2.6714965e-03
  7.8445068e-03
  4.4083404e-03
  2.1535119e-03
  3.4423829e-03
  6.6322494e-01
 -7.0451219e-03
 -1.0715639e-02
  9.0989500e-02
  2.8816236e-03
 -1.4715825e-03
  4.4979905e-03
 -1.1300504e-04
 -1.2972011e-03
 -6.3545411e-03
 -9.9371696e-01
 -4.2159364e-04
 -7.9510115e-02
 -6.0954052e-03
  5.3069385e-04
  1.3330620e-03
 -6.7335661e-03
  2.0774000e-03
 -1.0074956e-02
  1.0048946e-03
  3.0803165e-01
 -4.1317409e-03
  1.8071939e-03
 -2.4847026e-04
  1.8064687e-03
 -3.9339516e-01
 -1.6889086e-03
 -6.6777796e-01
  3.9894278e-03
  7.4978522e-03
  4.2286217e-03
  1.1241660e-02
  9.9232327e-04
  5.4403342e-04
 -8.7208776e-03
 -5.8425143e-03
 -9.3192142e-03
 -2.2264058e-02
 -4.1127759e-03
 -2.0802760e-01
 -7.2903651e-01
 -1.0107417e+00
  7.2576678e-01
  5.8053744e-01
 -6.2185258e-01
  5.1464204e-02
 -6.1275727e-01
 -1.6753806e-02
  1.5656669e-01
 -1.0388980e-01
 -4.9855831e-01
  1.1804613e-02
 -2.7377310e-01
  5.1175766e-02
  9.4454654e-02
 -5.6341678e-01
 -3.2866176e-02
  1.7410232e-01
 -1.5415494e-01
  3.7358638e-03
 -5.5507861e-02
  4.0233311e-01
  2.8944078e-01
  9.5711924e-02
 -4.7117705e-03
  7.1712151e-02
 -1.3233589e-01
  2.1690488e-02
  3.0672292e-03
  2.7887481e-01
 -4.2040536e-01
 -2.1626067e-01
 -9.6161962e-02
  7.4097019e-01
 -1.1154995e-02
  5.6444891e-03
 -7.3137951e-01
 -3.4190062e-03
  2.0031963e-01
 -7.3424555e-02
 -4.1325110e-01
  7.9618208e-03
 -2.7259611e-02
  9.1803007e-02
  1.3607983e-02
 -2.4845532e-01
 -2.5841570e-02
  4.2548079e-02
  1.5196249e-01
  1.1252326e-02
 -3.1226804e-03
  9.5527060e-02
  8.1023425e-02
  9.2375331e-02
  2.0270633e-02
  1.1203971e-02
 -6.8658821e-02
  2.1349818e-02
 -2.4321561e-03
 -1.1593533e-01
 -2.8712621e-01
  2.0735520e-03
  1.0903250e+00
  9.5543361e-01
 -7.6247044e-03
  1.2129894e-02
 -1.6192342e-01
 -5.3898473e-03
  1.2321713e-03
 -3.8102909e-03
 -4.8144538e-02
  5.7385833e-04
  1.1422802e-04
 -3.8571912e-03
 -4.7823926e-03
 -5.4524408e-04
 -6.9109700e-04
  1.1093092e-02
 -1.2360928e-03
 -7.4147196e-03
 -1.5244427e-02
  1.4168780e-03
  3.1246701e-03
 -3.5386770e-03
  8.2170492e-04
  1.4832093e-03
 -2.2987058e-02
  8.7770056e-03
  5.9799216e-04
 -5.7977508e-03
 -1.1071613e-03
  1.2265804e-03
 -2.0979871e-03
 -4.3212716e-03
 -1.3546544e-03
 -2.9798504e-04
 -1.4552125e-03
  1.1880534e-02
 -6.7729149e-03
 -3.5776668e-03
 -3.6413426e-04
 -1.3344227e-02
  5.7774910e-04
 -1.0880230e-02
 -1.9615822e-04
 -5.0942269e-03
  2.3003747e-03
 -2.3837565e-03
 -1.7438044e-03
  5.3565418e-03
  8.4691467e-03
 -3.7824463e-03
 -1.3778018e-03
  4.1676802e-03
  2.2306512e-03
  4.6304322e-04
 -7.8413717e-04
  1.5222677e-02
 -5.6267972e-03
  1.5370683e-03
 -1.9791967e-03
  9.0307015e-04
 -2.2994876e-03
  4.3547251e-03
 -4.1938424e-03
 -3.0171270e-03
  1.6079724e-02
 -1.5096503e-03
 -1.3058785e-04
 -2.5429435e-03
 -8.2592349e-03
  4.5191523e-04
 -3.5632430e-03
  7.2225765e-04
 -8.4776094e-04
 -7.1840268e-03
  1.1003077e-03
 -3.0470695e-03
  1.7696653e-03
  8.4298727e-04
  1.5467011e-03
  3.3641348e-03
 -2.5415649e-03
 -2.8525968e-03
  7.0333034e-03
  4.0309951e-03
 -1.6058672e-03
 -6.8235886e-03
 -7.2138704e-04
 -2.2595271e-03
  2.3953004e-03
  4.6206365e-04
 -1.7677439e-02
 -7.3347841e-03
 -1.2134225e-03
 -9.8658865e-04
 -7.4070469e-03
 -1.0331891e-03
 -2.4012174e-03
  3.9091194e-03
 -5.4889945e-03
 -2.2799138e-03
  3.1543570e-04
 -4.6209953e-04
  1.0486877e-02
 -2.3007186e-03
  9.8550248e-05
 -1.1674400e-03
 -4.5197341e-03
  1.9791995e-03
 -8.2545569e-03
  2.5235703e-03
 -2.9619059e-03
 -1.0271251e-03
  3.9520347e-04
  6.4469050e-03
  6.2108197e-04
 -5.4790340e-03
 -3.6765926e-03
 -5.7953864e-04
  1.7148753e-03
  6.7970268e-03
 -1.0738742e-03
 -4.4842507e-04
  4.4378815e-03
 -3.6914991e-03
 -3.7358585e-03
  1.3470750e-03
 -8.7835357e-02
 -3.1807143e-03
  9.7319299e-01
 -4.4242772e-03
 -2.5336936e-03
  6.9814268e-04
 -3.6652925e-04
  1.7853614e-03
  5.8066971e-03
 -4.2497553e-03
  8.3394448e-04
  2.3592706e-03
 -5.7996451e-03
  1.0528894e-03
  2.6079393e-03
 -7.1751111e-04
  5.2307299e-05
  7.1553345e-04
  3.6537957e-03
  7.9230629e-03
  4.8292984e-04
 -5.4679657e-03
 -1.5710838e-02
  4.6315807e-01
 -6.6463882e-01
 -4.3583054e-02
  4.8689791e-03
  2.0166265e-03
  1.9188099e-02
  3.3900015e-02
  8.9243118e-04
  7.9586427e-04
 -3.1978133e-04
 -1.3837436e-03
 -3.8880685e-01
  5.0501097e-03
  1.1711246e-03
  5.0848681e-03
 -1.5797807e-03
  4.4203526e-03
  5.0766324e-03
 -7.6321727e-03
  1.0843765e-02
  1.8054700e-03
 -9.2948310e-04
  1.9057323e-03
  3.9253412e-03
  6.3577080e-03
  3.0430738e-02
  8.9980441e-04
 -6.8386586e-04
  1.7105286e-03
 -2.0432597e-01
  3.2349229e-01
 -1.5559080e-01
  1.8714881e-01
 -4.0831747e-03
  1.3553187e-05
 -1.2432324e-02
  4.1595890e-04
  9.1092903e-03
 -3.2903824e-04
 -2.6509752e-03
  4.5203916e-03
  6.1624992e-04
  1.9814371e-04
 -7.2603306e-04
 -1.2651689e-03
  1.7343659e-02
 -1.5729275e-03
  2.1481076e-03
 -5.7490781e-02
 -7.1432383e-04
  6.9893100e-03
  9.0670073e-03
 -1.4138571e-03
 -3.5293375e-03
  4.3445066e-04
 -1.4878751e-03
  8.2051279e-03
  2.1184513e-03
 -2.3531392e-03
  8.0712035e-02
  2.6127307e-03
 -2.2380218e-01
 -9.1614332e-03
  1.4947653e-03
 -2.0493718e-03
  6.9512688e-03
 -2.0284404e-03
 -4.1190377e-01
  3.0722308e-01
  9.9555326e-01
 -2.6109905e-03
 -7.1230372e-03
 -3.1436188e-03
  1.2422361e-01
 -6.0849375e-01
  6.1376926e-02
 -1.3257386e-03
  7.8298353e-02
 -1.9008759e-03
 -4.4769654e-01
 -6.1177611e-01
  5.1076233e-01
 -7.4427939e-05
 -1.8851713e-03
 -6.0340175e-03
 -4.5169326e-03
 -5.5251658e-02
  3.9893550e-01
 -1.3558240e-01
 -1.2862681e-01
  2.0080243e-01
  7.4729717e-01
  9.8899893e-02
  3.5347965e-01
 -3.1200957e-01
 -1.4274450e-01
  2.7590883e-01
  1.2741928e+00
 -1.0482526e+00
 -1.4213028e+00
  1.9930704e-02
 -4.9173972e-01
 -4.7126405e-02
  1.0585283e+00
 -3.5895967e-01
 -2.5717151e-01
  3.6723496e-04
 -4.1078353e-01
 -5.1878109e-03
  1.4117695e+00
  9.0462083e-01
  3.9704692e-01
  1.6866173e-03
  9.7227795e-03
  4.2775043e-04
 -8.2850315e-02
 -3.5953361e-01
  2.3848809e-01
  1.0575094e-03
  2.9219433e-03
  3.0529858e-03
  2.3601332e-03
  5.1079867e-03
  3.1581752e-03
 -1.8864767e-04
  1.8706352e-03
  2.8204697e-04
  5.1669119e-04
 -6.0443603e-03
 -7.6469998e-03
  1.1999337e-03
  5.3126286e-03
 -1.1707287e-02
 -5.0014160e-03
 -2.0604779e-03
  3.8494584e-03
  3.5989666e-03
 -5.6610815e-03
 -1.1724458e-03
 -4.3332838e-03
  4.8835005e-05
 -3.0871436e-03
 -6.2112944e-05
 -6.5282453e-04
  4.3144221e-03
  8.3948206e-04
  1.2812854e-03
 -3.9389651e-04
  4.6551540e-02
  9.7232677e-02
 -4.1313148e-01
 -2.6712572e-02
  1.0077125e-02
  5.1588607e-01
  3.2302192e-03
  1.3421528e-02
 -6.3703455e-02
 -8.2693109e-04
  1.1847789e-01
 -5.5942677e-02
 -1.6585597e-03
  1.3592546e-01
  2.3428045e-01
  2.8935066e-01
 -4.1453481e-02
 -1.1222255e-02
  1.8510602e-02
  2.8560039e-01
  1.2262264e+00
 -1.9227941e-02
  9.9188499e-03
  5.5890089e-01
 -4.3168955e-02
 -1.8380119e-02
 -3.7113499e-02
  2.3664029e-03
  1.0746744e+00
 -7.0364778e-03
  1.8543825e-02
 -4.2821383e-03
 -1.0637054e-03
  9.8321317e-03
  2.7662544e-03
 -9.4491709e-03
  1.0003862e-02
 -7.3905298e-03
  8.3357580e-03
  8.7882654e-04
 -1.5019398e-03
 -3.1077594e-03
  1.8298833e-04
 -1.7492509e-01
  2.8790149e-01
 -6.1947835e-04
 -1.6825076e-03
  4.9760463e-03
  5.5104964e-03
 -3.3626033e-03
 -2.9499424e-03
  3.9290366e-04
  1.4360653e-03
 -1.4930258e-03
  1.4496406e-02
  5.1610796e-03
  1.3499996e-03
 -2.4261898e-03
  4.1540130e-03
  7.9607370e-04
 -5.5195063e-01
 -1.9228911e-02
  6.4115435e-01
 -3.6829019e-01
  1.9335686e-01
 -6.2869266e-02
  1.0284719e-02
 -1.4716241e-01
 -5.8350369e-02
 -1.0892110e-01
 -9.4964560e-03
 -4.4576976e-02
 -5.2943248e-03
 -1.4084961e-01
  7.3890935e-04
 -1.3637574e-02
  8.9719737e-01
 -1.2810645e-03
 -1.1242568e+00
 -1.4057206e-01
 -5.6771898e-01
 -9.8014865e-03
  7.1937399e-04
 -7.9411346e-01
  1.0307699e-02
  1.8622880e-03
  8.0539644e-02
  1.7843262e-03
 -7.0213107e-03
  2.6433154e-03
  1.3958445e-02
  2.4056868e-03
 -2.5384154e-02
  5.9134401e-03
  5.1574176e-03
  2.0564240e-03
 -3.2807328e-03
  2.0564839e-03
  1.7257266e-03
  1.2492598e-03
 -4.1096769e-03
 -2.7974215e-03
  2.0402223e-01
 -9.0126315e-04
  3.3149181e-03
 -4.7271093e-03
 -3.4465067e-04
 -5.5660526e-03
  6.0570589e-03
  1.7867113e-03
  1.2407676e-02
 -5.8137835e-03
 -1.9323342e-03
 -2.9495824e-03
  1.6786155e-04
  5.5691536e-04
  4.8760599e-03
 -5.0128656e-03
 -4.7998363e-03
  2.1768864e-03
  2.9608059e-01
 -2.4560827e-01
  1.3909775e+00
 -2.3133948e-03
 -1.0262532e+00
 -2.3354664e-01
  4.9894308e-03
 -5.5881478e-03
  1.6222914e-01
 -7.5699517e-04
 -1.0180156e-02
  5.5470759e-01
 -4.2659352e-03
 -4.4184527e-03
  2.1210522e-03
 -3.4596288e-01
  1.2217376e-01
  1.5282362e-02
 -2.2858922e-01
  3.6755249e-02
 -2.2865318e-02
  6.6772994e-04
 -5.1710551e-04
  3.3222136e-01
 -8.8223025e-02
 -8.1280043e-04
  6.5529317e-02
 -1.0183870e-02
  7.6034446e-03
 -1.8318892e-02
 -4.3698321e-03
  3.2075464e-03
  1.7593595e-03
  3.4317435e-04
  6.8331105e-03
  1.1607122e-02
 -1.5967690e-03
 -2.5832378e-03
  7.7544819e-03
  8.0078430e-03
  4.7049197e-04
 -3.9835263e-02
 -6.5126894e-03
 -1.1020007e-02
  4.3452987e-03
  1.1534763e-04
 -7.3795924e-03
 -1.1577130e-02
 -1.4470095e-03
 -2.9236404e-03
  1.1179805e-03
 -2.8925809e-01
 -3.2064856e-03
  7.4841874e-03
  3.8649586e-03
 -3.4487573e-04
  3.2400368e-03
 -7.5288850e-04
  4.7934218e-03
 -6.4104062e-04
 -1.8027151e+00
  2.1736977e+00
  1.4080769e+00
  4.0533963e-01
 -7.0385396e-01
 -1.8171282e-01
 -2.7410120e-02
 -5.0036263e-02
  9.4790870e-01
 -7.1105003e-01
 -2.9602525e-01
 -2.8703768e-02
 -3.2568846e-03
 -1.8610372e-01
 -1.5038840e-01
  2.3692374e-01
 -1.0273880e+00
  1.0840355e-01
 -2.8697652e-01
  2.3162028e-01
  9.4259724e-02
  6.6765420e-02
  5.6094448e-03
 -2.2219444e-02
 -1.6275005e-01
  8.9437850e-03
 -4.2494428e-01
  1.4169283e-03
  3.1928566e-01
 -1.1373768e-02
  2.9987848e-01
 -8.1842400e-02
  1.9014302e-01
  1.4173436e-02
  3.9700079e-03
 -1.7330344e-01
  7.9583004e-03
  5.9642456e-03
  1.3507730e-03
 -2.6845753e-03
  1.8323940e-01
  1.1936634e-02
 -2.3733893e-02
  2.3706960e-03
  1.4933548e-03
 -2.6423255e-01
  7.0876293e-03
  1.7228044e-04
  5.4463446e-03
  1.4058562e-01
 -1.4594114e-01
  8.6804815e-03
  7.8681437e-03
  9.0276003e-02
  3.1190697e-02
 -8.8109410e-01
  2.3539555e-04
  6.9565261e-03
  6.7171338e-03
 -1.8192425e-02
  1.1302946e-03
 -5.2721826e-03
  4.7451472e-03
  1.2695867e-03
 -1.9087174e-03
  8.8944636e-02
  4.8500448e-03
  4.4006910e-03
  2.2331534e-04
 -1.4021377e-03
  2.6771487e-04
  3.5833928e-03
 -1.1746222e-02
 -4.5298720e-03
  1.2614246e-03
  3.1612720e-03
  4.7454215e-03
 -2.4780906e-03
 -2.6668294e-03
 -1.3367962e-03
  2.8850692e-03
  5.9910683e-04
 -2.6385142e-03
 -3.4145609e-04
  1.5122794e-03
 -6.9357543e-03
  1.3507497e-02
  4.1360932e-04
 -2.7200978e-03
  2.3498740e-02
  3.4579861e-01
  4.1767564e-03
  3.9242584e-02
  6.4228143e-04
 -1.8854818e-01
 -8.1480769e-03
  5.0923405e-03
 -3.6450187e-03
 -3.2292893e-03
  4.5166239e-03
 -3.4570631e-03
  2.2479994e-03
 -1.9797251e-02
 -4.3870215e-03
  3.9186380e-03
  9.0773953e-03
  8.2389178e-04
 -4.6299994e-03
  2.8384615e-02
  2.3498541e-02
  2.7338008e-03
  2.2064247e-03
 -8.7423157e-04
 -1.0917919e-03
  5.5695656e-03
  7.3795407e-03
 -6.7238475e-04
  5.3026903e-02
  1.5365401e-04
  4.4687698e-03
 -9.6614397e-01
 -1.4511184e-03
 -7.8983102e-03
 -1.2274378e-03
  5.8385921e-03
  3.5287462e-02
  1.8036005e-03
  2.0970001e-04
  8.0551393e-03
 -7.6504074e-02
  3.1775411e-03
 -2.6785142e-03
  7.6622708e-04
 -6.0121022e-04
  1.0070984e-03
  4.0170057e-03
 -1.6615999e-01
  5.5737756e-03
 -2.5341392e-03
  5.5469526e-03
  1.0640873e-04
 -1.3554263e-03
  2.5474315e-04
  1.8472529e-03
  1.8946745e-04
 -1.9264995e-03
  3.3996517e-03
  7.3461546e-05
  8.1788650e-04
  4.7372031e-04
  1.7335111e-01
 -4.3177814e-03
  9.1740140e-04
  7.0699686e-01
  2.0579925e-01
 -7.8337351e-03
 -1.2514415e-03
 -2.0450475e-03
 -7.0631392e-03
  6.7644166e-03
 -2.2143195e-03
 -1.4522372e-04
  1.7585499e-03
 -5.7036323e-03
  6.7676296e-03
  1.1774416e-03
  3.6892367e-03
  4.1847550e-03
  1.6648549e-03
 -5.4649580e-03
  7.8099662e-01
 -6.2771519e-03
  6.8097622e-03
  1.2581764e-03
 -2.9818153e-03
 -4.9324953e-03
  4.7242260e-03
 -7.1645956e-03
 -3.7677634e-01
 -7.4820784e-03
 -4.5234291e-03
  8.6512351e-03
  7.0599228e-02
  3.2725492e-03
  6.4601977e-03
  1.0581907e-03
  3.9540194e-03
  2.7695056e-03
 -1.2179964e-03
 -5.4734740e-03
  4.2612310e-03
 -5.6773601e-03
  6.7806370e-03
  6.1493940e-03
  1.2646992e-03
 -1.6455897e-03
 -1.9150609e-04
 -9.2065905e-04
 -2.3684661e-04
 -1.9586319e-04
 -9.8734666e-03
  1.0437458e-03
  9.3770977e-03
 -3.4281984e-01
 -1.7419195e-01
 -1.6532235e-03
 -5.5830859e-02
  2.0255211e-03
  1.9799978e-03
  2.5931026e-03
 -2.1758602e+00
  1.4787878e+00
  3.5258925e-01
  4.2633957e-01
  5.5520266e-01
 -4.0245456e-01
 -2.7200073e-01
 -1.8052607e-03
  5.0540006e-01
 -1.1945179e-02
  8.5173163e-04
 -1.6143478e+00
  1.1406148e-04
  7.3695958e-01
 -2.4737053e-01
 -1.1171537e-01
  5.4479825e-01
  1.6812220e-01
  1.2842168e+00
 -7.2998369e-01
 -2.2226511e-01
 -9.9592637e-03
 -9.8337075e-03
  1.7302227e+00
 -4.5257011e-01
  1.7346269e-03
 -9.1104480e-03
  2.0367114e-03
  3.3987546e-01
 -7.8334454e-03
 -7.4059435e-04
 -2.2827543e-03
  6.1483248e-03
 -1.0422239e-03
  2.5235288e-04
  5.7376358e-03
 -3.8655074e-03
 -4.5289230e-03
 -3.0951910e-03
  2.1896553e-03
  2.4588623e-03
  1.7632183e-03
  1.1360160e-03
 -3.8317722e-04
  2.5575582e-04
 -1.2880185e-03
 -2.1567934e-03
  7.1668914e-03
 -4.4366834e-03
  1.8960341e-03
  1.4757920e-03
 -2.2555664e-03
  1.8822072e-03
 -3.4227546e-03
 -1.7809963e-03
 -6.5495900e-04
 -1.1811422e-03
  5.4227808e-03
 -1.3012870e-02
 -3.0908344e-04
  2.1917801e+00
  8.1685334e-03
  2.7459171e-03
  1.0854339e-02
  9.8002860e-03
  1.0832636e-02
 -2.7182603e-05
  1.0489735e-02
 -4.0578800e-03
 -8.5055328e-04
  8.6743850e-04
 -4.1806939e-04
 -3.4423189e-03
 -4.0599643e-03
  3.6077374e-03
  1.2060798e-03
 -3.3939892e-04
 -3.2021906e-04
 -1.7742865e-01
 -4.7990194e-04
  4.6967072e-03
  1.5098441e-02
 -2.1144452e-03
  2.2867298e-02
  1.6120089e-03
  3.8498545e-03
 -7.3746517e-02
 -1.2982014e-03
 -1.1266705e-04
 -5.0733060e-01
  7.2652996e-01
  3.2287303e-03
 -6.4130551e-03
  9.9858223e-03
 -5.7682776e-01
  4.1342799e-02
 -2.7590166e-03
  1.2690177e-03
 -1.3323419e-03
 -1.2740500e-03
  2.2269699e-03
 -3.7663896e-05
  2.2480468e-04
 -1.0582253e-03
  2.7991687e-03
  9.0992168e-02
 -3.6940884e-02
 -1.5467969e-03
 -5.0148107e-02
 -1.6788423e-01
  9.0910345e-03
 -5.5326953e-05
  3.2345071e-03
 -1.5981514e-02
 -4.4971579e-03
 -7.3709339e-04
 -5.6075607e-03
  1.9457249e-04
 -1.2015242e-03
 -3.1425648e-03
 -5.6274962e-03
 -4.3469557e-01
  1.2757952e-02
 -1.1495536e-02
 -1.2962710e-03
 -8.2008708e-03
 -4.2099576e-04
 -7.5379148e-04
 -1.2010118e-03
  2.6455396e-03
  9.4341044e-04
 -4.6250564e-03
 -3.8554594e-03
  2.3370888e-02
 -1.1405095e-03
  1.4543851e-03
 -3.8011351e-03
  5.1461160e-04
  4.4182491e-02
  3.4641002e-03
  2.1762503e-03
 -5.9119919e-03
  2.3342178e-03
 -8.9134322e-03
  1.7497481e-03
 -2.8910851e-03
 -1.8801691e-02
  1.3522974e-03
 -2.1026735e-03
  1.3275282e-02
  1.2584345e-01
  3.7759840e-03
 -1.9781916e-01
  3.6070864e-03
 -1.7208630e-01
  6.1291857e-03
  6.6216511e-04
 -2.1151689e-04
 -1.0905263e-03
 -2.8779083e-03
  1.6717671e-03
 -7.4262777e-04
 -1.3741108e-03
  3.8496838e-03
 -8.7718982e-03
  1.1713099e-02
 -3.0692117e-02
 -3.0489413e-05
  7.8609921e-02
 -1.9936951e-02
  1.6139815e-02
 -1.6677620e-02
 -3.6693495e-03
 -4.0298662e-04
 -3.4617307e-03
 -2.3790859e-03
 -7.3238171e-04
  2.9787028e-03
  4.1350680e-03
  2.2665812e-03
 -1.2063861e+00
  7.3251957e-01
 -3.2841840e-01
 -1.1136667e+00
 -7.5571936e-01
  2.4612731e-01
  9.8775048e-04
  6.2862918e-02
  4.1221105e-02
  2.7241674e-01
  2.3330128e-01
  4.1891921e-02
 -3.1145383e-03
  1.8466549e-02
 -9.6073620e-02
  1.3877201e-01
 -9.5524654e-02
 -7.5509839e-02
 -9.9058926e-01
 -1.6029960e-02
  4.1725296e-01
 -1.4969067e-01
 -1.0757779e-02
 -4.5423985e-01
 -4.5077875e-01
 -5.3766780e-03
 -4.4731461e-02
  4.2293826e-03
 -1.7956622e-01
  4.3631192e-02
  4.5428551e-03
 -1.6397025e-03
  3.7478095e-01
 -1.4238391e-03
  2.1316710e-01
  2.2292661e-03
 -5.9686489e-03
 -2.4874734e-03
  2.0133706e-03
  1.9438377e-03
 -2.4929415e-03
 -2.2482958e-03
  2.7222496e-03
 -8.3320150e-03
  5.3137523e-04
 -5.4863188e-03
 -9.9589692e-05
 -8.3422028e-03
  3.1391240e-04
 -1.8107351e-03
 -1.9423317e-03
  1.0208531e-04
  1.5962923e-04
  2.8152563e-02
  1.7361289e-03
 -7.4303770e-03
 -1.3226591e-02
 -2.7735834e-03
 -1.1906790e-03
 -1.2077992e-03
 -4.9120209e-01
  4.0709093e-01
  1.1631564e-01
  2.7745690e-02
  3.1504661e-01
  2.3869528e-01
  1.0197548e+00
 -2.1093113e-03
 -5.9649640e-01
 -3.5016479e-03
  3.1722948e-01
 -2.8075534e-01
  1.3649321e-02
  4.1153796e-02
 -6.0152740e-04
  3.1918797e-01
 -7.7445112e-02
 -1.5433886e-02
 -5.3283861e-03
 -5.5530053e-01
  2.1487410e-01
 -5.3995661e-04
 -2.9705085e-03
 -2.0135969e-01
 -1.9311406e-01
 -6.7990404e-03
 -1.2514049e-01
  1.0026691e-03
 -6.9353171e-02
 -1.2192140e+00
  1.0903483e-01
 -7.0267595e-02
  3.1242749e-02
 -1.9760036e-03
  2.1283670e-01
 -4.5818493e-01
 -3.2238511e-03
 -7.9652220e-03
  4.2248257e-03
 -9.5886186e-05
 -1.4144370e-01
 -1.4710395e-03
  1.5036021e-01
 -3.0660016e-02
 -4.6363147e-04
 -6.7095406e-02
  2.0324741e-02
  6.6058734e-03
 -6.0588568e-03
  6.6311203e-02
 -3.9347764e-02
  1.1054872e-02
 -3.3506684e-04
 -8.4242399e-04
  4.0692692e-03
 -3.2505051e-03
 -3.4879339e-01
  1.6933482e-04
  4.2308386e-02
 -2.9321116e-01
 -7.2007084e-01
 -5.6957835e-01
  6.7251641e-01
 -7.3834129e-02
  1.3511389e+00
 -1.1850872e+00
  3.0921880e-02
  1.7334228e+00
  6.7543902e-02
 -7.1978265e-01
 -1.1375837e+00
  4.3622911e-04
 -5.4028095e-04
 -8.9490181e-01
  1.3190956e-01
 -1.7411245e+00
  2.1280237e-01
  1.9371817e-02
 -1.2095749e-01
  7.9481207e-02
 -3.7753677e-03
 -4.2454964e-03
  1.0689091e-02
 -1.7099249e+00
  6.5370876e-01
  3.9498624e-03
 -7.3769288e-03
  2.3786461e-03
  5.7768905e-01
 -2.0728239e-03
  7.8865218e-01
  1.7982155e-01
 -6.6758911e-03
  1.3890225e-03
  1.0419691e+00
 -1.6776903e-03
 -1.1924902e-02
  4.3883862e-04
 -1.3516817e-03
  1.6017612e-03
 -8.2763406e-03
  1.8507704e-02
 -6.3672126e-03
  1.4068247e+00
 -1.0339917e+00
  1.6648252e-03
 -4.0934626e-02
  4.8660696e-03
 -6.3982594e-01
 -3.4954578e-03
  1.2573543e-03
  2.5973264e-03
 -9.8542618e-03
  1.0634656e-03
 -4.4544074e-03
 -2.5663875e-02
 -2.0841521e-03
 -1.7038648e-03
  2.4747611e-03
  9.2437235e-04
 -7.4147475e-01
  2.2591492e-03
 -4.1723149e-03
 -1.0679714e-01
  1.0604801e+00
 -8.0724928e-04
  3.9068675e-03
 -9.6527515e-03
  6.5619671e-03
  6.1455863e-03
 -4.0740790e-04
 -8.0528148e-03
 -1.2903706e-03
 -1.3633657e-03
  7.3687296e-04
 -2.7928485e-03
 -4.8027473e-04
 -1.2302285e-03
 -1.2486313e-02
 -1.0366749e-02
  5.3489478e-03
 -9.9556800e-04
 -4.8420462e-03
 -1.0639835e-03
 -4.5214179e-03
 -1.5004249e-03
  9.3240451e-05
  2.5767440e-01
 -8.0248052e-03
  4.8944063e-04
 -1.0665016e-03
  5.3887480e-01
  1.3385454e+00
 -2.2699204e-03
 -2.9077032e-01
 -4.5429784e-01
  1.6046324e-01
  2.9669376e-03
  6.5657210e-01
  2.5725781e-03
 -6.6607781e-02
 -9.6221594e-03
 -3.9561719e-04
 -2.7746393e-03
 -6.3752332e-03
 -6.6897315e-01
  2.1868842e-02
  1.2008547e-01
  5.4407924e-01
  4.7569501e-01
 -2.4906157e-02
  2.6708011e-02
  5.1115560e-03
  3.5893156e-03
  1.7291948e-02
  2.6949672e-03
 -1.5549958e-03
 -2.0005510e-03
  8.4360028e-03
 -2.2140250e-03
 -3.7333596e-02
  1.6968980e+00
 -1.9701228e-01
  1.9501558e-02
 -1.3824384e+00
 -3.5354940e-03
 -1.0924357e-02
 -3.1957291e-02
 -4.1334671e-01
  3.6914987e-03
 -1.9768944e-03
  1.0473472e-01
  6.3547785e-03
  4.3165979e-01
  4.5336175e-01
  3.2333754e-02
  1.4715591e-03
 -5.1592295e-03
 -1.3434064e+00
 -1.0921359e-01
  1.0463865e-02
  1.4793253e-01
  1.0963388e-02
 -7.4135947e-01
  1.2892134e-03
  3.2437727e-01
 -7.7063772e-03
  2.3566841e-03
 -1.6704568e-03
  7.5087411e-04
  3.9799135e-02
  3.5003975e-01
 -2.2468027e-01
 -9.2224579e-04
 -2.3996583e-01
  3.4711558e-01
 -1.6844461e-03
  4.8285153e-02
 -1.5174650e-01
  4.8091933e-03
  6.5850627e-01
 -1.1690842e-01
 -1.2391410e-03
  1.7589010e-02
 -3.9666924e-01
  3.2833597e-01
 -7.7534549e-02
 -8.2672417e-02
  1.3672490e-02
 -1.0444086e-01
  7.4617185e-02
 -1.0796751e-01
  7.7402737e-04
 -9.5370300e-02
 -9.5922634e-02
 -7.9761358e-04
 -7.8289807e-02
  9.5546490e-01
 -4.7182426e-02
  1.8999221e-02
 -2.7786184e-03
  2.5640330e-01
 -2.6470420e-03
 -1.2443163e+00
 -2.6854624e-03
  1.1315751e+00
 -4.2549199e-03
  1.0125993e+00
 -1.6220558e-02
 -5.9853081e-04
  2.0591985e-03
 -7.2115182e-04
  1.1027595e-03
  1.8227961e-02
  4.3860999e-01
  1.1627304e-03
  1.2274841e-03
  3.1316872e-03
 -1.9837166e-03
  4.3571126e-03
  1.3486437e+00
 -7.2724448e-04
 -2.8432207e-03
 -3.9117426e-01
 -1.8951585e+00
 -1.2853003e+00
  2.5594237e-01
 -2.0028656e-02
  1.4373435e+00
  4.4134881e-02
 -4.7003799e-03
  6.1104423e-01
 -5.0182737e-02
 -7.8728205e-01
 -3.2335009e-02
 -6.9017708e-01
 -3.5608122e-03
 -1.6791047e+00
 -5.5742109e-01
  7.6715876e-03
 -2.0772152e-01
  2.7742884e-01
 -7.5892538e-02
  3.5792674e-04
 -8.3469605e-01
  3.9747695e-04
 -1.2583724e-02
  3.0151379e-01
 -1.2245639e-02
  3.3620620e-01
  1.0270534e+00
 -1.3490558e-01
  6.3032877e-01
 -3.8821834e-01
 -8.6517292e-01
  7.9429781e-01
  2.4844484e-01
 -5.1610631e-01
  2.8370699e-01
  1.0824100e+00
  4.0715304e-03
 -7.3867706e-03
 -8.9962296e-03
 -4.2595463e-03
 -9.4995811e-04
  8.7996153e-04
  1.4338912e-04
  3.0781617e-03
 -3.5664700e-03
 -1.5059338e-03
  1.8622038e-03
  8.7737925e-03
  2.7816112e-03
  4.3515596e-03
 -6.9136154e-03
  2.1700982e-03
  2.7921549e-03
 -1.4111296e-03
 -2.1212953e-03
 -4.1754037e-04
 -5.1535005e-03
  1.0329796e-03
  2.5884381e-01
  4.3015438e-03
  8.3898421e-04
 -3.6882871e-04
 -3.6344717e-03
  4.0618144e-03
 -3.7486872e-03
  3.1908101e-04
  2.3015649e+00
 -4.1504177e-01
  3.1577113e-01
 -5.1470762e-01
 -1.3522143e-02
  1.1733636e-02
 -2.0459330e-01
 -2.4327835e-01
 -1.4175091e+00
  5.4388745e-03
  2.9439342e-01
  1.0244646e-02
 -3.3420688e-01
  4.8028186e-01
  4.4335407e-01
  3.1643475e-03
  8.8952738e-01
 -4.7358493e-03
  6.0903275e-01
  5.5884975e-01
  2.3691350e-01
 -9.3175121e-02
  3.6292395e-04
 -2.4513997e-02
  3.9009106e-01
 -4.3072114e-03
  6.5941145e-03
  1.0938626e-02
 -6.7028636e-01
  5.7924916e-03
  1.2097090e-03
  1.2833465e-02
 -5.4633140e-04
  2.0918968e-01
  1.1057241e-01
 -1.0448029e-02
 -3.4972241e-03
  1.3079543e-02
 -4.9729384e-02
 -1.1587130e-02
  1.1620540e-03
 -1.8861596e-04
  4.5172196e-02
  1.3894765e-03
  1.6947266e-03
  5.3120549e-03
 -9.3718525e-03
  9.9720515e-04
 -7.6789677e-02
 -3.9262967e-03
 -9.8499442e-03
 -2.1810005e-03
  4.9239299e-03
  1.2160230e-03
 -2.2547095e+00
 -6.8443613e-03
 -4.7571487e-03
  1.6481787e-03
 -5.6438684e-03
 -3.9262814e-03
 -3.2120750e-03
  1.6697620e-03
  1.6820887e-01
  7.3112619e-01
 -4.4396016e-01
 -4.6462668e-03
  1.7375568e-03
  4.0615192e-03
  1.3632421e-01
  3.6402517e-03
  2.0266692e-03
 -1.3140674e-03
  9.8504098e-03
  4.2182780e-03
 -8.6741485e-03
 -1.4176267e-02
  1.6924985e-03
  4.2953025e-04
 -9.4845123e-04
 -8.9118639e-03
  3.9015801e-03
  4.9198061e-02
 -9.0783291e-02
 -8.0099637e-03
 -1.0395650e-03
 -1.2714148e-02
  5.9847516e-01
 -4.6413504e-03
  1.4514681e-05
  1.1576888e-03
  1.9200220e-03
 -1.2492033e-03
  9.1398280e-04
  1.0227466e-03
 -3.6500186e-01
  3.5140747e-03
 -1.9076690e-03
  3.0222419e-04
 -1.6253398e-03
  1.5215906e-04
 -4.7653195e-04
 -8.1575243e-03
 -4.5612580e-03
  4.6537807e-03
 -3.9603328e-03
 -3.1761604e-03
 -1.3517345e-03
 -8.1930379e-04
  2.3781718e-03
  1.6882465e-03
 -1.7509896e-02
 -9.3140043e-02
 -1.2531533e-04
 -1.4973942e-03
 -9.8929163e-03
 -3.4811206e-03
 -9.0259372e-04
  1.8676675e-03
 -9.1050123e-04
 -2.9413884e-03
 -1.8998332e-03
 -2.9558364e-01
  9.8807160e-03
  6.9860712e-04
 -2.0942078e-03
 -3.6115630e-03
 -9.0503395e-03
 -5.7014036e-03
 -2.7618543e-03
  4.2063766e-03
  1.2486477e-02
  2.9642403e-03
  1.4380936e-02
  7.1649748e-04
  1.1003597e-02
 -3.6631906e-04
 -5.1005958e-03
 -1.5689401e-03
  2.3744626e-03
  1.1063996e-02
  8.4991881e-04
  1.3084887e-03
  1.3208662e-03
  3.8371366e-03
  2.2217303e-03
 -1.6926507e-04
  1.1016463e-03
  3.3549867e-03
 -5.4494529e-03
  1.8380940e-03
 -5.9801382e-01
  3.8737217e-01
 -3.1544837e-01
 -3.7004501e-01
 -1.8016064e-01
  7.8718114e-01
  1.3100985e+00
  8.1934583e-01
  8.1976068e-01
  2.6015046e-01
  2.8546605e-01
  2.5573739e-01
 -5.1300716e-01
  7.1614045e-01
 -9.6128316e-04
  5.5588263e-01
 -7.3846966e-01
 -4.8483168e-03
  4.2664137e-01
  2.9022503e-01
 -1.0039600e+00
 -6.2812066e-01
 -9.5939636e-01
  1.8581338e+00
  9.5449090e-01
 -4.9627341e-02
  3.3456661e-02
 -2.5425541e-01
  1.1812748e+00
 -2.8534434e-04
  1.2952287e+00
 -3.7925991e-01
  1.0611647e-02
 -1.5086331e+00
 -9.4703209e-01
  1.1345728e-02
 -4.7468044e-02
 -3.9014217e-01
  2.3565942e-01
  2.7478969e-02
  8.6507732e-03
 -5.2699801e-03
 -1.7822346e-01
 -9.1633993e-01
  4.1533085e-03
  6.0439651e-04
  1.3798447e-01
  1.5267554e-01
  1.8748093e-01
  4.8413700e-01
 -1.4729735e-02
 -4.8833452e-03
 -4.3036691e-03
  2.1782575e-02
  1.5440734e-01
 -5.5919960e-03
  6.1125164e-03
  3.7382720e-03
 -8.7157197e-02
 -1.6086011e-03
 -1.1456888e+00
  6.9100070e-01
 -1.8941430e+00
  1.2117172e+00
  6.6643232e-01
 -2.0586274e+00
 -1.8714610e-01
  8.7838376e-01
  6.1206001e-01
 -1.5544169e-01
 -1.4831860e+00
 -2.4721161e-02
  2.3705013e-01
 -7.2302496e-01
 -8.3609456e-01
  1.0548543e-02
 -1.1503980e+00
  5.7632279e-01
 -2.5707495e-01
 -3.8672802e-01
 -4.2445931e-01
 -6.8169332e-01
  1.3490404e-01
  8.7437093e-02
 -1.4504740e+00
  2.0967172e-01
 -2.3494238e-02
  3.8792613e-01
  2.1605838e-02
 -8.9638424e-04
 -2.1037289e-03
 -6.5213586e-03
  8.3118789e-03
 -5.6689128e-04
  9.7012576e-03
  1.0989639e-02
 -1.0388096e-02
 -1.7664965e-02
  2.8420335e-02
  3.9609214e-03
  1.1159495e-02
 -6.8044211e-03
 -2.1491733e-03
 -1.4081375e-03
  8.7196735e-04
 -1.2309883e-04
  2.0068273e-02
  1.5543872e-03
 -3.5559610e-03
  1.0691321e-02
  3.3211277e-03
  4.3702527e-04
 -5.3877411e-03
 -1.9505950e-04
  3.1953035e-03
 -1.0606279e-02
 -1.0592364e-03
 -2.4266304e-03
  3.7973742e-03
  2.6606582e-03
  2.7318529e-03
 -6.6542621e-03
  1.1569692e-02
 -1.4530931e-02
 -1.1137974e-02
  2.6540875e-03
  2.6120903e-04
  1.4067380e-04
  8.5365046e-03
  4.3249995e-02
  4.2931200e-03
  3.3857426e-04
  2.2783175e-03
  5.3208452e-02
  1.6482206e-04
 -4.4334638e-03
  3.0893043e-03
 -7.9310455e-05
 -1.7163198e-03
 -1.3205144e-03
  1.4369328e-01
  1.3758768e-03
 -5.1602544e-03
  2.9220686e-03
  5.3072451e-03
  1.1930086e-03
 -4.4932757e-03
 -3.0826364e-04
  1.9920708e-03
 -3.0177976e-03
 -1.1408536e-02
 -2.9990749e-02
 -3.6297531e+00
  1.8626412e+00
  1.5764498e+00
 -6.7814916e-01
 -2.0766084e+00
 -1.5164140e-01
 -6.7987698e-01
  2.3719786e-02
  4.8263445e-01
 -2.4702163e-01
  1.2625343e-01
 -1.7941916e-01
  3.5220876e-01
  3.9551097e-01
 -6.6087359e-01
 -6.1845082e-01
  1.5861456e-01
  2.3217934e-01
  1.2753022e+00
 -1.3912562e+00
 -1.1952486e+00
  5.7554049e-03
  3.8407975e-01
 -2.1345483e-01
  7.5616329e-03
  7.1222853e-04
 -5.4764408e-01
 -8.5914079e-03
 -2.6766427e-03
 -1.0140337e-02
 -1.2260043e-02
  1.4847884e-01
 -2.8256863e-01
 -5.7043888e-02
 -1.3718366e-02
 -1.1943173e-01
  6.1977684e-01
  2.4264371e-01
  1.1724693e-01
  6.2028687e-03
  1.8608484e-03
  5.3092238e-02
  1.3601344e-02
  1.1020239e-02
  2.3308476e-03
 -5.2516065e-03
 -1.0940462e-01
  2.8009150e-02
 -5.4496923e-03
 -6.0833449e-04
  3.7186365e-03
 -2.3871584e-01
  2.2208406e-02
  9.8644686e-01
  8.9191913e-04
 -1.7076605e-03
  2.1985245e-03
 -9.1945184e-03
 -1.4115950e-02
 -7.0397705e-01
 -3.7458695e-02
  3.6748755e-01
 -1.3870260e+00
  1.0058236e-03
 -6.0347710e-03
 -1.5364773e-02
 -5.3762776e-01
  9.3090034e-04
 -6.6913925e-02
  5.4307710e-03
  1.2503898e-04
 -1.1753434e+00
 -7.7540525e-03
 -2.4332212e-02
  3.4411009e-02
 -2.0424252e-04
 -1.7842181e+00
  7.3097989e-02
  1.1995248e-02
 -4.3863419e-04
  5.7997327e-02
 -1.1769503e-01
  4.9654424e-01
 -6.2254618e-04
 -7.7959290e-03
  2.2557182e-03
 -4.4354793e-01
  8.5299995e-05
 -1.0359938e-04
  1.3914462e-03
 -3.3075139e-03
  7.2772518e-02
  5.8350400e-03
  1.3033001e-02
 -1.5904990e-03
 -1.2217213e-02
 -8.1956713e-03
 -7.2546944e-04
 -1.8517023e-03
 -1.2453494e-02
  3.7414192e-03
  3.5805842e-03
  2.2025281e-03
 -1.0618003e-03
  1.4438683e-02
 -5.3132098e-05
 -2.5029548e-03
 -1.3940148e-03
  3.0536333e-03
 -7.6092943e-03
  7.1763447e-03
  1.4946373e-02
  1.0868307e-04
 -1.4393191e-03
 -4.3014716e-03
 -5.0003181e-04
  1.3634659e-03
 -1.9222607e-01
 -2.0654514e-03
  1.8791930e-03
 -1.6461416e-01
 -5.4685181e-01
  6.3648206e-01
 -6.4963778e-03
  3.6449748e-04
 -4.1075263e-02
 -5.2235980e-04
 -2.9263895e-03
 -1.8670995e-04
  2.5107615e-02
  3.3472108e-03
 -5.7712374e-03
 -7.9651335e-03
  1.3913346e-02
  1.7042629e-02
 -2.6548877e-03
 -1.6393118e-02
 -2.4489460e-03
 -3.4552556e-03
  9.8637398e-04
  4.0692315e-03
  6.8844445e-03
 -2.2859607e-02
 -8.5970468e-04
  1.0142639e-02
 -1.1842881e-03
 -7.8884372e-03
  2.8274308e-03
  4.8975348e-03
 -7.5417170e-03
 -7.1168481e-04
 -9.3609467e-03
  4.8190346e-01
 -1.4041942e-03
 -2.5154233e-03
 -1.7492464e-02
 -1.3575865e-03
  1.0696820e-02
 -2.5610831e-03
  1.5956822e-01
  8.5154461e-04
 -9.4260974e-03
  3.7615842e-03
 -9.8465325e-04
 -4.0791664e-01
  3.5019888e-04
  7.8474812e-04
  6.5505638e-04
 -6.5201981e-04
  3.9335638e-03
  7.7065240e-05
  3.3717169e-04
  1.1103551e-02
  2.4938900e-03
 -1.4613736e-02
  4.8800153e-04
 -7.5938524e-04
 -1.2983255e-03
  7.4794742e-05
  7.2791100e-02
 -8.4816015e-01
  1.7153452e-01
  1.7695742e+00
  3.4399203e-03
 -5.4109246e-03
 -7.7633344e-04
 -2.3660310e-01
 -2.4504866e-03
 -1.3746687e-03
 -2.2141237e-02
  3.0605642e-03
 -6.0642301e-03
 -2.9255382e-03
  9.5318459e-02
  7.7043455e-03
  5.1752841e-03
 -4.4433005e-02
 -5.2040233e-04
  1.2089001e-03
 -1.3346390e-01
 -5.0013703e-01
 -9.9779379e-01
 -4.7115836e-04
 -5.3986940e-03
 -4.9428865e-03
 -7.4754870e-03
 -3.5857125e-03
  1.0424239e-04
 -1.2247714e+00
  3.8021567e-01
 -1.0969541e+00
  1.4547570e-01
  1.9517546e+00
 -3.6907231e-03
 -1.7861518e-01
  2.5326661e-03
  6.6773945e-01
  3.1765349e-02
 -1.9415395e-03
 -6.5869867e-04
  3.4177718e-03
  2.3056962e-02
  3.1407534e-03
 -2.9066127e-02
 -2.4949643e-03
  5.1002726e-03
  1.4291073e+00
  8.0154644e-04
  2.1320160e-03
 -1.6508326e-02
 -3.5116877e-02
  4.8766825e-03
 -1.7736311e-03
 -5.2268370e-03
  4.5220247e-03
  2.6621707e-03
  8.5422806e-03
  1.9008562e-03
 -6.3354366e-02
  5.9750676e-01
 -1.1467997e+00
 -2.0488071e-01
 -6.9612396e-01
 -2.1257217e-01
 -1.6559488e+00
  3.7749904e-01
 -1.4706345e-01
 -1.5657420e-01
 -8.5818076e-01
 -1.8266839e+00
  9.2304396e-03
 -1.4701800e+00
 -6.8943493e-02
 -1.5249030e-02
 -8.1191994e-03
  6.2494522e-01
  4.3519312e-01
 -7.8579211e-01
 -4.4953212e-01
  2.0813642e-03
  1.1695489e-01
 -1.6175602e-02
 -5.8929300e-01
  4.1154012e-02
 -1.8347329e-01
  3.1948101e-03
 -1.7342327e-02
  9.8160412e-03
  7.4025983e-01
  2.3771392e-03
  1.3597018e-01
  5.1192045e-03
 -1.0051993e+00
 -2.3025463e-03
  1.2341136e-02
  2.5958996e-02
  5.9569408e-03
  2.8454578e-03
 -6.7742374e-03
 -4.8903783e-04
 -8.0162905e-02
  7.0251626e-01
 -1.6404320e-03
 -1.9234359e-02
 -1.1028211e-02
 -1.2044844e-02
  1.3025004e-02
  2.2108036e-03
  3.5520350e-03
  1.3278782e-02
  4.4299912e-01
 -2.3714039e-03
 -1.1849940e-03
 -7.0429343e-04
  1.2378109e-03
  2.1060256e-03
  1.0664074e-03
  2.7990791e-03
  7.0448440e-01
  2.3726782e-01
 -2.9948937e-02
  2.0265964e-01
  1.5216715e+00
 -2.7273314e-03
 -3.1524111e-04
  9.1277741e-02
  5.2356321e-02
 -6.1157472e-03
 -1.4136295e-01
  3.7293792e-02
  1.8114137e-02
  1.4854912e+00
 -1.5740022e-02
  3.3485505e-03
 -1.8372221e-01
 -8.7751187e-02
 -3.6773062e-01
 -2.6359692e-01
  6.4305696e-03
  5.8103623e-03
 -4.5712832e-03
 -7.6548636e-02
 -2.6703265e-03
  5.1216874e-02
  9.3432106e-03
  6.9696823e-04
  1.0135291e+00
  7.9200253e-02
  2.7969978e-03
 -1.8682415e-03
 -2.6794001e-03
 -6.1652256e-04
 -1.4134202e-03
  3.5919906e-03
  8.7050872e-04
 -1.1265586e-02
 -4.1093743e-05
 -1.1795848e-03
  2.5902395e-04
  4.5933253e-03
  9.2661940e-03
  4.2169187e-03
  1.9691367e-02
 -5.0702854e-03
 -8.8010821e-04
 -9.8243973e-04
  1.6259296e-03
 -3.8608543e-03
 -5.3185928e-03
 -1.6146577e-03
 -3.1686623e-03
 -6.5094791e-05
 -8.5444323e-04
 -4.7718764e-05
  5.8303954e-04
 -5.1220371e-03
  6.4151483e-03
 -2.5810844e-03
 -1.0855051e+00
 -4.3773422e-01
  1.9129778e+00
  1.1523933e+00
  5.8381110e-02
 -2.3822396e-03
  3.4582049e-01
  5.7230145e-02
  1.2724361e+00
  1.7051682e-03
 -3.5636067e-02
  2.7913582e-03
 -5.5930257e-04
  1.6311845e+00
 -9.4379120e-02
 -9.5656621e-01
  7.3301971e-02
  1.4200499e-02
  4.4681025e-01
 -2.8200778e-01
 -5.0068027e-01
 -1.5599665e-01
  3.1687945e-01
  1.8144158e-01
 -2.6722619e-01
  6.7215841e-03
 -3.7284077e-03
  6.3444482e-04
  1.0726131e-02
  6.4464952e-03
  1.3205430e-03
 -5.3807127e-04
  3.2157865e-01
  2.4761148e-03
 -9.2201126e-01
 -9.3232132e-02
  1.1317485e-01
  3.2411564e-02
 -2.9374459e-01
 -1.1967511e-03
 -7.9140915e-03
 -2.8470838e-03
 -1.0045625e-03
 -1.2454602e-01
 -5.2339952e-03
 -5.5438810e-04
 -1.9924080e-02
 -3.4698653e-03
 -1.1050504e-01
 -1.2254597e-04
 -1.1590192e-01
  9.8056728e-03
  8.7644756e-03
  2.2109868e-03
 -2.7915377e-03
  6.1910953e-03
 -2.8172332e-01
  5.4384745e-03
  2.1800546e-02
  6.1390935e-03
  1.2127484e-01
 -3.9259723e-04
 -2.4763704e-03
 -3.8208123e-02
  5.0842338e-03
 -4.6077854e-04
  1.9878633e-03
 -1.1049861e-02
  1.4069234e-03
 -3.0340310e-03
 -5.0606094e-03
 -2.6363931e-03
 -3.2315257e-03
 -7.1543190e-03
 -4.5988316e-04
 -7.5831404e-04
 -3.9651448e-05
 -1.1197105e-03
  2.2175884e-02
  7.6731555e-03
 -3.2362530e-03
 -8.4105070e-04
 -2.9702913e-03
  1.4535792e-04
  1.9898968e-02
  1.4201080e-03
 -2.9188497e-03
 -1.0976593e-02
  8.9143512e-05
  4.7072778e-03
  1.0358316e-02
  9.2860777e-03
  1.9955622e+00
  5.6924142e-02
 -9.3478389e-02
  4.3553222e-02
 -1.9028423e-03
  1.1302656e-02
  1.1205165e+00
  1.3351087e-02
  6.7891749e-03
  5.7068135e-04
 -4.2776819e-02
  1.3473074e-01
  4.1873562e-03
 -1.7348342e-01
  1.1387997e-02
 -1.0432569e-01
  1.5853013e+00
  2.8992204e-02
 -7.3408373e-02
  4.1104296e-01
 -1.0329286e-03
  5.9120387e-01
 -3.6707472e-05
  1.2145548e-02
 -1.2844058e-03
  2.2716024e-03
  3.2285053e-02
 -1.8720180e-04
  6.1417907e-02
  9.3565911e-01
 -5.6833214e-01
  9.7458571e-01
 -1.0544081e+00
 -5.6641493e-02
 -5.2308685e-01
 -2.9318530e-02
  7.5003481e-01
  1.6712118e-02
  3.1189227e-01
  2.4616278e-03
  6.8681970e-02
 -5.5578887e-01
 -5.2825529e-03
  4.4980007e-01
 -4.5156708e-01
  2.5699729e-01
  3.3075999e-02
  2.2657840e-01
  2.3198316e-01
 -8.3372466e-02
 -1.4578441e-01
 -9.5829874e-02
  6.9910131e-02
 -3.0947819e-03
  2.0690698e-03
 -1.5208255e-02
  9.3606353e-02
 -5.1932172e-03
 -2.5355732e-01
 -8.9901155e-03
  9.7426414e-01
  1.4749333e+00
  1.7254928e+00
 -8.1321271e-03
  2.2314056e-03
  1.2786059e-01
  4.8058532e-02
 -3.2783289e-02
 -7.2725019e-03
 -2.0446014e-02
  2.2376613e-03
 -1.9980970e-01
 -4.1029524e-02
 -3.5873952e-03
 -3.9209971e-01
 -5.1160846e-03
 -4.0455356e-01
 -6.6362410e-03
  3.2973439e-03
 -4.0428517e-03
  4.5706246e-02
 -2.9677058e-02
 -2.1700025e-02
  5.4524983e-03
  2.7412102e-03
  2.2610622e-03
 -1.7976096e-02
  8.7597640e-03
 -4.7481372e-03
  1.5593769e-03
  3.5948309e-01
 -1.1281686e+00
 -1.6970335e+00
 -3.0863267e-01
 -9.4122127e-02
 -2.3537746e-02
  2.8262414e-02
  1.2382663e-02
 -4.9447590e-03
  7.2361040e-01
 -8.3961163e-04
  7.5202686e-01
  1.6156495e-02
 -1.5535218e-03
  3.6918938e-01
 -1.2307597e+00
  4.2266633e-02
 -1.4826091e-03
 -1.2146067e-02
  2.2796679e-02
  8.0804550e-04
  7.2295717e-03
  6.5962866e-02
 -1.6220268e-02
  5.6735969e-01
 -5.1566558e-03
 -1.9148296e-02
 -1.5503388e-03
  6.8441932e-03
 -1.8295331e+00
 -1.1501886e-01
  1.0640720e-01
  4.8283143e-03
  4.0937524e-04
  4.2020491e-01
 -1.6010114e+00
 -3.2001462e-02
  1.7770954e-03
 -3.6080644e-01
  4.4471204e-01
  2.2604598e-03
 -5.7211208e-01
 -5.5474114e-01
  3.6208785e-01
 -5.3323130e-03
 -7.7684140e-01
  8.8510972e-01
  5.0879353e-01
 -8.7779902e-02
 -1.6504960e+00
  5.8435020e-03
  5.7065922e-01
 -3.3301672e-01
  7.0249841e-02
  1.2560886e+00
  6.1266583e-01
 -8.9174169e-01
  1.1052005e+00
 -3.0032469e-02
  4.7595367e-01
 -1.8748838e-01
 -2.8210226e-01
 -2.1068819e-03
  7.7265814e-02
  7.0809442e-01
  3.9408129e-01
 -9.9615192e-01
  1.8102880e-01
  1.7330605e-01
  1.3079625e+00
  2.5222757e-01
  7.1474868e-01
  1.0506080e-01
  8.4178394e-01
  1.5935344e-01
  1.8977639e-01
  1.6818410e+00
 -4.2275837e-01
 -2.8219935e-01
 -2.3164719e-01
 -3.5654842e-03
 -5.2190423e-01
 -6.5963918e-01
  9.1516323e-02
  2.4568614e-01
  1.0565557e+00
 -2.9428875e-01
  2.3973207e-01
  4.2610207e+00
 -1.4224347e-03
 -1.4453828e-01
 -1.8569890e-03
  4.9951577e-01
  1.1657392e+00
  3.2183947e-03
  4.1874770e-02
 -8.2524136e-02
 -1.3936791e+00
  1.5816669e+00
 -6.7958771e-04
  1.2726573e+00
 -7.1121258e-01
  1.0853567e+00
  1.3963115e+00
 -1.2749730e+00
 -7.5781532e-04
  3.4974453e-03
  3.6610451e-03
 -2.3574319e-02
  5.7169091e-02
  6.5192408e-03
  2.1391371e-03
  5.0604031e-03
  3.9208198e-01
  1.6366261e-01
  1.2558097e-02
 -8.0423343e-01
 -3.0718910e-02
 -5.0346579e-02
 -2.1169037e-02
  4.9867749e-01
 -3.2969032e-04
 -1.1763612e-02
 -1.2174611e-02
  2.0210695e-02
 -9.8537617e-05
 -4.6511283e-03
  3.7395945e-03
  8.9379221e-02
 -6.8096614e-01
 -8.2146442e-01
 -8.8640554e-03
  1.3492692e+00
  3.1400815e-01
  1.7589930e-01
  5.3795850e-01
  2.6194671e-01
  1.8343589e-01
  8.3137676e-04
  1.8410775e-03
 -8.5039341e-01
  2.3749994e-02
  1.4647156e-01
  3.4491308e-02
 -3.5145122e-01
  4.6314886e-01
  4.3802655e-01
  4.0367441e-03
 -2.5587964e-01
  1.4578745e+00
 -3.8589397e-01
 -9.3464673e-02
 -1.5112820e+00
 -1.4945245e-03
 -7.3984056e-03
  5.0745611e-03
 -5.5017550e-02
 -5.1286281e-03
  1.6167227e-03
  1.0531967e-02
 -1.9237334e-02
 -4.6348482e-01
 -2.6873800e-01
 -9.8526198e-03
 -2.5719962e+00
 -1.3089265e+00
  9.2252141e-01
 -9.2930490e-01
  9.0586525e-01
  4.6609953e-02
 -2.8703033e-03
 -5.5297714e-02
 -1.3323287e+00
 -4.8263830e-01
 -4.0006931e-03
 -1.5544269e-03
  1.8922074e-02
 -3.5965317e-01
 -1.1062793e+00
 -2.8859237e-03
 -8.6692601e-01
  8.0185491e-01
  4.7571802e-01
  5.9157342e-01
 -1.6635931e-03
 -5.8913673e-04
 -2.3459377e-02
 -3.3155731e-03
 -2.2767494e-02
  3.7138480e-01
  9.4686309e-04
  3.0511776e-01
 -3.7605855e-01
 -1.1818017e+00
  3.3116083e+00
 -1.5512158e-02
  9.2059344e-01
 -1.7516673e+00
 -3.1427747e-01
 -2.3935445e-02
  7.2694552e-01
  2.3415118e-01
 -1.1231302e-02
  1.3035948e-03
 -6.5774560e-01
  1.2012377e-01
 -2.6990257e-02
 -4.6804319e-03
 -3.8413134e-01
  1.6097839e+00
 -4.9173239e-01
 -4.6219493e-04
 -1.0527432e+00
  4.2728701e-01
 -3.6523691e-01
 -1.0839537e+00
 -7.8944892e-02
 -3.8824648e-02
 -3.8780621e-04
  6.6438131e-02
 -1.7046070e-01
  2.6803387e-03
  4.4285614e-02
 -2.4778733e-01
 -7.5164256e-03
  1.2978028e+00
 -3.2527974e-01
 -1.1570653e-02
 -3.0879011e+00
 -1.0517552e+00
 -2.9646346e-02
  2.0949287e+00
  1.1858926e+00
  4.1008517e-02
  4.7174457e-01
  4.1896218e-04
 -2.4672801e+00
  3.2534769e-01
 -2.5649646e-03
 -7.4663088e-02
 -1.9020535e+00
 -7.4024522e-01
 -7.5876504e-01
  3.5643280e-03
  6.4598703e-01
  8.9110750e-01
  1.5184869e+00
 -4.3581015e-01
 -5.6638068e-01
  3.5017289e-03
  1.2475648e-02
  2.4378174e-03
 -6.2125735e-02
 -1.3103604e-02
 -3.6193858e-04
 -1.6083034e-03
  1.8013996e-01
 -2.7139318e-01
 -1.2385300e-03
 -7.0413197e-03
 -1.4299693e+00
  1.4190198e-03
 -1.0680907e-02
 -1.2847286e-03
  2.7834330e-02
  1.5167941e-01
  1.2573070e-03
 -1.4974849e-01
  1.6901753e+00
  2.1002047e+00
  1.6389219e-01
 -5.7257926e-03
  2.5425521e-01
 -1.5225322e+00
 -6.0423970e-02
 -9.3865651e-04
  7.3270172e-01
  8.6926603e-01
 -4.3637538e-03
 -3.4426083e-03
  9.6231747e-01
  3.8047338e-01
 -1.1517896e-01
  3.1614229e-02
 -1.3812691e-02
 -5.4669225e-01
 -2.4367109e-02
 -5.2255383e-03
 -1.1973866e+00
  4.5801967e-01
  3.3613953e-01
  3.6022814e-03
 -4.7694963e-01
  1.5478020e+00
  2.2878008e-02
  5.7669871e-02
 -1.3596036e+00
 -5.2551660e-03
  3.4307931e-02
  5.1835231e-03
 -6.9328427e-02
  6.9732225e-01
  4.2748824e-02
  4.4928915e-03
  5.8772936e-02
  1.0246906e+00
  2.2825882e-01
  6.3144863e-03
  3.4195159e-02
 -2.5353423e-01
 -1.7988689e-02
 -1.3310699e-01
  3.0572772e-01
 -2.4248554e-01
 -1.3707878e-01
 -1.3408376e+00
 -5.3903836e-01
  5.9196795e-03
  6.9467515e-02
  7.1908482e-03
 -2.5542076e+00
  3.2168290e-01
  1.8006841e+00
  7.9543702e-03
  1.4609666e+00
  1.5966681e-01
 -9.8480523e-02
 -1.6248001e-01
  4.6888211e-01
 -6.7389552e-03
 -4.2390772e-03
 -1.1058806e+00
  5.6733161e-02
 -3.0136502e-01
  4.1308966e-03
 -1.5060279e-01
 -9.3598282e-01
 -4.4004893e+00
 -6.2535846e-01
 -3.8159310e-03
  4.2648220e-01
 -1.8101115e+00
  7.8126388e-05
  2.9103804e-01
  1.0904157e+00
  3.4174931e-01
 -4.3588307e-01
 -2.4136509e-01
 -5.2016908e-01
 -6.6064477e-01
  1.7214851e-02
  2.1296709e-03
  1.3549941e+00
 -5.4521292e-01
  5.8936530e-01
  1.1370854e-03
 -1.0564379e-01
 -4.3104827e-01
 -1.0047366e-01
 -7.8286327e-02
 -1.4195505e-02
  4.4402331e-01
 -9.9241780e-03
 -5.0506378e-03
 -2.2697376e-02
  6.5646237e-01
 -4.4699531e-02
  2.8583798e-01
 -5.2920594e-03
 -9.2897779e-01
  2.1841620e-01
  3.1513954e-03
 -3.1695787e-02
 -7.8640205e-01
 -4.4173457e-02
 -1.5359365e-03
  1.8612140e-01
 -5.7602865e-03
 -3.2550719e-02
  1.3340574e-03
 -3.8620651e-01
  7.7412623e-01
  3.6112372e-02
  7.0324545e-03
  1.0868644e+00
  6.5616816e-01
 -1.6232874e-02
  9.8643713e-03
  1.1691614e+00
  8.2105982e-01
  1.9424756e+00
  8.5225058e-01
 -3.1855190e-01
 -2.4328878e-02
 -9.7191438e-02
 -3.3493938e+00
  1.4332969e-01
  5.4765847e-03
  2.9214527e-03
  6.5853838e-03
  1.2603974e-01
 -3.8857090e-01
 -8.6161476e-03
  6.6322260e-02
  7.9774880e-01
  4.9806032e-01
  1.2967353e+00
  1.9321480e+00
 -7.0530552e-01
  1.0463999e-01
 -8.9271221e-04
  5.0204350e-03
 -5.3552181e-01
 -6.1168656e-02
  5.3281778e-01
 -4.2989774e-04
  7.5639211e-02
  6.8506226e-02
  1.3376709e-02
  2.2678164e-01
 -1.2767258e+00
 -1.2195160e+00
 -2.5924489e+00
 -2.9079726e-01
  1.6078303e+00
  8.8073278e-04
  2.6834181e-03
  7.1380037e-04
 -9.5853204e-01
  1.3422052e+00
  6.5008438e-01
  1.4540642e-01
  1.7499555e+00
  1.0898604e+00
 -2.5623071e+00
  4.8385467e-03
 -3.1392142e-01
 -5.6680363e-01
 -2.8997612e-01
  6.3064939e-01
 -1.7026403e+00
 -4.4938955e-03
 -2.9914798e-02
 -2.5542700e-03
  3.7228337e-01
  1.3399255e-02
  9.5788548e-03
 -3.1566496e-03
  5.0580651e-01
 -2.1525824e-01
  2.6045129e-01
  2.6528776e-01
  4.1181380e-01
  1.2581962e+00
  3.1637566e+00
  2.7830739e+00
 -2.3125470e+00
 -2.1750951e-01
  1.1505145e-01
  1.0959120e-01
  2.3467918e-01
  6.0756053e-03
  2.1519875e-02
  9.9040254e-04
 -8.1296635e-01
  2.4104337e-01
 -1.3887653e-01
  2.9096599e-03
 -1.4452044e+00
  1.3270056e-01
 -4.5604569e-01
 -1.4364769e+00
 -5.6691128e-01
  2.0428875e-01
 -2.9711958e-02
 -1.3700217e-01
 -2.2104587e-02
  1.1167612e+00
  1.6351992e+00
  1.8833819e-01
 -1.8093475e+00
 -1.5729580e+00
  6.2187696e-01
  1.8523604e-01
 -4.6790648e-01
  6.7993842e-02
 -4.9930385e-01
 -1.2265118e+00
  1.6226761e-01
  2.4257129e-01
 -6.0683192e-04
  5.4514047e-02
 -6.3131249e-01
 -8.6942641e-03
  3.8675044e-03
 -1.4578583e-02
  3.3575419e-01
 -2.8248045e+00
 -7.0507956e-01
 -4.8512421e-03
  6.8596250e-01
  9.1687419e-02
  1.4606224e-01
  6.1369938e-01
 -3.6017555e-01
  4.3679591e-02
  9.7342124e-03
 -4.4155277e-02
 -2.6389164e-01
  1.0538229e+00
  5.9901923e-02
  4.5035547e-01
 -2.2592670e-03
 -4.4299054e-01
 -2.9325195e-02
  2.4901092e-01
  9.6899480e-02
  6.8212712e-01
  1.0857435e+00
  2.9693658e+00
 -3.1109935e-01
  3.5958973e-01
  7.2485611e-02
  1.2786147e-01
 -1.1933042e+00
  5.4495341e-01
 -1.7304883e+00
  1.0353050e+00
  9.1037023e-01
  1.1954343e-01
  1.9457518e-01
  1.4999826e-02
  6.8113124e-01
 -1.0018516e+00
 -2.2647605e+00
 -1.9793452e-01
  1.3386557e+00
 -4.1835639e-04
  8.7260650e-03
  2.2414851e-03
 -2.1433651e-03
 -1.9609041e-03
 -7.7464851e-04
 -2.6987394e-02
  1.5437336e+00
 -1.1798766e-03
 -7.3697409e-03
  4.8793661e-03
 -2.5654605e-01
  6.3678831e-01
  6.1326694e-01
 -1.9795045e-02
  2.9416218e+00
 -1.4040833e-03
 -1.3822036e-04
  4.0007820e-03
  1.6952917e-02
 -7.3232049e-01
  3.9767167e-03
  1.2382141e-01
 -6.0671753e-01
  4.4115994e-02
  1.0367183e-02
  4.7361605e-02
 -5.8217168e-01
  1.8198268e+00
  2.1175809e-01
 -1.5749793e+00
  1.6393934e+00
  7.4788964e-01
 -4.8301056e-01
  2.2914040e-01
  8.4302753e-01
 -1.4395949e-01
 -9.5733738e-01
 -1.6772062e+00
  8.5897732e-01
 -2.9101357e-01
 -5.6468415e-01
  8.9831455e-03
 -3.1129283e-01
 -1.7764925e+00
  1.3423969e+00
  1.8609785e+00
 -8.7216890e-01
  4.3463743e-01
  1.5053767e-01
 -1.6081253e-03
 -1.1501447e+00
  7.3030144e-01
  1.5661848e-01
 -1.8386252e-01
  2.0247715e+00
  2.6553101e-03
  2.3294918e-02
 -1.0143786e-03
  8.1795686e-01
 -9.8828506e-01
 -1.7769833e-03
 -1.4964449e-01
 -1.7996363e-03
 -8.9104008e-03
 -3.6445029e-02
 -2.6876521e-01
  1.5149294e-01
  2.9382235e-01
 -1.2853768e+00
  1.3744913e-01
 -1.4812486e-01
  9.3984039e-05
  2.4698177e-04
 -4.4336444e-05
 -9.2349909e-02
  6.3942522e-01
 -4.2917839e-01
 -2.2307272e+00
  1.3736312e+00
 -1.0006246e-01
  1.6650446e-01
  2.4147513e-03
  3.8941634e-01
 -1.2078983e+00
 -4.0844351e-01
 -1.4940450e+00
 -1.2631503e+00
  1.3641021e+00
  2.0340988e-03
  1.0947372e-02
  1.2084002e-01
 -9.5864218e-01
 -1.4361632e+00
 -3.3651167e-01
  1.7385472e+00
  3.6361945e-01
  4.3803966e-01
  1.1112653e-01
 -1.3553518e+00
 -8.9073384e-01
  1.9228767e+00
  8.1897378e-01
  5.6934041e-01
  6.3063252e-01
 -2.6644343e-03
 -3.7576717e-03
 -2.3059358e-01
  1.3066537e+00
  3.1424910e-01
  4.0560234e-01
 -1.3299263e+00
  1.8184568e-01
 -4.2490697e-01
  2.1267854e-01
 -2.4788485e+00
 -1.2422670e+00
  1.1071792e-01
 -1.6684644e+00
  1.9222028e+00
 -4.3303674e-01
  5.5724360e-02
 -1.7904657e-03
  1.0313319e-01
  1.4570110e+00
 -1.7887372e+00
  5.0136298e-01
  2.8288400e-01
 -1.4747618e-01
  3.0329791e-01
  1.0141788e-02
  1.3173535e+00
 -9.2545003e-01
  1.8167652e-01
  5.8353436e-04
 -3.2080346e-01
 -9.8856723e-01
 -8.7982386e-01
  5.6880671e-03
 -1.9244736e-01
  1.5838466e+00
 -1.5557201e+00
 -1.0566375e+00
  7.0213985e-01
  3.0762514e-01
  4.5357019e-02
  1.8017815e-02
 -7.9528147e-01
  9.4491150e-03
  1.2677670e-01
  2.5295168e-01
 -7.5314975e-01
  2.6698289e-03
 -6.5912823e-03
 -3.2917345e-03
 -5.9119542e-04
 -6.7956966e-01
 -6.8112544e-04
 -3.7075529e-01
 -1.7495421e+00
 -1.7124732e-01
 -8.0775745e-02
 -8.5388787e-02
  4.6411544e-01
 -2.2942969e-01
 -6.3490200e-01
 -9.9344462e-01
 -4.4438395e-01
  6.8519644e-02
  1.9466598e-02
 -2.5618409e-03
 -1.0998838e-01
  9.0350926e-01
  3.1087944e-01
 -3.7458104e-01
 -3.6060005e-01
  1.6925606e-01
  3.1138370e-02
  1.0969377e-01
 -7.8671947e-02
  1.4112912e+00
  2.1009111e+00
  2.2262874e+00
 -1.7185143e+00
  2.6259739e-03
 -7.5743049e-01
 -4.4053136e-03
 -1.0102830e+00
 -3.1718802e-02
 -2.9617542e-01
 -1.0522368e+00
 -4.3702281e-01
  7.5699151e-01
  3.3827305e-01
  1.3529764e-01
 -1.9344375e+00
  3.3102530e-01
 -5.9827316e-01
 -7.2772816e-02
  1.2062493e-01
 -8.9025222e-02
 -4.3874513e-03
  5.9228681e-04
 -1.1056545e+00
 -1.1386673e+00
 -2.2295775e-02
 -1.1183047e+00
  8.3030534e-01
  1.7936836e-01
 -5.6111234e-01
 -3.4892893e-01
 -7.4805774e-02
 -1.5367048e+00
  2.5038579e-01
 -2.8641135e-01
  1.8189106e+00
  3.2856321e-01
  3.4924860e-03
 -1.2854992e-03
 -7.2664165e-01
 -3.2938781e+00
 -1.4978044e-01
 -2.1679564e-01
 -8.1358749e-01
 -6.1040116e-03
  8.9056499e-02
  8.2788324e-01
  6.5773612e-01
  3.3763239e-01
  1.9155391e+00
  1.2475802e+00
 -6.4461178e-01
 -3.6137919e+00
 -4.0489775e-01
  1.7633647e-02
  2.1233000e-01
 -3.5604332e-02
 -1.5185213e-02
 -1.0654866e-03
 -1.2751023e-01
 -2.5391448e-03
 -1.0412463e+00
 -4.4203103e-01
  6.4634524e-02
  2.3166852e+00
  3.7294990e-01
  1.3394920e-02
 -9.5781142e-01
 -1.3346177e-01
  8.6612971e-03
 -7.4262505e-05
 -1.2364221e-01
 -1.3526121e+00
 -2.4637649e+00
 -6.8199468e-01
  8.7931937e-01
 -3.5280131e-02
  5.4299310e-02
  2.3586456e-01
  1.4888412e-02
  1.1012298e+00
 -1.4617907e+00
 -1.6183796e+00
 -7.9070908e-01
 -9.9309796e-01
 -3.6233768e-01
  1.4517852e-03
  7.5602835e-01
  1.9880275e-01
 -1.7630430e-01
 -2.6204866e-01
 -3.5955998e-01
 -5.8273762e-01
 -5.2247578e-01
 -1.6026443e-01
  3.3373201e-01
 -5.6766063e-01
 -4.8562023e-03
  6.1043315e-03
 -8.8934589e-04
 -1.7647810e-01
 -1.2243418e+00
  3.5286846e-03
  1.6998555e-01
  1.5921687e+00
  1.6639507e+00
  5.6274336e-02
  3.9119059e-01
 -9.8187298e-02
  3.9993809e-03
 -1.7856174e-03
  3.3148332e-04
 -1.8428315e-03
 -3.6377795e-03
 -3.4897898e-03
 -5.9713976e-04
 -9.6230945e-03
  3.2022214e-03
  1.6691872e-03
  6.2883270e-01
 -1.7194763e+00
 -7.4879117e-02
 -1.0256318e+00
 -8.4745064e-03
 -2.2028296e-03
 -1.7179722e-01
 -3.2424393e-01
 -1.7123247e-02
 -1.9505497e-03
 -9.8465398e-07
  1.4101819e-03
  7.1996060e-04
  2.1094267e+00
 -1.0905893e+00
  4.8905523e-03
  1.8666610e+00
  3.5592124e-02
  4.8163828e-01
  2.7459626e+00
 -1.3687978e+00
 -4.0280762e-01
 -5.6690271e-03
  3.7597015e-03
  1.3503234e-01
 -3.7144574e-03
  7.9548254e-04
  2.9367716e-03
  1.5402021e-01
 -1.1400949e+00
 -6.8678552e-01
 -1.7388654e-03
  1.4298748e+00
 -8.4327090e-01
  1.7238945e+00
  2.9916281e-01
  5.8964783e-01
 -1.1361184e-02
 -1.9562128e-01
 -3.1636518e-01
 -1.9590330e-01
 -2.8871172e-03
  7.3069981e-03
  2.2098552e-03
  7.9445977e-04
  2.7403401e-03
 -8.5101759e-01
 -3.4967375e-03
  7.7763295e-01
 -9.1206205e-01
 -2.3463868e-01
 -6.6232783e-01
 -8.6835378e-01
  3.4469139e-02
 -1.5212415e-01
  3.0296354e-03
  6.7910117e-01
 -2.9272062e-01
 -9.7761787e-03
 -1.9312702e-03
  1.3369417e-01
 -6.8109339e-01
 -1.9277986e+00
  2.0615908e-03
 -1.1403081e+00
 -3.8397931e-02
  2.8978184e-01
  1.7481146e+00
 -1.5778316e+00
  2.4715836e-01
 -4.7800820e-03
 -1.3550499e-03
  1.0116588e+00
 -1.6383695e-03
 -8.4241590e-04
  1.5459823e-03
 -2.3395155e-02
 -1.9031154e+00
  3.2188934e-03
 -2.5304899e-01
 -5.2054129e-03
  6.6257453e-01
 -2.0779002e+00
  3.7114227e-01
 -1.8172210e+00
 -3.6862489e-02
 -2.8569314e-01
 -4.4922885e-01
  4.2031410e-01
 -3.7448585e-01
 -1.0355916e-03
  3.3789771e-03
 -7.9140579e-04
 -7.0289153e-01
 -1.7913326e+00
 -8.1458408e-03
 -5.6397158e-01
  6.0531449e-01
 -1.2893877e+00
 -1.0518003e+00
 -1.4048052e-01
  7.6833792e-02
 -1.6075780e-03
  4.4437312e-02
  2.8208783e-01
  4.1247075e-03
  5.5179673e-01
 -5.8320264e-04
  2.3246036e-01
  3.1761879e-01
 -2.2956640e-03
 -2.4130126e-02
  9.4301474e-01
  7.7673972e-02
 -9.9974269e-01
  4.3502980e-01
  4.8196289e-01
 -1.1432171e+00
  1.6895764e-02
 -7.9949170e-02
 -2.5622946e-01
 -1.4339643e+00
 -6.1737355e-02
  5.0706197e-02
  1.0896242e+00
  8.0496728e-02
 -1.1465986e-02
  1.8909591e+00
 -1.0281614e-01
 -8.1931806e-01
 -1.3242002e+00
 -1.8320128e+00
  7.2180903e-01
  5.7574413e-03
  2.3749690e-03
 -1.1737421e-02
 -2.7871755e-01
  6.2586102e-03
 -6.4576548e-03
  2.1899433e-03
  5.8628217e-04
  3.8986366e-02
  8.1663810e-02
  4.5711365e-01
  2.2265518e-03
 -4.8903823e-03
 -1.0275072e-03
 -7.3370987e-01
  4.3074738e-02
  2.4994320e-01
 -4.2707180e-03
 -1.4387205e-01
 -2.3992734e-01
 -1.3186972e-01
 -2.8229315e-02
  2.3533877e-02
  1.4124643e+00
  1.1147366e+00
 -1.2053964e-03
  1.2209630e-03
 -4.7853246e-01
 -3.3227924e-01
 -2.0678730e-01
  3.4477374e-01
  8.6559522e-01
 -1.0282229e+00
 -1.1598654e-02
 -2.4790007e-03
  6.2283069e-01
 -1.6072640e-01
 -1.8860399e-03
  9.2251291e-03
  1.5974991e-01
  2.5300729e-01
 -6.6608521e-03
 -7.2857500e-03
 -4.5374957e-01
  1.4585563e-02
 -5.2475154e-02
 -1.2469425e+00
 -4.0573910e-01
 -1.5273206e-02
  1.9399112e-03
 -3.6645409e-02
 -2.7234071e-01
 -6.7273438e-02
 -6.0462728e-02
  2.1622255e-02
  8.4639795e-04
  4.7443098e-01
  7.2209899e-05
  4.2344982e-04
 -6.2885463e-02
 -1.0640222e+00
 -2.6412981e+00
 -6.6924892e-02
 -3.1228197e-01
  8.1564033e-01
 -4.9904697e-02
 -6.8299681e-02
 -1.4729247e+00
  5.8595955e-01
  1.7713539e-03
 -1.8391157e-04
  9.0106022e-01
  5.7748610e-01
 -8.7184876e-01
 -1.7105036e-03
 -4.1494194e-01
 -6.7636448e-01
 -2.2424805e-01
 -6.3789964e-02
  2.3171225e-01
  4.1651163e-01
  2.5794210e-03
  4.5509832e-03
  1.0190099e+00
 -1.9724414e-01
 -2.3522511e-02
  2.7117052e-05
 -1.0592768e-01
  1.4503865e-01
 -1.1964093e-02
 -1.7446742e-03
 -1.3106877e+00
  2.8350568e-01
  8.3097786e-01
  3.8414818e-01
  6.1889923e-01
  4.0184408e-01
 -1.0928920e-02
 -1.2703741e-01
  1.2838258e+00
 -9.2140990e-01
 -1.1075135e-02
  2.5845477e-01
  1.8204141e-01
  3.0238831e-01
  1.6644275e-03
 -6.5086391e-03
 -2.2448106e-04
  7.5477874e-01
 -1.5478009e+00
  6.1537397e-01
  7.2852783e-03
  1.9245763e-01
  5.6038052e-03
  2.3763126e-03
  6.7155236e-01
 -1.1962650e-02
  1.5074401e-03
 -3.9721208e-04
  6.9303727e-01
  3.2206932e-03
 -2.1183230e-03
  1.2803924e-03
 -8.8694131e-01
  4.4178101e-01
 -8.0501765e-01
  9.7844398e-01
  2.0808518e-01
  2.6838797e-01
 -7.6896369e-02
 -2.5532001e-01
 -5.4493290e-01
 -4.2687005e-01
 -3.8601884e-03
  3.0684710e-01
 -1.7050364e+00
 -1.9706551e-04
 -6.6374871e-03
  1.2310728e-03
  4.2345703e-02
 -2.4650237e-02
  1.4084133e+00
  8.5086846e-01
 -3.8391939e-01
 -5.3278106e-04
 -1.2008287e-02
 -5.4594576e-03
 -2.6102419e+00
 -1.2513988e-03
  4.1100821e-03
 -1.1591295e-03
 -1.7240014e+00
 -1.6484651e-03
 -3.3084868e-04
 -6.1727762e-05
  3.6893417e-03
 -7.2628534e-01
  3.3771689e-03
  5.0420947e-02
 -1.4783704e-03
  3.4018826e-01
 -4.4323299e-02
 -2.0679285e-01
  5.3947914e-01
  4.1443101e-01
  1.0513801e-02
  3.6644834e-01
  5.1240200e-01
 -5.5857185e-02
 -5.5730180e-03
 -2.0682269e-03
 -2.0870885e-03
  4.8067424e-02
  4.5596099e-01
  1.6665274e-02
  1.9694840e+00
 -5.3358006e-01
 -5.4541603e-02
 -7.4412986e-03
  5.9752685e-01
  1.0009103e-01
 -3.5739809e-03
  1.4001499e-01
 -9.7281033e-01
 -2.4734168e+00
 -3.1789402e-03
 -1.7017156e-03
 -7.1934736e-01
  1.0604945e+00
  3.3615693e-01
  3.2956049e-02
  4.2282605e-01
  2.9571496e-02
  1.7764410e-03
 -3.5092104e-03
 -2.6382220e+00
 -4.2036161e-02
 -1.3362738e-02
  2.9458124e-02
 -9.0047065e-03
 -7.9952776e-02
  1.7965653e-03
  6.6789318e-05
  3.9754528e-01
  6.1159909e-01
 -3.9920090e-03
  1.4445575e+00
  3.0800858e-01
  2.8127080e-02
 -1.6291963e-01
 -2.5529534e-01
  1.2915155e+00
 -1.9254576e-01
  2.4543274e-02
  4.1269568e-01
  5.8011025e-01
  8.7691593e-01
 -4.3351165e-04
  7.5493712e-04
  1.3073315e-01
 -7.1007341e-01
  8.1056696e-01
  8.0897644e-02
  1.1403477e-01
 -5.7880111e-02
  3.1985377e-03
 -3.5237512e-03
  2.1121430e+00
  1.5597212e-01
 -4.0855166e-02
  1.2048130e-03
  1.0880385e-01
 -1.1913540e-02
 -1.9538600e-02
  4.9917856e-03
  1.2063968e+00
 -8.2403213e-01
 -3.8968796e-01
  5.6459057e-01
 -5.1237744e-01
  1.6330846e-01
 -7.1398085e-03
  8.2596618e-01
  7.1430993e-01
  5.5983013e-01
  2.8020424e-01
  5.2610373e-01
  3.9461815e-01
 -6.5382784e-03
  3.1771283e-03
 -2.1354454e-03
 -3.7042266e-01
 -4.3127409e-01
 -4.8170143e-01
 -1.2187614e+00
 -8.5084540e-01
  2.1461229e-01
 -1.0843126e-01
  6.8554139e-01
 -1.8696686e+00
  6.0409129e-01
 -3.3509335e-01
  1.2295501e-02
  3.3124593e-01
  4.8502910e-01
 -1.3241942e-04
 -2.2500848e-04
 -7.8566903e-01
  6.4348495e-01
  1.9918125e-02
  1.2405761e+00
  2.0789967e-01
 -1.4016051e+00
 -2.2457393e-03
  8.6255240e-01
  5.6460682e-02
 -6.1412275e-01
  2.0663738e-03
 -1.7081378e-01
  1.5843549e+00
 -1.1191217e+00
  6.5225983e-01
 -1.4650952e-02
 -1.8990816e-01
  1.1903903e+00
  2.7696058e-01
 -3.0613320e+00
 -5.9269941e-01
 -1.4572533e-02
 -2.9409947e-03
 -1.3921817e-03
 -5.5670094e-02
  6.0182298e-04
  1.6836656e-03
  5.0048862e-04
  6.6841650e-01
  6.1318637e-03
  1.3765602e-03
  3.9800708e-03
 -2.2151487e+00
 -2.5607166e-01
  9.3758173e-02
 -3.7731335e-02
  8.9278191e-02
 -2.9855347e-01
 -7.6750602e-04
 -1.6446723e-02
 -8.6244181e-02
 -1.1424841e-01
  8.6909895e-05
 -1.7316334e-01
  2.2725500e-03
  1.7072195e-01
  7.1791047e-01
  9.8134403e-04
 -1.1760200e-01
 -6.7264855e-01
 -3.9729604e-01
 -6.2516332e-02
 -8.2174003e-02
  7.4291253e-01
 -2.6563169e-03
  2.4992689e-01
 -2.5094262e-01
 -2.4939969e-01
  5.8599669e-03
 -2.4829281e-03
 -1.3056239e+00
  7.9243844e-03
  4.7265883e-03
  7.7124877e-04
 -1.2435118e+00
 -3.6898544e-01
 -2.7110031e+00
  2.2286482e-01
  1.6232173e-01
 -4.6364206e-01
  1.1341736e-03
  5.9745656e-03
 -1.4872535e-01
 -6.8397948e-04
  2.8559233e-03
 -1.2583649e-03
  2.1158481e-01
  6.5100926e-01
  6.0033309e-01
 -1.8989732e-07
 -7.1819484e-01
  9.6593536e-03
 -3.0139482e-02
 -1.6751027e+00
 -1.2036555e+00
  7.4066883e-01
 -4.9290666e-03
 -5.8289504e-01
  2.1527320e-01
 -2.4643692e-01
 -5.7340819e-01
 -9.9680729e-02
 -3.2725513e-01
  9.2407286e-01
  1.4973546e-02
  2.7839656e-03
  1.1439075e+00
  5.4123181e-01
  4.0875677e-02
  7.2487336e-01
 -1.2902614e-01
 -8.6866534e-01
  2.2363685e-02
  1.1141248e+00
 -1.6448893e-02
  1.9932452e-04
  7.6432778e-03
  3.6154117e-03
  1.5180725e+00
  7.0871359e-01
  2.6815212e-01
  1.3764588e-03
 -4.0519041e-01
 -6.9916266e-01
 -1.8198680e+00
  2.0720513e+00
  8.0792785e-01
 -8.4766006e-01
 -5.6190383e-01
 -1.1845855e-01
  4.3212065e-01
 -2.0253812e-01
 -1.0376275e-03
 -2.0999716e-01
  4.8856583e-01
  5.5120657e-03
  3.2620237e-03
 -1.4511989e-03
 -1.0693113e+00
 -9.0261918e-01
 -1.1234527e+00
 -3.1648417e+00
  1.6084927e+00
 -5.1882929e-01
  3.0460916e-03
  1.7009125e+00
  3.2790729e-01
 -1.0243481e-01
 -5.1453250e-04
 -1.6332703e-03
 -1.4744945e-01
  2.2648288e-02
  3.7597448e-01
 -1.2158407e-03
 -3.2734579e-01
 -7.6524085e-01
  1.7436880e+00
  4.0623048e-01
  1.1542256e+00
 -1.5248123e+00
 -2.1212637e+00
 -1.4383227e-01
  6.3072920e-02
 -1.0438889e+00
 -3.9487984e-03
  9.0479136e-01
  2.9412702e-01
 -5.2016447e-03
 -1.4282337e-03
 -6.2927651e-01
  7.1388686e-01
  1.7038785e+00
 -1.0142852e+00
  8.6939573e-01
 -8.5134029e-01
 -2.8283948e-03
 -1.6810000e-02
 -1.6151160e-03
  1.8307908e-01
 -2.7973470e-03
 -2.9424820e-03
 -1.2290968e-01
  4.2110076e-03
  5.6875669e-03
 -2.4536796e-04
 -2.4000697e-03
  1.9086475e-03
  4.5991454e-02
 -8.8286949e-03
  1.0300114e-01
  3.8844642e-01
  9.8766275e-02
  1.8519873e-02
 -3.4214586e-03
  9.9370593e-01
  2.6913653e-03
 -1.3735705e-03
  6.8451995e-01
  2.0628732e-01
 -1.2249080e-01
 -4.3874318e-03
  3.3419316e-03
  3.0565246e-03
 -1.0155079e+00
  8.2756132e-01
 -2.2343178e-01
  8.5516685e-01
 -8.2756519e-01
 -4.4985974e-01
 -2.5210655e-01
 -3.9857868e-02
 -4.7605631e-01
 -1.2337471e-03
  2.8072655e-01
  2.1192111e-01
  1.6409208e-03
 -1.5244450e-04
 -5.4801774e-01
  4.9051777e-01
 -5.6491643e-01
  2.1502580e-01
 -1.7549329e-01
  2.6888180e+00
 -2.7350062e-01
  2.1147253e-01
  3.9198256e-01
  5.3060311e-01
 -9.5310621e-03
  2.0932681e-03
  5.0185326e-02
  5.4569113e-01
  1.6093753e-01
 -2.1158862e-03
  2.2493144e-03
 -1.5685369e-01
  9.7448492e-01
  1.0774921e+00
  1.1823064e-03
  2.6507938e-01
  9.0156180e-01
 -1.0482596e-02
 -9.0324956e-01
  6.2291604e-01
 -1.5112764e-02
  5.2239114e-01
  1.0177726e+00
 -6.5878080e-03
  2.6246777e-04
  1.3883492e-04
  1.4533063e-03
  2.9181406e-01
  1.8656569e+00
  4.9678078e-01
 -8.0097753e-01
 -1.6611630e+00
  7.2173917e-01
 -1.0997908e+00
 -1.8794906e-01
  5.1041001e-01
 -1.9712418e-01
 -1.1113444e-03
 -7.2569349e-03
  5.2082354e-01
  1.9897282e-02
 -2.3028263e-04
  7.9065086e-03
  1.2229369e+00
 -4.0981156e-01
 -9.9852973e-01
 -7.8721829e-03
  8.3687353e-01
  2.1556553e-01
  3.0554992e-01
  3.1093439e-01
 -4.6227303e-01
 -3.0814368e-01
  1.9808882e-03
  9.6536475e-01
  4.9023640e-01
  2.7056327e-01
 -2.5565594e-01
 -9.5938070e-04
 -9.4874984e-01
 -2.1597579e+00
 -1.8908108e+00
 -8.3028597e-01
  7.1217167e-01
  1.3739613e-02
 -9.0467286e-01
  1.6749658e-01
 -2.7746630e-01
  1.5567496e-01
 -2.0194021e-03
  2.2600840e-03
 -1.7154446e-01
 -9.7233756e-03
  1.3939976e-02
  6.2465941e-04
 -1.5329758e+00
 -1.5391278e+00
  4.2630773e-02
 -1.0191572e+00
  1.0200672e+00
  4.6828941e-02
  4.6828941e-02
  4.6828941e-02
  4.6828941e-02
  4.6828941e-02
  2.1365465e-01
  2.1365465e-01
  2.1365465e-01
  2.1365465e-01
  2.1365465e-01
  1.1238880e-01
  1.1238880e-01
  1.1238880e-01
  1.1238880e-01
  1.1238880e-01
  5.4988891e-02
  5.4988891e-02
  5.4988891e-02
  5.4988891e-02
  5.4988891e-02
  1.6587451e-02
  1.6587451e-02
  1.6587451e-02
  1.6587451e-02
  1.6587451e-02
  1.3821524e-01
  1.3821524e-01
  1.3821524e-01
  1.3821524e-01
  1.3821524e-01
